       time             b_x              b_y              b_z              F_x              F_y              F_z
  0.00000000e+00   7.14077857e-07   5.33278800e-07  -2.56982187e-07  -3.55462938e-18   6.32717924e-18   3.25263177e-18
  8.00000000e-08  -2.77932626e-07  -2.05670216e-07  -3.04641971e-06   1.55076052e-17  -2.20640346e-18  -1.26583935e-18
  1.60000000e-07   0.00000000e+00   0.00000000e+00  -3.78281406e-07   1.70007800e-18   3.08168491e-20  -2.71276438e-41
  2.40000000e-07   0.00000000e+00   0.00000000e+00  -1.97919775e-06   8.89493943e-18   1.61289617e-19  -7.42127454e-40
  3.20000000e-07   0.00000000e+00   0.00000000e+00  -7.65501291e-07   3.44032664e-18   6.24065614e-20  -1.11044477e-40
  4.00000000e-07   0.00000000e+00   0.00000000e+00  -2.30419957e-06   1.03555653e-17   1.87888056e-19  -1.00558720e-39
  4.80000000e-07   0.00000000e+00   0.00000000e+00  -1.14929981e-06   5.16519818e-18   9.37600963e-20  -2.50272768e-40
  5.60000000e-07   0.00000000e+00   0.00000000e+00   4.73693673e-08  -2.12888018e-19  -3.86488153e-21  -4.22359572e-43
  6.40000000e-07   0.00000000e+00   0.00000000e+00  -2.93757125e-06   1.32020684e-17   2.39785656e-19  -1.63443815e-39
  7.20000000e-07   0.00000000e+00   0.00000000e+00  -3.38113638e-07   1.51955430e-18   2.76061863e-20  -2.16740449e-41
  8.00000000e-07   0.00000000e+00   0.00000000e+00  -1.90223090e-06   8.54902778e-18   1.55353754e-19  -6.85531949e-40
  8.80000000e-07   0.00000000e+00   0.00000000e+00  -7.16363561e-07   3.21948887e-18   5.85270114e-20  -9.72477723e-41
  9.60000000e-07   0.00000000e+00   0.00000000e+00  -1.94400723e-06   8.73677792e-18   1.58848443e-19  -7.15758947e-40
  1.04000000e-06   0.00000000e+00   0.00000000e+00  -1.09137643e-06   4.90487481e-18   8.92187698e-20  -2.25683261e-40
  1.12000000e-06   0.00000000e+00   0.00000000e+00   7.77134903e-08  -3.49260729e-19  -6.35362148e-21  -1.13970326e-42
  1.20000000e-06   0.00000000e+00   0.00000000e+00  -2.56609679e-06   1.15325760e-17   2.09871794e-19  -1.24719050e-39
  1.28000000e-06   0.00000000e+00   0.00000000e+00  -2.98969791e-07   1.34363268e-18   2.44581351e-20  -1.69476380e-41
  1.36000000e-06   0.00000000e+00   0.00000000e+00   8.53499052e-07  -3.83580278e-18  -6.98357949e-20  -1.37940753e-40
  1.44000000e-06   0.00000000e+00   0.00000000e+00  -6.68422807e-07   3.00403118e-18   5.47110787e-20  -8.46688451e-41
  1.52000000e-06   0.00000000e+00   0.00000000e+00  -1.59871522e-06   7.18495854e-18   1.30874268e-19  -4.84062599e-40
  1.60000000e-06   0.00000000e+00   0.00000000e+00  -1.03482141e-06   4.65070197e-18   8.47430123e-20  -2.02901170e-40
  1.68000000e-06   0.00000000e+00   0.00000000e+00   1.07118527e-07  -4.81412847e-19  -8.77345525e-21  -2.16772693e-42
  1.76000000e-06   0.00000000e+00   0.00000000e+00  -2.20968860e-06   9.93079756e-18   1.81020590e-19  -9.24788881e-40
  1.84000000e-06   0.00000000e+00   0.00000000e+00  -2.60935059e-07   1.17269599e-18   2.13830583e-20  -1.29112895e-41
  1.92000000e-06   0.00000000e+00   0.00000000e+00   8.64662342e-07  -3.88597083e-18  -7.08642029e-20  -1.41574443e-40
  2.00000000e-06   0.00000000e+00   0.00000000e+00  -6.21766612e-07   2.79434708e-18   5.09716586e-20  -7.32631029e-41
  2.08000000e-06   0.00000000e+00   0.00000000e+00  -1.26804299e-06   5.69884580e-18   1.03968652e-19  -3.04515991e-40
  2.16000000e-06   0.00000000e+00   0.00000000e+00  -2.33445181e-06   1.04915054e-17   1.91451425e-19  -1.03217633e-39
  2.24000000e-06   0.00000000e+00   0.00000000e+00   1.35519496e-07  -6.09052377e-19  -1.11165137e-20  -3.47170717e-42
  2.32000000e-06   0.00000000e+00   0.00000000e+00  -1.86806501e-06   8.39546660e-18   1.53247928e-19  -6.60931105e-40
  2.40000000e-06   0.00000000e+00   0.00000000e+00  -2.24075810e-07   1.00704244e-18   1.83888750e-20  -9.52268471e-42
  2.48000000e-06   0.00000000e+00   0.00000000e+00   8.75119102e-07  -3.93296388e-18  -7.18192426e-20  -1.45021055e-40
  2.56000000e-06   0.00000000e+00   0.00000000e+00  -5.76467026e-07   2.59076030e-18   4.73197510e-20  -6.29781614e-41
  2.64000000e-06   0.00000000e+00   0.00000000e+00  -9.51676102e-07   4.27702612e-18   7.81320425e-20  -1.71511391e-40
  2.72000000e-06   0.00000000e+00   0.00000000e+00  -1.99419626e-06   8.96232351e-18   1.63744627e-19  -7.53204299e-40
  2.80000000e-06   0.00000000e+00   0.00000000e+00   1.62864182e-07  -7.31944688e-19  -1.33763725e-20  -5.01600846e-42
  2.88000000e-06   0.00000000e+00   0.00000000e+00  -1.54091054e-06   6.92516476e-18   1.26555362e-19  -4.49692669e-40
  2.96000000e-06   0.00000000e+00   0.00000000e+00  -2.56871464e-06   1.15443237e-17   2.11042647e-19  -1.24974633e-39
  3.04000000e-06   0.00000000e+00   0.00000000e+00   8.84836587e-07  -3.97663475e-18  -7.26981019e-20  -1.48261213e-40
  3.12000000e-06   0.00000000e+00   0.00000000e+00  -2.11603379e-06   9.50988371e-18   1.73881569e-19  -8.48059828e-40
  3.20000000e-06   0.00000000e+00   0.00000000e+00   5.37828418e-07  -2.41710952e-18  -4.42027430e-20  -5.47651816e-41
  3.28000000e-06   0.00000000e+00   0.00000000e+00  -1.66834663e-06   7.49788654e-18   1.37122672e-19  -5.27157182e-40
  3.36000000e-06   0.00000000e+00   0.00000000e+00   1.89112139e-07  -8.49908050e-19  -1.55477890e-20  -6.76490144e-42
  3.44000000e-06   0.00000000e+00   0.00000000e+00  -1.22788169e-06   5.51834785e-18   1.00939139e-19  -2.85533888e-40
  3.52000000e-06   0.00000000e+00   0.00000000e+00  -2.23252789e-06   1.00334293e-17   1.83586364e-19  -9.44014327e-40
  3.60000000e-06   0.00000000e+00   0.00000000e+00   8.93786813e-07  -4.01685769e-18  -7.34984470e-20  -1.51277275e-40
  3.68000000e-06   0.00000000e+00   0.00000000e+00  -1.79263911e-06   8.05648039e-18   1.47430864e-19  -6.08638012e-40
  3.76000000e-06   0.00000000e+00   0.00000000e+00   5.54907890e-07  -2.49386742e-18  -4.56448848e-20  -5.83002540e-41
  3.84000000e-06   0.00000000e+00   0.00000000e+00  -1.35654995e-06   6.09660780e-18   1.11580160e-19  -3.48518549e-40
  3.92000000e-06   0.00000000e+00   0.00000000e+00   2.14232301e-07  -9.62802875e-19  -1.76261902e-20  -8.68314257e-42
  4.00000000e-06   0.00000000e+00   0.00000000e+00   1.24409075e-06  -5.59119325e-18  -1.02347407e-19  -2.93121268e-40
  4.08000000e-06   0.00000000e+00   0.00000000e+00  -1.91056193e-06   8.58644776e-18   1.57209460e-19  -6.91353528e-40
  4.16000000e-06   0.00000000e+00   0.00000000e+00   9.01950688e-07  -4.05354684e-18  -7.42215235e-20  -1.54054909e-40
  4.24000000e-06   0.00000000e+00   0.00000000e+00  -1.48317122e-06   6.66566824e-18   1.22048026e-19  -4.16624771e-40
  4.32000000e-06   0.00000000e+00   0.00000000e+00   5.71014834e-07  -2.56625477e-18  -4.69960670e-20  -6.17353498e-41
  4.40000000e-06   0.00000000e+00   0.00000000e+00  -1.05842713e-06   4.75678308e-18   8.71098453e-20  -2.12156505e-40
  4.48000000e-06   0.00000000e+00   0.00000000e+00   2.38203493e-07  -1.07053404e-18  -1.96080457e-20  -1.07366174e-41
  4.56000000e-06   0.00000000e+00   0.00000000e+00   1.24356462e-06  -5.58882766e-18  -1.02361494e-19  -2.92874812e-40
  4.64000000e-06   1.42659086e-07   1.34099595e-07  -1.45977925e-06   5.37626076e-18   1.38003353e-18   6.52176952e-19
  4.72000000e-06   4.32820561e-15  -7.75112852e-15  -1.62763585e-07   7.31491591e-19   1.33987270e-20   1.88137338e-26
  4.80000000e-06   4.87732906e-07   4.62371192e-07   1.41225895e-06  -1.04303192e-17   4.19106860e-18   2.23003050e-18
  4.88000000e-06   0.00000000e+00   0.00000000e+00  -2.13330743e-06   9.58749574e-18   1.75641698e-19  -8.61968451e-40
  4.96000000e-06   0.00000000e+00   0.00000000e+00  -7.73594924e-07   3.47668504e-18   6.36925751e-20  -1.13325427e-40
  5.04000000e-06   0.00000000e+00   0.00000000e+00  -1.71750621e-06   7.71880449e-18   1.41420470e-19  -5.58688501e-40
  5.12000000e-06   0.00000000e+00   0.00000000e+00  -3.07367355e-07   1.38136820e-18   2.53105401e-20  -1.78922224e-41
  5.20000000e-06   0.00000000e+00   0.00000000e+00  -1.93861573e-08   8.71251302e-20   1.59645987e-21  -7.14112258e-44
  5.28000000e-06   0.00000000e+00   0.00000000e+00  -2.10600175e-07   9.46477809e-19   1.73429083e-20  -8.39902352e-42
  5.36000000e-06   0.00000000e+00   0.00000000e+00  -4.44867246e-07   1.99931917e-18   3.66368109e-20  -3.74831615e-41
  5.44000000e-06   0.00000000e+00   0.00000000e+00   1.34313297e-07  -6.03629849e-19  -1.10614674e-20  -3.41568408e-42
  5.52000000e-06   0.00000000e+00   0.00000000e+00  -1.89134431e-07   8.50006588e-19   1.55766471e-20  -6.77813992e-42
  5.60000000e-06   0.00000000e+00   0.00000000e+00   4.91271990e-08  -2.20787099e-19  -4.04614473e-21  -4.56616293e-43
  5.68000000e-06   0.00000000e+00   0.00000000e+00  -2.52799531e-07   1.13612981e-18   2.08207442e-20  -1.21027954e-41
  5.76000000e-06   0.00000000e+00   0.00000000e+00  -7.04793253e-08   3.16747660e-19   5.80516401e-21  -9.42500440e-43
  5.84000000e-06   0.00000000e+00   0.00000000e+00   6.99889896e-07  -3.14544002e-18  -5.76449359e-20  -9.27729808e-41
  5.92000000e-06   0.00000000e+00   0.00000000e+00  -2.24681831e-06   1.00976332e-17   1.85115068e-19  -9.56216018e-40
