       time             b_x              b_y              b_z              F_x              F_y              F_z
  0.00000000e+00   0.00000000e+00   0.00000000e+00   0.00000000e+00   0.00000000e+00   0.00000000e+00   0.00000000e+00
  8.00000000e-08   0.00000000e+00   0.00000000e+00   0.00000000e+00   0.00000000e+00   0.00000000e+00   0.00000000e+00
  1.60000000e-07   0.00000000e+00   0.00000000e+00   0.00000000e+00   0.00000000e+00   0.00000000e+00   0.00000000e+00
  2.40000000e-07   0.00000000e+00   0.00000000e+00   0.00000000e+00   0.00000000e+00   0.00000000e+00   0.00000000e+00
  3.20000000e-07   0.00000000e+00   0.00000000e+00   0.00000000e+00   0.00000000e+00   0.00000000e+00   0.00000000e+00
  4.00000000e-07   0.00000000e+00   0.00000000e+00   0.00000000e+00   0.00000000e+00   0.00000000e+00   0.00000000e+00
  4.80000000e-07   0.00000000e+00   0.00000000e+00   0.00000000e+00   0.00000000e+00   0.00000000e+00   0.00000000e+00
  5.60000000e-07   0.00000000e+00   0.00000000e+00   0.00000000e+00   0.00000000e+00   0.00000000e+00   0.00000000e+00
  6.40000000e-07   0.00000000e+00   0.00000000e+00   0.00000000e+00   0.00000000e+00   0.00000000e+00   0.00000000e+00
  7.20000000e-07   0.00000000e+00   0.00000000e+00   0.00000000e+00   0.00000000e+00   0.00000000e+00   0.00000000e+00
  8.00000000e-07   0.00000000e+00   0.00000000e+00   0.00000000e+00   0.00000000e+00   0.00000000e+00   0.00000000e+00
  8.80000000e-07   0.00000000e+00   0.00000000e+00   0.00000000e+00   0.00000000e+00   0.00000000e+00   0.00000000e+00
  9.60000000e-07   0.00000000e+00   0.00000000e+00   0.00000000e+00   0.00000000e+00   0.00000000e+00   0.00000000e+00
  1.04000000e-06   0.00000000e+00   0.00000000e+00   0.00000000e+00   0.00000000e+00   0.00000000e+00   0.00000000e+00
  1.12000000e-06   0.00000000e+00   0.00000000e+00   0.00000000e+00   0.00000000e+00   0.00000000e+00   0.00000000e+00
  1.20000000e-06   0.00000000e+00   0.00000000e+00   0.00000000e+00   0.00000000e+00   0.00000000e+00   0.00000000e+00
  1.28000000e-06   0.00000000e+00   0.00000000e+00   0.00000000e+00   0.00000000e+00   0.00000000e+00   0.00000000e+00
  1.36000000e-06   0.00000000e+00   0.00000000e+00   0.00000000e+00   0.00000000e+00   0.00000000e+00   0.00000000e+00
  1.44000000e-06   0.00000000e+00   0.00000000e+00   0.00000000e+00   0.00000000e+00   0.00000000e+00   0.00000000e+00
  1.52000000e-06   0.00000000e+00   0.00000000e+00   0.00000000e+00   0.00000000e+00   0.00000000e+00   0.00000000e+00
  1.60000000e-06   0.00000000e+00   0.00000000e+00   0.00000000e+00   0.00000000e+00   0.00000000e+00   0.00000000e+00
  1.68000000e-06   0.00000000e+00   0.00000000e+00   0.00000000e+00   0.00000000e+00   0.00000000e+00   0.00000000e+00
  1.76000000e-06   0.00000000e+00   0.00000000e+00   0.00000000e+00   0.00000000e+00   0.00000000e+00   0.00000000e+00
  1.84000000e-06   0.00000000e+00   0.00000000e+00   0.00000000e+00   0.00000000e+00   0.00000000e+00   0.00000000e+00
  1.92000000e-06   0.00000000e+00   0.00000000e+00   0.00000000e+00   0.00000000e+00   0.00000000e+00   0.00000000e+00
  2.00000000e-06   0.00000000e+00   0.00000000e+00   0.00000000e+00   0.00000000e+00   0.00000000e+00   0.00000000e+00
  2.08000000e-06   0.00000000e+00   0.00000000e+00   0.00000000e+00   0.00000000e+00   0.00000000e+00   0.00000000e+00
  2.16000000e-06   0.00000000e+00   0.00000000e+00   0.00000000e+00   0.00000000e+00   0.00000000e+00   0.00000000e+00
  2.24000000e-06   0.00000000e+00   0.00000000e+00   0.00000000e+00   0.00000000e+00   0.00000000e+00   0.00000000e+00
  2.32000000e-06   0.00000000e+00   0.00000000e+00   0.00000000e+00   0.00000000e+00   0.00000000e+00   0.00000000e+00
  2.40000000e-06   0.00000000e+00   0.00000000e+00   0.00000000e+00   0.00000000e+00   0.00000000e+00   0.00000000e+00
  2.48000000e-06   0.00000000e+00   0.00000000e+00   0.00000000e+00   0.00000000e+00   0.00000000e+00   0.00000000e+00
  2.56000000e-06   0.00000000e+00   0.00000000e+00   0.00000000e+00   0.00000000e+00   0.00000000e+00   0.00000000e+00
  2.64000000e-06   0.00000000e+00   0.00000000e+00   0.00000000e+00   0.00000000e+00   0.00000000e+00   0.00000000e+00
  2.72000000e-06   0.00000000e+00   0.00000000e+00   0.00000000e+00   0.00000000e+00   0.00000000e+00   0.00000000e+00
  2.80000000e-06   0.00000000e+00   0.00000000e+00   0.00000000e+00   0.00000000e+00   0.00000000e+00   0.00000000e+00
  2.88000000e-06   0.00000000e+00   0.00000000e+00   0.00000000e+00   0.00000000e+00   0.00000000e+00   0.00000000e+00
  2.96000000e-06   0.00000000e+00   0.00000000e+00   0.00000000e+00   0.00000000e+00   0.00000000e+00   0.00000000e+00
  3.04000000e-06   0.00000000e+00   0.00000000e+00   0.00000000e+00   0.00000000e+00   0.00000000e+00   0.00000000e+00
  3.12000000e-06   0.00000000e+00   0.00000000e+00   0.00000000e+00   0.00000000e+00   0.00000000e+00   0.00000000e+00
  3.20000000e-06   0.00000000e+00   0.00000000e+00   0.00000000e+00   0.00000000e+00   0.00000000e+00   0.00000000e+00
  3.28000000e-06   0.00000000e+00   0.00000000e+00   0.00000000e+00   0.00000000e+00   0.00000000e+00   0.00000000e+00
  3.36000000e-06   0.00000000e+00   0.00000000e+00   0.00000000e+00   0.00000000e+00   0.00000000e+00   0.00000000e+00
  3.44000000e-06   0.00000000e+00   0.00000000e+00   0.00000000e+00   0.00000000e+00   0.00000000e+00   0.00000000e+00
  3.52000000e-06   0.00000000e+00   0.00000000e+00   0.00000000e+00   0.00000000e+00   0.00000000e+00   0.00000000e+00
  3.60000000e-06   0.00000000e+00   0.00000000e+00   0.00000000e+00   0.00000000e+00   0.00000000e+00   0.00000000e+00
  3.68000000e-06   0.00000000e+00   0.00000000e+00   0.00000000e+00   0.00000000e+00   0.00000000e+00   0.00000000e+00
  3.76000000e-06   0.00000000e+00   0.00000000e+00   0.00000000e+00   0.00000000e+00   0.00000000e+00   0.00000000e+00
  3.84000000e-06   0.00000000e+00   0.00000000e+00   0.00000000e+00   0.00000000e+00   0.00000000e+00   0.00000000e+00
  3.92000000e-06   0.00000000e+00   0.00000000e+00   0.00000000e+00   0.00000000e+00   0.00000000e+00   0.00000000e+00
  4.00000000e-06   0.00000000e+00   0.00000000e+00   0.00000000e+00   0.00000000e+00   0.00000000e+00   0.00000000e+00
  4.08000000e-06   0.00000000e+00   0.00000000e+00   0.00000000e+00   0.00000000e+00   0.00000000e+00   0.00000000e+00
  4.16000000e-06   0.00000000e+00   0.00000000e+00   0.00000000e+00   0.00000000e+00   0.00000000e+00   0.00000000e+00
  4.24000000e-06   0.00000000e+00   0.00000000e+00   0.00000000e+00   0.00000000e+00   0.00000000e+00   0.00000000e+00
  4.32000000e-06   0.00000000e+00   0.00000000e+00   0.00000000e+00   0.00000000e+00   0.00000000e+00   0.00000000e+00
  4.40000000e-06   0.00000000e+00   0.00000000e+00   0.00000000e+00   0.00000000e+00   0.00000000e+00   0.00000000e+00
  4.48000000e-06   0.00000000e+00   0.00000000e+00   0.00000000e+00   0.00000000e+00   0.00000000e+00   0.00000000e+00
  4.56000000e-06   0.00000000e+00   0.00000000e+00   0.00000000e+00   0.00000000e+00   0.00000000e+00   0.00000000e+00
  4.64000000e-06   0.00000000e+00   0.00000000e+00   0.00000000e+00   0.00000000e+00   0.00000000e+00   0.00000000e+00
  4.72000000e-06   0.00000000e+00   0.00000000e+00   0.00000000e+00   0.00000000e+00   0.00000000e+00   0.00000000e+00
  4.80000000e-06   0.00000000e+00   0.00000000e+00   0.00000000e+00   0.00000000e+00   0.00000000e+00   0.00000000e+00
  4.88000000e-06   0.00000000e+00   0.00000000e+00   0.00000000e+00   0.00000000e+00   0.00000000e+00   0.00000000e+00
  4.96000000e-06   0.00000000e+00   0.00000000e+00   0.00000000e+00   0.00000000e+00   0.00000000e+00   0.00000000e+00
  5.04000000e-06   0.00000000e+00   0.00000000e+00   0.00000000e+00   0.00000000e+00   0.00000000e+00   0.00000000e+00
  5.12000000e-06   0.00000000e+00   0.00000000e+00   0.00000000e+00   0.00000000e+00   0.00000000e+00   0.00000000e+00
  5.20000000e-06   0.00000000e+00   0.00000000e+00   0.00000000e+00   0.00000000e+00   0.00000000e+00   0.00000000e+00
  5.28000000e-06   0.00000000e+00   0.00000000e+00   0.00000000e+00   0.00000000e+00   0.00000000e+00   0.00000000e+00
  5.36000000e-06   0.00000000e+00   0.00000000e+00   0.00000000e+00   0.00000000e+00   0.00000000e+00   0.00000000e+00
  5.44000000e-06   0.00000000e+00   0.00000000e+00   0.00000000e+00   0.00000000e+00   0.00000000e+00   0.00000000e+00
  5.52000000e-06   0.00000000e+00   0.00000000e+00   0.00000000e+00   0.00000000e+00   0.00000000e+00   0.00000000e+00
  5.60000000e-06   0.00000000e+00   0.00000000e+00   0.00000000e+00   0.00000000e+00   0.00000000e+00   0.00000000e+00
  5.68000000e-06   0.00000000e+00   0.00000000e+00   0.00000000e+00   0.00000000e+00   0.00000000e+00   0.00000000e+00
  5.76000000e-06   0.00000000e+00   0.00000000e+00   0.00000000e+00   0.00000000e+00   0.00000000e+00   0.00000000e+00
  5.84000000e-06   0.00000000e+00   0.00000000e+00   0.00000000e+00   0.00000000e+00   0.00000000e+00   0.00000000e+00
  5.92000000e-06   0.00000000e+00   0.00000000e+00   0.00000000e+00   0.00000000e+00   0.00000000e+00   0.00000000e+00
  6.00000000e-06   0.00000000e+00   0.00000000e+00   0.00000000e+00   0.00000000e+00   0.00000000e+00   0.00000000e+00
  6.08000000e-06   0.00000000e+00   0.00000000e+00   0.00000000e+00   0.00000000e+00   0.00000000e+00   0.00000000e+00
  6.16000000e-06   0.00000000e+00   0.00000000e+00   0.00000000e+00   0.00000000e+00   0.00000000e+00   0.00000000e+00
  6.24000000e-06   0.00000000e+00   0.00000000e+00   0.00000000e+00   0.00000000e+00   0.00000000e+00   0.00000000e+00
  6.32000000e-06   0.00000000e+00   0.00000000e+00   0.00000000e+00   0.00000000e+00   0.00000000e+00   0.00000000e+00
  6.40000000e-06   0.00000000e+00   0.00000000e+00   0.00000000e+00   0.00000000e+00   0.00000000e+00   0.00000000e+00
  6.48000000e-06   0.00000000e+00   0.00000000e+00   0.00000000e+00   0.00000000e+00   0.00000000e+00   0.00000000e+00
  6.56000000e-06   0.00000000e+00   0.00000000e+00   0.00000000e+00   0.00000000e+00   0.00000000e+00   0.00000000e+00
  6.64000000e-06   0.00000000e+00   0.00000000e+00   0.00000000e+00   0.00000000e+00   0.00000000e+00   0.00000000e+00
  6.72000000e-06   0.00000000e+00   0.00000000e+00   0.00000000e+00   0.00000000e+00   0.00000000e+00   0.00000000e+00
  6.80000000e-06   0.00000000e+00   0.00000000e+00   0.00000000e+00   0.00000000e+00   0.00000000e+00   0.00000000e+00
  6.88000000e-06   0.00000000e+00   0.00000000e+00   0.00000000e+00   0.00000000e+00   0.00000000e+00   0.00000000e+00
  6.96000000e-06   0.00000000e+00   0.00000000e+00   0.00000000e+00   0.00000000e+00   0.00000000e+00   0.00000000e+00
  7.04000000e-06   0.00000000e+00   0.00000000e+00   0.00000000e+00   0.00000000e+00   0.00000000e+00   0.00000000e+00
  7.12000000e-06   0.00000000e+00   0.00000000e+00   0.00000000e+00   0.00000000e+00   0.00000000e+00   0.00000000e+00
  7.20000000e-06   0.00000000e+00   0.00000000e+00   0.00000000e+00   0.00000000e+00   0.00000000e+00   0.00000000e+00
  7.28000000e-06   0.00000000e+00   0.00000000e+00   0.00000000e+00   0.00000000e+00   0.00000000e+00   0.00000000e+00
  7.36000000e-06   0.00000000e+00   0.00000000e+00   0.00000000e+00   0.00000000e+00   0.00000000e+00   0.00000000e+00
  7.44000000e-06   0.00000000e+00   0.00000000e+00   0.00000000e+00   0.00000000e+00   0.00000000e+00   0.00000000e+00
  7.52000000e-06   0.00000000e+00   0.00000000e+00   0.00000000e+00   0.00000000e+00   0.00000000e+00   0.00000000e+00
  7.60000000e-06   0.00000000e+00   0.00000000e+00   0.00000000e+00   0.00000000e+00   0.00000000e+00   0.00000000e+00
  7.68000000e-06   0.00000000e+00   0.00000000e+00   0.00000000e+00   0.00000000e+00   0.00000000e+00   0.00000000e+00
  7.76000000e-06   0.00000000e+00   0.00000000e+00   0.00000000e+00   0.00000000e+00   0.00000000e+00   0.00000000e+00
  7.84000000e-06   0.00000000e+00   0.00000000e+00   0.00000000e+00   0.00000000e+00   0.00000000e+00   0.00000000e+00
  7.92000000e-06   0.00000000e+00   0.00000000e+00   0.00000000e+00   0.00000000e+00   0.00000000e+00   0.00000000e+00
  8.00000000e-06   0.00000000e+00   0.00000000e+00   0.00000000e+00   0.00000000e+00   0.00000000e+00   0.00000000e+00
  8.08000000e-06   0.00000000e+00   0.00000000e+00   0.00000000e+00   0.00000000e+00   0.00000000e+00   0.00000000e+00
  8.16000000e-06   0.00000000e+00   0.00000000e+00   0.00000000e+00   0.00000000e+00   0.00000000e+00   0.00000000e+00
  8.24000000e-06   0.00000000e+00   0.00000000e+00   0.00000000e+00   0.00000000e+00   0.00000000e+00   0.00000000e+00
  8.32000000e-06   0.00000000e+00   0.00000000e+00   0.00000000e+00   0.00000000e+00   0.00000000e+00   0.00000000e+00
  8.40000000e-06   0.00000000e+00   0.00000000e+00   0.00000000e+00   0.00000000e+00   0.00000000e+00   0.00000000e+00
  8.48000000e-06   0.00000000e+00   0.00000000e+00   0.00000000e+00   0.00000000e+00   0.00000000e+00   0.00000000e+00
  8.56000000e-06   0.00000000e+00   0.00000000e+00   0.00000000e+00   0.00000000e+00   0.00000000e+00   0.00000000e+00
  8.64000000e-06   0.00000000e+00   0.00000000e+00   0.00000000e+00   0.00000000e+00   0.00000000e+00   0.00000000e+00
  8.72000000e-06   0.00000000e+00   0.00000000e+00   0.00000000e+00   0.00000000e+00   0.00000000e+00   0.00000000e+00
  8.80000000e-06   0.00000000e+00   0.00000000e+00   0.00000000e+00   0.00000000e+00   0.00000000e+00   0.00000000e+00
  8.88000000e-06   0.00000000e+00   0.00000000e+00   0.00000000e+00   0.00000000e+00   0.00000000e+00   0.00000000e+00
  8.96000000e-06   0.00000000e+00   0.00000000e+00   0.00000000e+00   0.00000000e+00   0.00000000e+00   0.00000000e+00
  9.04000000e-06   0.00000000e+00   0.00000000e+00   0.00000000e+00   0.00000000e+00   0.00000000e+00   0.00000000e+00
  9.12000000e-06   0.00000000e+00   0.00000000e+00   0.00000000e+00   0.00000000e+00   0.00000000e+00   0.00000000e+00
  9.20000000e-06   0.00000000e+00   0.00000000e+00   0.00000000e+00   0.00000000e+00   0.00000000e+00   0.00000000e+00
  9.28000000e-06   0.00000000e+00   0.00000000e+00   0.00000000e+00   0.00000000e+00   0.00000000e+00   0.00000000e+00
  9.36000000e-06   0.00000000e+00   0.00000000e+00   0.00000000e+00   0.00000000e+00   0.00000000e+00   0.00000000e+00
  9.44000000e-06   0.00000000e+00   0.00000000e+00   0.00000000e+00   0.00000000e+00   0.00000000e+00   0.00000000e+00
  9.52000000e-06   0.00000000e+00   0.00000000e+00   0.00000000e+00   0.00000000e+00   0.00000000e+00   0.00000000e+00
  9.60000000e-06   0.00000000e+00   0.00000000e+00   0.00000000e+00   0.00000000e+00   0.00000000e+00   0.00000000e+00
  9.68000000e-06   0.00000000e+00   0.00000000e+00   0.00000000e+00   0.00000000e+00   0.00000000e+00   0.00000000e+00
  9.76000000e-06   0.00000000e+00   0.00000000e+00   0.00000000e+00   0.00000000e+00   0.00000000e+00   0.00000000e+00
  9.84000000e-06   0.00000000e+00   0.00000000e+00   0.00000000e+00   0.00000000e+00   0.00000000e+00   0.00000000e+00
  9.92000000e-06   0.00000000e+00   0.00000000e+00   0.00000000e+00   0.00000000e+00   0.00000000e+00   0.00000000e+00
  1.00000000e-05   0.00000000e+00   0.00000000e+00   0.00000000e+00   0.00000000e+00   0.00000000e+00   0.00000000e+00
  1.00800000e-05   0.00000000e+00   0.00000000e+00   0.00000000e+00   0.00000000e+00   0.00000000e+00   0.00000000e+00
  1.01600000e-05   0.00000000e+00   0.00000000e+00   0.00000000e+00   0.00000000e+00   0.00000000e+00   0.00000000e+00
  1.02400000e-05   0.00000000e+00   0.00000000e+00   0.00000000e+00   0.00000000e+00   0.00000000e+00   0.00000000e+00
  1.03200000e-05   0.00000000e+00   0.00000000e+00   0.00000000e+00   0.00000000e+00   0.00000000e+00   0.00000000e+00
  1.04000000e-05   0.00000000e+00   0.00000000e+00   0.00000000e+00   0.00000000e+00   0.00000000e+00   0.00000000e+00
  1.04800000e-05   0.00000000e+00   0.00000000e+00   0.00000000e+00   0.00000000e+00   0.00000000e+00   0.00000000e+00
  1.05600000e-05   0.00000000e+00   0.00000000e+00   0.00000000e+00   0.00000000e+00   0.00000000e+00   0.00000000e+00
  1.06400000e-05   0.00000000e+00   0.00000000e+00   0.00000000e+00   0.00000000e+00   0.00000000e+00   0.00000000e+00
  1.07200000e-05   0.00000000e+00   0.00000000e+00   0.00000000e+00   0.00000000e+00   0.00000000e+00   0.00000000e+00
  1.08000000e-05   0.00000000e+00   0.00000000e+00   0.00000000e+00   0.00000000e+00   0.00000000e+00   0.00000000e+00
  1.08800000e-05   0.00000000e+00   0.00000000e+00   0.00000000e+00   0.00000000e+00   0.00000000e+00   0.00000000e+00
  1.09600000e-05   0.00000000e+00   0.00000000e+00   0.00000000e+00   0.00000000e+00   0.00000000e+00   0.00000000e+00
  1.10400000e-05   0.00000000e+00   0.00000000e+00   0.00000000e+00   0.00000000e+00   0.00000000e+00   0.00000000e+00
  1.11200000e-05   0.00000000e+00   0.00000000e+00   0.00000000e+00   0.00000000e+00   0.00000000e+00   0.00000000e+00
  1.12000000e-05   0.00000000e+00   0.00000000e+00   0.00000000e+00   0.00000000e+00   0.00000000e+00   0.00000000e+00
  1.12800000e-05   0.00000000e+00   0.00000000e+00   0.00000000e+00   0.00000000e+00   0.00000000e+00   0.00000000e+00
  1.13600000e-05   0.00000000e+00   0.00000000e+00   0.00000000e+00   0.00000000e+00   0.00000000e+00   0.00000000e+00
  1.14400000e-05   0.00000000e+00   0.00000000e+00   0.00000000e+00   0.00000000e+00   0.00000000e+00   0.00000000e+00
  1.15200000e-05   0.00000000e+00   0.00000000e+00   0.00000000e+00   0.00000000e+00   0.00000000e+00   0.00000000e+00
  1.16000000e-05   0.00000000e+00   0.00000000e+00   0.00000000e+00   0.00000000e+00   0.00000000e+00   0.00000000e+00
  1.16800000e-05   0.00000000e+00   0.00000000e+00   0.00000000e+00   0.00000000e+00   0.00000000e+00   0.00000000e+00
  1.17600000e-05   0.00000000e+00   0.00000000e+00   0.00000000e+00   0.00000000e+00   0.00000000e+00   0.00000000e+00
  1.18400000e-05   2.76635685e-07   2.42056224e-07   0.00000000e+00  -4.23706630e-19   4.84236149e-19   9.02844046e-19
  1.19200000e-05   0.00000000e+00   0.00000000e+00   0.00000000e+00   0.00000000e+00   0.00000000e+00   0.00000000e+00
  1.20000000e-05   1.73072618e-07   1.54005294e-07   0.00000000e+00  -2.69578704e-19   3.02955120e-19   5.76476593e-19
  1.20800000e-05   2.59937511e-06   2.33141519e-06   3.30379011e-13  -4.08105459e-18   4.55010711e-18   8.74147215e-18
  1.21600000e-05   1.04976692e-06   9.50220024e-07   0.00000000e+00  -1.66335607e-18   1.83761248e-18   3.56951585e-18
  1.22400000e-05   2.26130746e-06   2.05186875e-06   2.61920190e-13  -3.59184376e-18   3.95847008e-18   7.71168173e-18
  1.23200000e-05   1.09975617e-07   9.89849537e-08  -5.31868503e-14  -1.73276927e-19   1.92516700e-19   3.71399500e-19
  1.24000000e-05   3.17316886e-06   2.90645318e-06   1.52587660e-12  -5.08800849e-18   5.55491260e-18   1.09442979e-17
  1.24800000e-05   5.82442279e-06   5.38275866e-06   3.62424615e-12  -9.42336533e-18   1.01965542e-17   2.03051193e-17
  1.25600000e-05   3.28746900e-06   3.06064003e-06   9.78415774e-12  -5.35830285e-18   5.75537836e-18   1.15623438e-17
  1.26400000e-05   4.95800181e-06   4.64068516e-06   4.39971928e-12  -8.12474307e-18   8.68027292e-18   1.75497751e-17
  1.27200000e-05   3.79662065e-06   3.57705452e-06   1.02484970e-11  -6.26277217e-18   6.64715374e-18   1.35447473e-17
  1.28000000e-05  -4.07811163e-07  -3.96704608e-07   9.85064397e-12   6.94583593e-19  -7.14067408e-19  -1.51140491e-18
  1.28800000e-05   2.90480648e-06   2.76521141e-06   1.13172585e-11  -4.84144052e-18   5.08580609e-18   1.04916983e-17
  1.29600000e-05   8.28436718e-13   4.87254690e-13   9.94386234e-12   6.11102080e-24  -4.35937187e-23   1.62699857e-24
  1.30400000e-05  -9.80686732e-13  -7.93831805e-13   1.07804726e-11   8.93995272e-24  -5.05509769e-23  -2.90911925e-24
  1.31200000e-05   7.83971591e-13   7.06710040e-13   1.02669780e-11   5.95307570e-24  -4.51352368e-23   2.65223932e-24
  1.32000000e-05   9.58967705e-15   1.80222662e-14   1.14990547e-11   8.02175779e-24  -5.20722010e-23   7.49220721e-26
  1.32800000e-05   7.51738724e-14   7.36110741e-14   1.11501924e-11   7.68010485e-24  -5.03770778e-23   2.80799423e-25
  1.33600000e-05   6.44396778e-14   6.44396778e-14   1.00925072e-11   6.95541762e-24  -4.56047170e-23   2.46772020e-25
  1.34400000e-05   0.00000000e+00   0.00000000e+00   1.11382068e-11   7.80059420e-24  -5.04544046e-23  -4.84454981e-51
  1.35200000e-05   0.00000000e+00   0.00000000e+00   1.06261862e-11   7.44200279e-24  -4.81350280e-23  -4.40945790e-51
  1.36000000e-05   0.00000000e+00   0.00000000e+00   1.17590137e-11   8.23537357e-24  -5.32665666e-23  -5.39945295e-51
  1.36800000e-05   0.00000000e+00   0.00000000e+00   1.23486339e-11   8.64831151e-24  -5.59374577e-23  -5.95452684e-51
  1.37600000e-05   0.00000000e+00   0.00000000e+00   1.27679015e-11   8.94194369e-24  -5.78366767e-23  -6.36583688e-51
  1.38400000e-05   0.00000000e+00   0.00000000e+00   1.32314404e-11   9.26658111e-24  -5.99364383e-23  -6.83630395e-51
  1.39200000e-05   0.00000000e+00   0.00000000e+00   1.25767543e-11   8.80807463e-24  -5.69708089e-23  -6.17668849e-51
  1.40000000e-05   0.00000000e+00   0.00000000e+00   1.39729431e-11   9.78588932e-24  -6.32953346e-23  -7.62415761e-51
  1.40800000e-05   0.00000000e+00   0.00000000e+00   1.51551511e-11   1.06138435e-23  -6.86505592e-23  -8.96853457e-51
  1.41600000e-05   0.00000000e+00   0.00000000e+00   1.30851907e-11   9.16415579e-24  -5.92739493e-23  -6.68625899e-51
  1.42400000e-05   0.00000000e+00   0.00000000e+00   1.60380890e-11   1.12322051e-23  -7.26501354e-23  -1.00439362e-50
  1.43200000e-05   0.00000000e+00   0.00000000e+00   1.32070092e-11   9.24947083e-24  -5.98257688e-23  -6.81147421e-51
  1.44000000e-05   0.00000000e+00   0.00000000e+00   1.41622437e-11   9.91846512e-24  -6.41528378e-23  -7.83217321e-51
  1.44800000e-05   0.00000000e+00   0.00000000e+00   1.45508811e-11   1.01906456e-23  -6.59133070e-23  -8.26794428e-51
  1.45600000e-05   0.00000000e+00   0.00000000e+00   1.64958378e-11   1.15527875e-23  -7.47236686e-23  -1.06255647e-50
  1.46400000e-05   0.00000000e+00   0.00000000e+00   1.54722617e-11   1.08359304e-23  -7.00870225e-23  -9.34795197e-51
  1.47200000e-05   0.00000000e+00   0.00000000e+00   1.56431554e-11   1.09556151e-23  -7.08611455e-23  -9.55581920e-51
  1.48000000e-05   0.00000000e+00   0.00000000e+00   1.53010099e-11   1.07159950e-23  -6.93112775e-23  -9.14238375e-51
  1.48800000e-05   0.00000000e+00   0.00000000e+00   1.62937430e-11   1.14112513e-23  -7.38082097e-23  -1.03669414e-50
  1.49600000e-05   0.00000000e+00   0.00000000e+00   1.47174113e-11   1.03072743e-23  -6.66676635e-23  -8.45851993e-51
  1.50400000e-05   0.00000000e+00   0.00000000e+00   1.91738006e-11   1.34282869e-23  -8.68544382e-23  -1.43551618e-50
  1.51200000e-05   0.00000000e+00   0.00000000e+00   1.63183767e-11   1.14285034e-23  -7.39197965e-23  -1.03987146e-50
  1.52000000e-05   0.00000000e+00   0.00000000e+00   1.53792702e-11   1.07708042e-23  -6.96657849e-23  -9.23614014e-51
  1.52800000e-05   0.00000000e+00   0.00000000e+00   1.83479770e-11   1.28499250e-23  -8.31135813e-23  -1.31456902e-50
  1.53600000e-05   0.00000000e+00   0.00000000e+00   1.74886415e-11   1.22480931e-23  -7.92209201e-23  -1.19435552e-50
  1.54400000e-05   0.00000000e+00   0.00000000e+00   1.67406972e-11   1.17242737e-23  -7.58328452e-23  -1.09438155e-50
  1.55200000e-05   0.00000000e+00   0.00000000e+00   1.87883964e-11   1.31583708e-23  -8.51086150e-23  -1.37843862e-50
  1.56000000e-05   0.00000000e+00   0.00000000e+00   1.71994318e-11   1.20455464e-23  -7.79108438e-23  -1.15520330e-50
  1.56800000e-05   0.00000000e+00   0.00000000e+00   1.81103592e-11   1.26835104e-23  -8.20372081e-23  -1.28075864e-50
  1.57600000e-05   0.00000000e+00   0.00000000e+00   1.86338703e-11   1.30501490e-23  -8.44086347e-23  -1.35588312e-50
  1.58400000e-05   0.00000000e+00   0.00000000e+00   1.82087674e-11   1.27524301e-23  -8.24829827e-23  -1.29473305e-50
  1.59200000e-05   0.00000000e+00   0.00000000e+00   1.83426852e-11   1.28462188e-23  -8.30896100e-23  -1.31383594e-50
  1.60000000e-05   0.00000000e+00   0.00000000e+00   1.85984923e-11   1.30253722e-23  -8.42483779e-23  -1.35073706e-50
  1.60800000e-05   0.00000000e+00   0.00000000e+00   1.89493267e-11   1.32710775e-23  -8.58376049e-23  -1.40218318e-50
  1.61600000e-05   0.00000000e+00   0.00000000e+00   1.85904268e-11   1.30197236e-23  -8.42118423e-23  -1.34958147e-50
  1.62400000e-05   0.00000000e+00   0.00000000e+00   1.96014344e-11   1.37277783e-23  -8.87915551e-23  -1.50033529e-50
  1.63200000e-05   0.00000000e+00   0.00000000e+00   1.97972413e-11   1.38649108e-23  -8.96785309e-23  -1.53045547e-50
  1.64000000e-05   0.00000000e+00   0.00000000e+00   1.90962339e-11   1.33739633e-23  -8.65030725e-23  -1.42401346e-50
  1.64800000e-05   0.00000000e+00   0.00000000e+00   1.91741056e-11   1.34285004e-23  -8.68558195e-23  -1.43564168e-50
  1.65600000e-05   0.00000000e+00   0.00000000e+00   1.94949968e-11   1.36532352e-23  -8.83094088e-23  -1.48411238e-50
  1.66400000e-05   0.00000000e+00   0.00000000e+00   1.88447146e-11   1.31978129e-23  -8.53637280e-23  -1.38675489e-50
  1.67200000e-05   0.00000000e+00   0.00000000e+00   1.97328358e-11   1.38198047e-23  -8.93867837e-23  -1.52052519e-50
  1.68000000e-05   0.00000000e+00   0.00000000e+00   1.93397245e-11   1.35444909e-23  -8.76060485e-23  -1.46056536e-50
  1.68800000e-05   0.00000000e+00   0.00000000e+00   1.94221330e-11   1.36022053e-23  -8.79793467e-23  -1.47303263e-50
  1.69600000e-05   0.00000000e+00   0.00000000e+00   1.98913321e-11   1.39308068e-23  -9.01047479e-23  -1.54504657e-50
  1.70400000e-05   0.00000000e+00   0.00000000e+00   2.00966745e-11   1.40746175e-23  -9.10349184e-23  -1.57711053e-50
  1.71200000e-05   0.00000000e+00   0.00000000e+00   1.94124874e-11   1.35954500e-23  -8.79356533e-23  -1.47157893e-50
  1.72000000e-05   0.00000000e+00   0.00000000e+00   1.95586171e-11   1.36977913e-23  -8.85975992e-23  -1.49378261e-50
  1.72800000e-05   0.00000000e+00   0.00000000e+00   1.94129844e-11   1.35957981e-23  -8.79379047e-23  -1.47164334e-50
  1.73600000e-05   0.00000000e+00   0.00000000e+00   1.82238479e-11   1.27629916e-23  -8.25512949e-23  -1.29689040e-50
  1.74400000e-05   0.00000000e+00   0.00000000e+00   1.95197452e-11   1.36705675e-23  -8.84215153e-23  -1.48785125e-50
  1.75200000e-05   0.00000000e+00   0.00000000e+00   1.82094968e-11   1.27529408e-23  -8.24862865e-23  -1.29484592e-50
  1.76000000e-05   0.00000000e+00   0.00000000e+00   1.73593311e-11   1.21575311e-23  -7.86351639e-23  -1.17675131e-50
  1.76800000e-05   0.00000000e+00   0.00000000e+00   1.73872778e-11   1.21771034e-23  -7.87617582e-23  -1.18055083e-50
  1.77600000e-05   0.00000000e+00   0.00000000e+00   1.71987924e-11   1.20450985e-23  -7.79079476e-23  -1.15509395e-50
  1.78400000e-05   0.00000000e+00   0.00000000e+00   1.72102014e-11   1.20530887e-23  -7.79596284e-23  -1.15660807e-50
  1.79200000e-05   0.00000000e+00   0.00000000e+00   1.76086775e-11   1.23321596e-23  -7.97646653e-23  -1.21078728e-50
  1.80000000e-05   0.00000000e+00   0.00000000e+00   1.69638710e-11   1.18805722e-23  -7.68437887e-23  -1.12373062e-50
  1.80800000e-05   0.00000000e+00   0.00000000e+00   1.35064193e-11   9.45916120e-24  -6.11820517e-23  -7.12383719e-51
  1.81600000e-05   0.00000000e+00   0.00000000e+00   1.53816432e-11   1.07724660e-23  -6.96765345e-23  -9.23895150e-51
  1.82400000e-05   0.00000000e+00   0.00000000e+00   1.50731347e-11   1.05564034e-23  -6.82790373e-23  -8.87194474e-51
  1.83200000e-05   0.00000000e+00   0.00000000e+00   1.35461141e-11   9.48696127e-24  -6.13618631e-23  -7.16568970e-51
  1.84000000e-05   0.00000000e+00   0.00000000e+00   1.30032193e-11   9.10674732e-24  -5.89026314e-23  -6.60295051e-51
  1.84800000e-05   0.00000000e+00   0.00000000e+00   1.12668254e-11   7.89067145e-24  -5.10370273e-23  -4.95722467e-51
  1.85600000e-05   0.00000000e+00   0.00000000e+00   1.13424387e-11   7.94362692e-24  -5.13795445e-23  -5.02376977e-51
  1.86400000e-05   0.00000000e+00   0.00000000e+00   1.00557629e-11   7.04250920e-24  -4.55510963e-23  -3.94881859e-51
  1.87200000e-05   0.00000000e+00   0.00000000e+00   8.93264844e-12   6.25594093e-24  -4.04635563e-23  -3.11590191e-51
  1.88000000e-05   0.00000000e+00   0.00000000e+00   8.72954209e-12   6.11369629e-24  -3.95435151e-23  -2.97580535e-51
  1.88800000e-05   0.00000000e+00   0.00000000e+00   6.87667837e-12   4.81605136e-24  -3.11503206e-23  -1.84672212e-51
  1.89600000e-05   0.00000000e+00   0.00000000e+00   5.66544669e-12   3.96777060e-24  -2.56636229e-23  -1.25337086e-51
  1.90400000e-05   0.00000000e+00   0.00000000e+00   4.55356843e-12   3.18907156e-24  -2.06269813e-23  -8.09856330e-52
  1.91200000e-05   0.00000000e+00   0.00000000e+00   3.21227209e-12   2.24970059e-24  -1.45511103e-23  -4.02970700e-52
  1.92000000e-05   0.00000000e+00   0.00000000e+00   6.74818060e-13   4.72605851e-25  -3.05682450e-24  -1.77993338e-53
  1.92800000e-05   0.00000000e+00   0.00000000e+00  -2.38726429e-13  -1.67191001e-25   1.08139488e-24  -2.22131957e-54
  1.93600000e-05   0.00000000e+00   0.00000000e+00  -3.43072686e-12  -2.40269442e-24   1.55406776e-23  -4.59508597e-52
  1.94400000e-05   0.00000000e+00   0.00000000e+00  -2.66714129e-12  -1.86792064e-24   1.20817496e-23  -2.77773922e-52
  1.95200000e-05   0.00000000e+00   0.00000000e+00  -4.65464758e-12  -3.25986190e-24   2.10848547e-23  -8.45834987e-52
  1.96000000e-05   0.00000000e+00   0.00000000e+00  -6.53400337e-12  -4.57606044e-24   2.95980543e-23  -1.66700821e-51
  1.96800000e-05   0.00000000e+00   0.00000000e+00  -8.54611083e-12  -5.98523102e-24   3.87125990e-23  -2.85190490e-51
  1.97600000e-05   0.00000000e+00   0.00000000e+00  -1.00283199e-11  -7.02328958e-24   4.54267834e-23  -3.92696596e-51
  1.98400000e-05   0.00000000e+00   0.00000000e+00  -1.01701474e-11  -7.12261790e-24   4.60692410e-23  -4.03893954e-51
  1.99200000e-05   0.00000000e+00   0.00000000e+00  -1.44080896e-11  -1.00906420e-23   6.52664827e-23  -8.10600217e-51
  2.00000000e-05   0.00000000e+00   0.00000000e+00  -1.57291649e-11  -1.10158512e-23   7.12507554e-23  -9.66098431e-51
  2.00800000e-05   0.00000000e+00   0.00000000e+00  -1.84642069e-11  -1.29313259e-23   8.36400851e-23  -1.33127960e-50
  2.01600000e-05   0.00000000e+00   0.00000000e+00  -2.06003424e-11  -1.44273589e-23   9.33164582e-23  -1.65711448e-50
  2.02400000e-05   0.00000000e+00   0.00000000e+00  -2.22824448e-11  -1.56054120e-23   1.00936130e-22  -1.93882059e-50
  2.03200000e-05   0.00000000e+00   0.00000000e+00  -2.49115662e-11  -1.74467056e-23   1.12845655e-22  -2.42330609e-50
  2.04000000e-05   0.00000000e+00   0.00000000e+00  -2.77189031e-11  -1.94128116e-23   1.25562469e-22  -3.00025136e-50
  2.04800000e-05   0.00000000e+00   0.00000000e+00  -2.82453745e-11  -1.97815235e-23   1.27947306e-22  -3.11537453e-50
  2.05600000e-05   0.00000000e+00   0.00000000e+00  -3.43613571e-11  -2.40648250e-23   1.55651789e-22  -4.61045594e-50
  2.06400000e-05   0.00000000e+00   0.00000000e+00  -3.32687008e-11  -2.32995880e-23   1.50702220e-22  -4.32203345e-50
  2.07200000e-05   0.00000000e+00   0.00000000e+00  -3.68456792e-11  -2.58047091e-23   1.66905395e-22  -5.30128554e-50
  2.08000000e-05   0.00000000e+00   0.00000000e+00  -3.99109729e-11  -2.79514740e-23   1.80790715e-22  -6.22007532e-50
  2.08800000e-05   0.00000000e+00   0.00000000e+00  -4.28516896e-11  -3.00109921e-23   1.94111721e-22  -7.17040021e-50
  2.09600000e-05   0.00000000e+00   0.00000000e+00  -4.65354658e-11  -3.25909085e-23   2.10798673e-22  -8.45622177e-50
  2.10400000e-05   0.00000000e+00   0.00000000e+00  -4.85234380e-11  -3.39831761e-23   2.19803889e-22  -9.19413441e-50
  2.11200000e-05   0.00000000e+00   0.00000000e+00  -4.84638724e-11  -3.39414596e-23   2.19534066e-22  -9.17175381e-50
  2.12000000e-05   0.00000000e+00   0.00000000e+00  -5.21471707e-11  -3.65210415e-23   2.36218854e-22  -1.06187530e-49
  2.12800000e-05   0.00000000e+00   0.00000000e+00  -5.51717329e-11  -3.86392803e-23   2.49919667e-22  -1.18862591e-49
  2.13600000e-05   0.00000000e+00   0.00000000e+00  -5.81072933e-11  -4.06951872e-23   2.63217315e-22  -1.31848070e-49
  2.14400000e-05   0.00000000e+00   0.00000000e+00  -6.05291660e-11  -4.23913351e-23   2.74188035e-22  -1.43067821e-49
  2.15200000e-05   0.00000000e+00   0.00000000e+00  -6.23032448e-11  -4.36338034e-23   2.82224345e-22  -1.51575770e-49
  2.16000000e-05   0.00000000e+00   0.00000000e+00  -6.71103409e-11  -4.70004321e-23   3.03999768e-22  -1.75868452e-49
  2.16800000e-05   0.00000000e+00   0.00000000e+00  -6.73646890e-11  -4.71785638e-23   3.05151927e-22  -1.77206416e-49
  2.17600000e-05   0.00000000e+00   0.00000000e+00  -6.93275609e-11  -4.85532526e-23   3.14043442e-22  -1.87683423e-49
  2.18400000e-05   0.00000000e+00   0.00000000e+00  -7.14934253e-11  -5.00701062e-23   3.23854483e-22  -1.99593050e-49
  2.19200000e-05   0.00000000e+00   0.00000000e+00  -7.42002331e-11  -5.19658073e-23   3.36115916e-22  -2.14993471e-49
  2.20000000e-05   0.00000000e+00   0.00000000e+00  -7.63096784e-11  -5.34431481e-23   3.45671386e-22  -2.27391666e-49
  2.20800000e-05   0.00000000e+00   0.00000000e+00  -7.88758055e-11  -5.52403241e-23   3.57295557e-22  -2.42940639e-49
  2.21600000e-05   0.00000000e+00   0.00000000e+00  -8.19810549e-11  -5.74150720e-23   3.71361870e-22  -2.62445857e-49
  2.22400000e-05   0.00000000e+00   0.00000000e+00  -8.10870256e-11  -5.67889426e-23   3.67312052e-22  -2.56755023e-49
  2.23200000e-05   0.00000000e+00   0.00000000e+00  -8.46087533e-11  -5.92553693e-23   3.83264950e-22  -2.79539114e-49
  2.24000000e-05   0.00000000e+00   0.00000000e+00  -8.40689311e-11  -5.88773072e-23   3.80819636e-22  -2.75987040e-49
  2.24800000e-05   0.00000000e+00   0.00000000e+00  -8.60979319e-11  -6.02983092e-23   3.90010705e-22  -2.89468816e-49
  2.25600000e-05   0.00000000e+00   0.00000000e+00  -8.61082227e-11  -6.03055164e-23   3.90057321e-22  -2.89537748e-49
  2.26400000e-05   0.00000000e+00   0.00000000e+00  -8.91709043e-11  -6.24504521e-23   4.03930808e-22  -3.10499238e-49
  2.27200000e-05   0.00000000e+00   0.00000000e+00  -8.90611177e-11  -6.23735637e-23   4.03433492e-22  -3.09735113e-49
  2.28000000e-05   0.00000000e+00   0.00000000e+00  -9.12504017e-11  -6.39068193e-23   4.13350619e-22  -3.25150026e-49
  2.28800000e-05   0.00000000e+00   0.00000000e+00  -8.84237828e-11  -6.19272093e-23   4.00546460e-22  -3.05320857e-49
  2.29600000e-05   0.00000000e+00   0.00000000e+00  -9.01898518e-11  -6.31640681e-23   4.08546488e-22  -3.17638274e-49
  2.30400000e-05   0.00000000e+00   0.00000000e+00  -9.19796648e-11  -6.44175559e-23   4.16654072e-22  -3.30369202e-49
  2.31200000e-05   0.00000000e+00   0.00000000e+00  -9.09554169e-11  -6.37002285e-23   4.12014383e-22  -3.23052228e-49
  2.32000000e-05   0.00000000e+00   0.00000000e+00  -8.95752288e-11  -6.27336199e-23   4.05762338e-22  -3.13323382e-49
  2.32800000e-05   0.00000000e+00   0.00000000e+00  -9.02933399e-11  -6.32365461e-23   4.09015273e-22  -3.18366905e-49
  2.33600000e-05   0.00000000e+00   0.00000000e+00  -8.93685157e-11  -6.25888496e-23   4.04825958e-22  -3.11879561e-49
  2.34400000e-05   0.00000000e+00   0.00000000e+00  -8.88711616e-11  -6.22405300e-23   4.02573019e-22  -3.08418530e-49
  2.35200000e-05   0.00000000e+00   0.00000000e+00  -8.83409212e-11  -6.18691786e-23   4.00171110e-22  -3.04747775e-49
  2.36000000e-05   0.00000000e+00   0.00000000e+00  -8.55038030e-11  -5.98822153e-23   3.87319390e-22  -2.85489423e-49
  2.36800000e-05   0.00000000e+00   0.00000000e+00  -8.48195125e-11  -5.94029755e-23   3.84219657e-22  -2.80938013e-49
  2.37600000e-05   0.00000000e+00   0.00000000e+00  -8.40380808e-11  -5.88557034e-23   3.80679889e-22  -2.75785329e-49
  2.38400000e-05   0.00000000e+00   0.00000000e+00  -8.01078351e-11  -5.61031730e-23   3.62876465e-22  -2.50594221e-49
  2.39200000e-05   0.00000000e+00   0.00000000e+00  -7.89100768e-11  -5.52643284e-23   3.57450800e-22  -2.43155173e-49
  2.40000000e-05   0.00000000e+00   0.00000000e+00  -7.76364102e-11  -5.43723216e-23   3.51681282e-22  -2.35369130e-49
  2.40800000e-05   0.00000000e+00   0.00000000e+00  -7.68260657e-11  -5.38048005e-23   3.48010543e-22  -2.30480560e-49
  2.41600000e-05   0.00000000e+00   0.00000000e+00  -7.14388810e-11  -5.00319092e-23   3.23607405e-22  -1.99292131e-49
  2.42400000e-05   0.00000000e+00   0.00000000e+00  -6.75632556e-11  -4.73176319e-23   3.06051404e-22  -1.78256050e-49
  2.43200000e-05   0.00000000e+00   0.00000000e+00  -6.75226450e-11  -4.72891906e-23   3.05867444e-22  -1.78040249e-49
  2.44000000e-05   0.00000000e+00   0.00000000e+00  -6.41778855e-11  -4.49467028e-23   2.90716186e-22  -1.60837383e-49
  2.44800000e-05   0.00000000e+00   0.00000000e+00  -6.08927652e-11  -4.26459832e-23   2.75835084e-22  -1.44795474e-49
  2.45600000e-05   0.00000000e+00   0.00000000e+00  -5.74092801e-11  -4.02063396e-23   2.60055419e-22  -1.28702743e-49
  2.46400000e-05   0.00000000e+00   0.00000000e+00  -5.38069282e-11  -3.76834482e-23   2.43737306e-22  -1.13057393e-49
  2.47200000e-05   0.00000000e+00   0.00000000e+00  -5.18937105e-11  -3.63435345e-23   2.35070717e-22  -1.05160787e-49
  2.48000000e-05   0.00000000e+00   0.00000000e+00  -4.71987150e-11  -3.30554149e-23   2.13803092e-22  -8.69931672e-50
  2.48800000e-05   0.00000000e+00   0.00000000e+00  -4.45569545e-11  -3.12052695e-23   2.01836314e-22  -7.75265619e-50
  2.49600000e-05   0.00000000e+00   0.00000000e+00  -4.10730845e-11  -2.87653562e-23   1.86054906e-22  -6.58779500e-50
  2.50400000e-05   0.00000000e+00   0.00000000e+00  -3.82113756e-11  -2.67611709e-23   1.73091794e-22  -5.70180263e-50
  2.51200000e-05   0.00000000e+00   0.00000000e+00  -3.47920739e-11  -2.43664778e-23   1.57602871e-22  -4.72710459e-50
  2.52000000e-05   0.00000000e+00   0.00000000e+00  -3.16364903e-11  -2.21564786e-23   1.43308551e-22  -3.90853502e-50
  2.52800000e-05   0.00000000e+00   0.00000000e+00  -2.56389558e-11  -1.79561314e-23   1.16140620e-22  -2.56710064e-50
  2.53600000e-05   0.00000000e+00   0.00000000e+00  -2.48589381e-11  -1.74098493e-23   1.12607257e-22  -2.41318479e-50
  2.54400000e-05   0.00000000e+00   0.00000000e+00  -1.94684591e-11  -1.36346508e-23   8.81891967e-23  -1.48011826e-50
  2.55200000e-05   0.00000000e+00   0.00000000e+00  -1.74880380e-11  -1.22476715e-23   7.92181866e-23  -1.19429968e-50
  2.56000000e-05   0.00000000e+00   0.00000000e+00  -1.29488602e-11  -9.06867805e-24   5.86563927e-23  -6.54820478e-51
  2.56800000e-05   0.00000000e+00   0.00000000e+00  -8.47735141e-12  -5.93707625e-24   3.84011290e-23  -2.80669700e-51
  2.57600000e-05   0.00000000e+00   0.00000000e+00  -5.63923847e-12  -3.94941618e-24   2.55449036e-23  -1.24188047e-51
  2.58400000e-05   0.00000000e+00   0.00000000e+00  -2.48591852e-12  -1.74100225e-24   1.12608377e-23  -2.41369408e-52
  2.59200000e-05   0.00000000e+00   0.00000000e+00   1.72593662e-12   1.20875222e-24  -7.81823373e-24  -1.16242720e-52
  2.60000000e-05   0.00000000e+00   0.00000000e+00   3.43509511e-12   2.40575395e-24  -1.55604651e-23  -4.60669055e-52
  2.60800000e-05   0.00000000e+00   0.00000000e+00   6.25806933e-12   4.38281169e-24  -2.83481145e-23  -1.52926198e-51
  2.61600000e-05   0.00000000e+00   0.00000000e+00   1.01828066e-11   7.13148442e-24  -4.61265852e-23  -4.04846945e-51
  2.62400000e-05   0.00000000e+00   0.00000000e+00   1.28469235e-11   8.99728707e-24  -5.81946344e-23  -6.44467541e-51
  2.63200000e-05   0.00000000e+00   0.00000000e+00   1.54218913e-11   1.08006546e-23  -6.98588520e-23  -9.28729271e-51
  2.64000000e-05   0.00000000e+00   0.00000000e+00   1.83415240e-11   1.28454067e-23  -8.30843499e-23  -1.31365012e-50
  2.64800000e-05   0.00000000e+00   0.00000000e+00   1.96855743e-11   1.37867064e-23  -8.91726958e-23  -1.51323226e-50
  2.65600000e-05   0.00000000e+00   0.00000000e+00   2.43090775e-11   1.70247569e-23  -1.10116471e-22  -2.30747164e-50
  2.66400000e-05   0.00000000e+00   0.00000000e+00   2.62107478e-11   1.83565834e-23  -1.18730752e-22  -2.68267312e-50
  2.67200000e-05   0.00000000e+00   0.00000000e+00   2.78232199e-11   1.94858712e-23  -1.26035009e-22  -3.02291463e-50
  2.68000000e-05   0.00000000e+00   0.00000000e+00   3.00128492e-11   2.10193686e-23  -1.35953701e-22  -3.51738723e-50
  2.68800000e-05   0.00000000e+00   0.00000000e+00   3.33136576e-11   2.33310753e-23  -1.50905867e-22  -4.33360426e-50
  2.69600000e-05   0.00000000e+00   0.00000000e+00   3.34036206e-11   2.33940805e-23  -1.51313386e-22  -4.35716901e-50
  2.70400000e-05   0.00000000e+00   0.00000000e+00   3.63215912e-11   2.54376685e-23  -1.64531355e-22  -5.15162667e-50
  2.71200000e-05   0.00000000e+00   0.00000000e+00   3.70503500e-11   2.59480516e-23  -1.67832523e-22  -5.36042622e-50
  2.72000000e-05   0.00000000e+00   0.00000000e+00   3.85012015e-11   2.69641491e-23  -1.74404662e-22  -5.78847962e-50
  2.72800000e-05   0.00000000e+00   0.00000000e+00   4.05410372e-11   2.83927391e-23  -1.83644812e-22  -6.41804248e-50
  2.73600000e-05   0.00000000e+00   0.00000000e+00   4.18629719e-11   2.93185504e-23  -1.89632977e-22  -6.84342177e-50
  2.74400000e-05   0.00000000e+00   0.00000000e+00   4.25477010e-11   2.97980974e-23  -1.92734698e-22  -7.06913761e-50
  2.75200000e-05   0.00000000e+00   0.00000000e+00   4.36678271e-11   3.05825727e-23  -1.97808700e-22  -7.44635125e-50
  2.76000000e-05   0.00000000e+00   0.00000000e+00   4.59926924e-11   3.22107820e-23  -2.08339991e-22  -8.26025735e-50
  2.76800000e-05   0.00000000e+00   0.00000000e+00   4.55212281e-11   3.18805940e-23  -2.06204329e-22  -8.09177573e-50
  2.77600000e-05   0.00000000e+00   0.00000000e+00   4.59121552e-11   3.21543781e-23  -2.07975170e-22  -8.23135371e-50
  2.78400000e-05   0.00000000e+00   0.00000000e+00   4.61842870e-11   3.23449644e-23  -2.09207886e-22  -8.32928954e-50
  2.79200000e-05   0.00000000e+00   0.00000000e+00   4.68227820e-11   3.27921315e-23  -2.12100172e-22  -8.56116205e-50
  2.80000000e-05   0.00000000e+00   0.00000000e+00   4.80391329e-11   3.36439975e-23  -2.17610059e-22  -9.01161955e-50
  2.80800000e-05   0.00000000e+00   0.00000000e+00   4.73163284e-11   3.31377845e-23  -2.14335863e-22  -8.74257314e-50
  2.81600000e-05   0.00000000e+00   0.00000000e+00   4.75028925e-11   3.32684439e-23  -2.15180971e-22  -8.81164081e-50
  2.82400000e-05   0.00000000e+00   0.00000000e+00   4.83955534e-11   3.38936150e-23  -2.19224591e-22  -9.14594525e-50
  2.83200000e-05   0.00000000e+00   0.00000000e+00   4.80178799e-11   3.36291130e-23  -2.17513787e-22  -9.00375452e-50
  2.84000000e-05   0.00000000e+00   0.00000000e+00   4.79702266e-11   3.35957391e-23  -2.17297924e-22  -8.98587617e-50
  2.84800000e-05   0.00000000e+00   0.00000000e+00   4.85002118e-11   3.39669119e-23  -2.19698678e-22  -9.18550192e-50
  2.85600000e-05   0.00000000e+00   0.00000000e+00   4.77317554e-11   3.34287268e-23  -2.16217685e-22  -8.89679852e-50
  2.86400000e-05   0.00000000e+00   0.00000000e+00   4.78361370e-11   3.35018299e-23  -2.16690518e-22  -8.93568275e-50
  2.87200000e-05   0.00000000e+00   0.00000000e+00   4.73346052e-11   3.31505843e-23  -2.14418655e-22  -8.74932574e-50
  2.88000000e-05   0.00000000e+00   0.00000000e+00   4.58581100e-11   3.21165273e-23  -2.07730353e-22  -8.21212713e-50
  2.88800000e-05   0.00000000e+00   0.00000000e+00   4.65417390e-11   3.25953039e-23  -2.10827090e-22  -8.45862877e-50
  2.89600000e-05   0.00000000e+00   0.00000000e+00   4.74321287e-11   3.32188844e-23  -2.14860422e-22  -8.78536931e-50
  2.90400000e-05   0.00000000e+00   0.00000000e+00   4.56239309e-11   3.19525209e-23  -2.06669557e-22  -8.12835294e-50
  2.91200000e-05   0.00000000e+00   0.00000000e+00   4.44256766e-11   3.11133287e-23  -2.01241645e-22  -7.70703977e-50
  2.92000000e-05   0.00000000e+00   0.00000000e+00   4.41380343e-11   3.09118796e-23  -1.99938668e-22  -7.60749780e-50
  2.92800000e-05   0.00000000e+00   0.00000000e+00   4.43052846e-11   3.10290126e-23  -2.00696287e-22  -7.66526545e-50
  2.93600000e-05   0.00000000e+00   0.00000000e+00   4.26463872e-11   2.98672111e-23  -1.93181731e-22  -7.10203060e-50
  2.94400000e-05   0.00000000e+00   0.00000000e+00   4.25263227e-11   2.97831243e-23  -1.92637857e-22  -7.06213378e-50
  2.95200000e-05   0.00000000e+00   0.00000000e+00   4.10417036e-11   2.87433778e-23  -1.85912755e-22  -6.57758595e-50
  2.96000000e-05   0.00000000e+00   0.00000000e+00   4.07994561e-11   2.85737208e-23  -1.84815411e-22  -6.50018701e-50
  2.96800000e-05   0.00000000e+00   0.00000000e+00   3.97005266e-11   2.78040903e-23  -1.79837425e-22  -6.15477765e-50
  2.97600000e-05   0.00000000e+00   0.00000000e+00   3.94219268e-11   2.76089741e-23  -1.78575410e-22  -6.06868866e-50
  2.98400000e-05   0.00000000e+00   0.00000000e+00   3.85131222e-11   2.69724968e-23  -1.74458661e-22  -5.79207925e-50
  2.99200000e-05   0.00000000e+00   0.00000000e+00   3.77756131e-11   2.64559855e-23  -1.71117856e-22  -5.57236622e-50
  3.00000000e-05   0.00000000e+00   0.00000000e+00   3.59988316e-11   2.52116243e-23  -1.63069302e-22  -5.06054103e-50
  3.00800000e-05   0.00000000e+00   0.00000000e+00   3.52086847e-11   2.46582484e-23  -1.59490056e-22  -4.84075108e-50
  3.01600000e-05   0.00000000e+00   0.00000000e+00   3.64021960e-11   2.54941187e-23  -1.64896482e-22  -5.17450053e-50
  3.02400000e-05   0.00000000e+00   0.00000000e+00   3.56217234e-11   2.49475182e-23  -1.61361059e-22  -4.95499302e-50
  3.03200000e-05   0.00000000e+00   0.00000000e+00   3.29189491e-11   2.30546420e-23  -1.49117897e-22  -4.23169604e-50
  3.04000000e-05   0.00000000e+00   0.00000000e+00   3.23316393e-11   2.26433221e-23  -1.46457472e-22  -4.08200400e-50
  3.04800000e-05   0.00000000e+00   0.00000000e+00   3.17507108e-11   2.22364714e-23  -1.43825953e-22  -3.93661655e-50
  3.05600000e-05   0.00000000e+00   0.00000000e+00   3.06603649e-11   2.14728524e-23  -1.38886850e-22  -3.67093396e-50
  3.06400000e-05   0.00000000e+00   0.00000000e+00   3.11498997e-11   2.18156960e-23  -1.41104369e-22  -3.78905920e-50
  3.07200000e-05   0.00000000e+00   0.00000000e+00   2.95432385e-11   2.06904778e-23  -1.33826435e-22  -3.40827584e-50
  3.08000000e-05   0.00000000e+00   0.00000000e+00   2.75350603e-11   1.92840589e-23  -1.24729689e-22  -2.96072238e-50
  3.08800000e-05   0.00000000e+00   0.00000000e+00   2.85698845e-11   2.00087935e-23  -1.29417287e-22  -3.18734742e-50
  3.09600000e-05   0.00000000e+00   0.00000000e+00   2.61697732e-11   1.83278861e-23  -1.18545143e-22  -2.67439140e-50
  3.10400000e-05   0.00000000e+00   0.00000000e+00   2.56911843e-11   1.79927085e-23  -1.16377208e-22  -2.57745772e-50
  3.11200000e-05   0.00000000e+00   0.00000000e+00   2.55043940e-11   1.78618906e-23  -1.15531076e-22  -2.54007375e-50
  3.12000000e-05   0.00000000e+00   0.00000000e+00   2.48747150e-11   1.74208977e-23  -1.12678724e-22  -2.41620544e-50
  3.12800000e-05   0.00000000e+00   0.00000000e+00   2.33340762e-11   1.63419181e-23  -1.05699862e-22  -2.12620821e-50
  3.13600000e-05   0.00000000e+00   0.00000000e+00   2.27553054e-11   1.59365785e-23  -1.03078117e-22  -2.02199622e-50
  3.14400000e-05   0.00000000e+00   0.00000000e+00   2.15174082e-11   1.50696226e-23  -9.74706288e-23  -1.80801821e-50
  3.15200000e-05   0.00000000e+00   0.00000000e+00   2.11484616e-11   1.48112324e-23  -9.57993557e-23  -1.74653694e-50
  3.16000000e-05   0.00000000e+00   0.00000000e+00   2.13392792e-11   1.49448707e-23  -9.66637309e-23  -1.77817653e-50
  3.16800000e-05   0.00000000e+00   0.00000000e+00   2.04154109e-11   1.42978435e-23  -9.24787461e-23  -1.62757412e-50
  3.17600000e-05   0.00000000e+00   0.00000000e+00   1.91494915e-11   1.34112625e-23  -8.67443215e-23  -1.43198507e-50
  3.18400000e-05   0.00000000e+00   0.00000000e+00   1.87690764e-11   1.31448404e-23  -8.50210983e-23  -1.37562792e-50
  3.19200000e-05   0.00000000e+00   0.00000000e+00   1.85948213e-11   1.30228016e-23  -8.42317485e-23  -1.35022132e-50
  3.20000000e-05   0.00000000e+00   0.00000000e+00   1.71003405e-11   1.19761485e-23  -7.74619750e-23  -1.14190965e-50
  3.20800000e-05   0.00000000e+00   0.00000000e+00   1.68561761e-11   1.18051490e-23  -7.63559469e-23  -1.10952311e-50
  3.21600000e-05   0.00000000e+00   0.00000000e+00   1.66623690e-11   1.16694171e-23  -7.54780298e-23  -1.08415761e-50
  3.22400000e-05   0.00000000e+00   0.00000000e+00   1.59701510e-11   1.11846252e-23  -7.23423861e-23  -9.95930847e-51
  3.23200000e-05   0.00000000e+00   0.00000000e+00   1.44086220e-11   1.00910152e-23  -6.52688944e-23  -8.10720502e-51
  3.24000000e-05   0.00000000e+00   0.00000000e+00   1.47312140e-11   1.03169411e-23  -6.67301877e-23  -8.47439363e-51
  3.24800000e-05   0.00000000e+00   0.00000000e+00   1.34823133e-11   9.44227899e-24  -6.10728549e-23  -7.09828357e-51
  3.25600000e-05   0.00000000e+00   0.00000000e+00   1.28991346e-11   9.03385233e-24  -5.84311430e-23  -6.49755580e-51
  3.26400000e-05   0.00000000e+00   0.00000000e+00   1.14684481e-11   8.03187737e-24  -5.19503482e-23  -5.13617347e-51
  3.27200000e-05   0.00000000e+00   0.00000000e+00   1.21821811e-11   8.53173711e-24  -5.51834514e-23  -5.79521895e-51
  3.28000000e-05   0.00000000e+00   0.00000000e+00   1.05410496e-11   7.38237784e-24  -4.77493719e-23  -4.33913737e-51
  3.28800000e-05   0.00000000e+00   0.00000000e+00   1.26460943e-11   8.85663665e-24  -5.72849084e-23  -6.24499027e-51
  3.29600000e-05   0.00000000e+00   0.00000000e+00   9.86994967e-12   6.91237596e-24  -4.47093902e-23  -3.80419930e-51
  3.30400000e-05   0.00000000e+00   0.00000000e+00   1.07651273e-11   7.53930967e-24  -4.87644103e-23  -4.52544876e-51
  3.31200000e-05   0.00000000e+00   0.00000000e+00   1.07964314e-11   7.56123337e-24  -4.89062132e-23  -4.55169099e-51
  3.32000000e-05   0.00000000e+00   0.00000000e+00   8.29111142e-12   5.80664352e-24  -3.75574899e-23  -2.68421610e-51
  3.32800000e-05   0.00000000e+00   0.00000000e+00   1.01891214e-11   7.13590648e-24  -4.61551902e-23  -4.05387243e-51
  3.33600000e-05   0.00000000e+00   0.00000000e+00   8.86861791e-12   6.21109765e-24  -4.01735076e-23  -3.07133865e-51
  3.34400000e-05   0.00000000e+00   0.00000000e+00   8.91605357e-12   6.24431900e-24  -4.03883840e-23  -3.10424685e-51
  3.35200000e-05   0.00000000e+00   0.00000000e+00   7.00211938e-12   4.90390359e-24  -3.17185495e-23  -1.91471418e-51
  3.36000000e-05   0.00000000e+00   0.00000000e+00   7.31728775e-12   5.12463038e-24  -3.31462149e-23  -2.09082536e-51
  3.36800000e-05   0.00000000e+00   0.00000000e+00   7.80253558e-12   5.46447156e-24  -3.53443147e-23  -2.37724214e-51
  3.37600000e-05   0.00000000e+00   0.00000000e+00   7.43312562e-12   5.20575692e-24  -3.36709431e-23  -2.15753840e-51
  3.38400000e-05   0.00000000e+00   0.00000000e+00   7.51797471e-12   5.26518061e-24  -3.40552967e-23  -2.20707619e-51
  3.39200000e-05   0.00000000e+00   0.00000000e+00   5.09141447e-12   3.56574979e-24  -2.30633431e-23  -1.01236378e-51
  3.40000000e-05   0.00000000e+00   0.00000000e+00   7.11765205e-12   4.98481639e-24  -3.22418952e-23  -1.97816744e-51
  3.40800000e-05   0.00000000e+00   0.00000000e+00   4.83977154e-12   3.38951276e-24  -2.19234384e-23  -9.14716147e-52
  3.41600000e-05   0.00000000e+00   0.00000000e+00   5.37340704e-12   3.76324204e-24  -2.43407272e-23  -1.12753538e-51
  3.42400000e-05   0.00000000e+00   0.00000000e+00   4.99138313e-12   3.49569327e-24  -2.26102162e-23  -9.72886158e-52
  3.43200000e-05   0.00000000e+00   0.00000000e+00   3.38384028e-12   2.36985769e-24  -1.53282884e-23  -4.47136030e-52
  3.44000000e-05   0.00000000e+00   0.00000000e+00   4.24146538e-12   2.97049167e-24  -1.92132014e-23  -7.02452572e-52
  3.44800000e-05   0.00000000e+00   0.00000000e+00   5.47880831e-12   3.83705936e-24  -2.48181791e-23  -1.17209961e-51
  3.45600000e-05   0.00000000e+00   0.00000000e+00   3.54429673e-12   2.48223266e-24  -1.60551321e-23  -4.90577512e-52
  3.46400000e-05   0.00000000e+00   0.00000000e+00   4.11140861e-12   2.87940698e-24  -1.86240637e-23  -6.60076550e-52
  3.47200000e-05   0.00000000e+00   0.00000000e+00   3.48405645e-12   2.44004365e-24  -1.57822526e-23  -4.74030526e-52
  3.48000000e-05   0.00000000e+00   0.00000000e+00   2.54519667e-12   1.78251732e-24  -1.15293588e-23  -2.52996212e-52
  3.48800000e-05   0.00000000e+00   0.00000000e+00   3.60241889e-12   2.52293826e-24  -1.63184167e-23  -5.06765060e-52
  3.49600000e-05   0.00000000e+00   0.00000000e+00   2.64175946e-12   1.85014465e-24  -1.19667738e-23  -2.72504027e-52
  3.50400000e-05   0.00000000e+00   0.00000000e+00   1.82294588e-12   1.27669215e-24  -8.25767114e-24  -1.29764871e-52
  3.51200000e-05   0.00000000e+00   0.00000000e+00   3.54688915e-12   2.48404825e-24  -1.60668753e-23  -4.91208275e-52
  3.52000000e-05   0.00000000e+00   0.00000000e+00   2.42814609e-12   1.70054146e-24  -1.09991372e-23  -2.30242527e-52
  3.52800000e-05   0.00000000e+00   0.00000000e+00   8.36079978e-13   5.85544943e-25  -3.78731677e-24  -2.73016972e-53
  3.53600000e-05   0.00000000e+00   0.00000000e+00   2.83869775e-12   1.98806951e-24  -1.28588746e-23  -3.14659952e-52
  3.54400000e-05   0.00000000e+00   0.00000000e+00   1.64339621e-12   1.15094532e-24  -7.44433810e-24  -1.05462457e-52
  3.55200000e-05   0.00000000e+00   0.00000000e+00   6.26062928e-13   4.38460424e-25  -2.83597107e-24  -1.53118878e-53
  3.56000000e-05   0.00000000e+00   0.00000000e+00   1.65898887e-12   1.16186558e-24  -7.51497052e-24  -1.07481386e-52
  3.56800000e-05   0.00000000e+00   0.00000000e+00   1.20847636e-12   8.46351116e-25  -5.47421648e-24  -5.70339726e-53
  3.57600000e-05   0.00000000e+00   0.00000000e+00   1.96963997e-12   1.37942871e-24  -8.92217335e-24  -1.51474498e-52
  3.58400000e-05   8.31982038e-14  -4.77543008e-14   1.30656062e-12   9.98655561e-25  -5.77285424e-24  -2.74587310e-25
  3.59200000e-05   0.00000000e+00   0.00000000e+00   9.99946921e-13   7.00308438e-25  -4.52960942e-24  -3.90410208e-53
  3.60000000e-05   1.28205142e-13  -8.78184165e-14  -6.70782232e-13  -3.16020780e-25   3.26301331e-24  -4.87592150e-25
  3.60800000e-05   1.45627732e-13  -2.50367235e-14   1.92530533e-12   1.39221518e-24  -8.46636890e-24  -2.15402341e-25
  3.61600000e-05   7.45645669e-13  -3.52199297e-13   1.20617467e-12   1.46139424e-24  -4.15826168e-24  -2.11761961e-24
  3.62400000e-05   3.08260941e-13  -2.09915575e-13   8.92182274e-13   9.92370777e-25  -3.50172698e-24  -1.16677523e-24
  3.63200000e-05  -1.02140998e-13   1.68133652e-13  -1.52862643e-13  -4.01436813e-25   5.13609236e-25   8.33154202e-25
  3.64000000e-05  -1.38319149e-12   5.06152302e-13   1.47559606e-12   1.47220451e-25  -9.10601680e-24   3.26150603e-24
  3.64800000e-05   1.35969071e-12  -4.11881025e-13   3.49681823e-13   9.66048173e-25   7.96635219e-25  -2.81801263e-24
  3.65600000e-05  -2.00963388e-13   5.18801977e-14   3.64309381e-13   1.64307006e-25  -2.00212753e-24   3.75753333e-25
  3.66400000e-05   6.25361026e-13  -2.56026323e-13   1.92514911e-13   5.83095727e-25   2.22862084e-25  -1.59772966e-24
  3.67200000e-05  -4.73810231e-13   3.44513472e-13   1.50017744e-12   4.47444459e-25  -7.62515860e-24   1.89242522e-24
  3.68000000e-05   1.85912842e-13  -1.45677890e-13  -3.08199460e-13   3.92168779e-26   1.72160646e-24  -7.90102214e-25
  3.68800000e-05   1.68180716e-13  -2.94912274e-15   4.39205277e-13   3.12759018e-25  -1.69507143e-24  -1.31143710e-25
  3.69600000e-05  -5.85614533e-14   2.38911709e-14  -1.28462826e-12  -9.41514094e-25   5.71663968e-24   1.49236674e-25
  3.70400000e-05   9.45209001e-14  -4.93641608e-14   8.31918065e-14   1.44693234e-25  -2.11352605e-25  -2.89809535e-25
  3.71200000e-05  -3.24014105e-13   1.50844237e-13   2.88505426e-13  -6.20551087e-26  -1.87419277e-24   9.10223605e-25
  3.72000000e-05   0.00000000e+00   0.00000000e+00  -1.89849316e-13  -1.32960135e-25   8.59988896e-25  -1.40788537e-54
  3.72800000e-05   0.00000000e+00   0.00000000e+00  -5.56970958e-13  -3.90072166e-25   2.52299482e-24  -1.21123531e-53
  3.73600000e-05   0.00000000e+00   0.00000000e+00  -5.40451842e-13  -3.78503076e-25   2.44816570e-24  -1.14031645e-53
  3.74400000e-05   0.00000000e+00   0.00000000e+00  -5.96844805e-13  -4.17997640e-25   2.70361736e-24  -1.39103167e-53
  3.75200000e-05   0.00000000e+00   0.00000000e+00  -4.90675945e-13  -3.43642745e-25   2.22268836e-24  -9.40147750e-54
  3.76000000e-05   0.00000000e+00   0.00000000e+00  -5.37011822e-13  -3.76093873e-25   2.43258293e-24  -1.12609532e-53
  3.76800000e-05   0.00000000e+00   0.00000000e+00  -1.47645118e-13  -1.03402610e-25   6.68810216e-25  -8.52746781e-55
  3.77600000e-05   0.00000000e+00   0.00000000e+00  -1.97580313e-13  -1.38374505e-25   8.95009153e-25  -1.52558822e-54
  3.78400000e-05   0.00000000e+00   0.00000000e+00  -1.48736165e-12  -1.04166720e-24   6.73752496e-24  -8.63730085e-53
  3.79200000e-05   0.00000000e+00   0.00000000e+00  -4.73836696e-13  -3.31849450e-25   2.14640909e-24  -8.76474875e-54
  3.80000000e-05   0.00000000e+00   0.00000000e+00  -6.01778063e-13  -4.21452626e-25   2.72596428e-24  -1.41407302e-53
  3.80800000e-05   0.00000000e+00   0.00000000e+00  -1.05396356e-12  -7.38138751e-25   4.77429667e-24  -4.33835069e-53
  3.81600000e-05   0.00000000e+00   0.00000000e+00  -9.60557383e-13  -6.72722148e-25   4.35118073e-24  -3.60312394e-53
  3.82400000e-05   0.00000000e+00   0.00000000e+00   2.27110980e-13   1.59056178e-25  -1.02877864e-24  -2.01131535e-54
  3.83200000e-05   0.00000000e+00   0.00000000e+00  -1.94281697e-12  -1.36064333e-24   8.80066916e-24  -1.47370781e-52
  3.84000000e-05   0.00000000e+00   0.00000000e+00  -2.96827766e-13  -2.07882023e-25   1.34458521e-24  -3.44463159e-54
  3.84800000e-05   0.00000000e+00   0.00000000e+00  -1.53338758e-12  -1.07390126e-24   6.94601553e-24  -9.18173845e-53
  3.85600000e-05   0.00000000e+00   0.00000000e+00  -6.24681232e-13  -4.37492759e-25   2.82971219e-24  -1.52382928e-53
  3.86400000e-05   0.00000000e+00   0.00000000e+00  -1.21337432e-12  -8.49781379e-25   5.49640349e-24  -5.74951028e-53
  3.87200000e-05   0.00000000e+00   0.00000000e+00  -1.46198938e-12  -1.02389785e-24   6.62259240e-24  -8.34772861e-53
  3.88000000e-05   0.00000000e+00   0.00000000e+00  -6.12884904e-13  -4.29231253e-25   2.77627660e-24  -1.46732084e-53
  3.88800000e-05   0.00000000e+00   0.00000000e+00  -1.09144717e-12  -7.64390234e-25   4.94409181e-24  -4.65126134e-53
  3.89600000e-05   0.00000000e+00   0.00000000e+00  -1.08111266e-12  -7.57152510e-25   4.89727806e-24  -4.56386425e-53
  3.90400000e-05   0.00000000e+00   0.00000000e+00  -1.28453182e-12  -8.99616220e-25   5.81873627e-24  -6.44320693e-53
  3.91200000e-05   0.00000000e+00   0.00000000e+00  -1.29110558e-12  -9.04220127e-25   5.84851444e-24  -6.50960764e-53
  3.92000000e-05   0.00000000e+00   0.00000000e+00  -1.42096749e-12  -9.95168347e-25   6.43676940e-24  -7.88449635e-53
  3.92800000e-05   0.00000000e+00   0.00000000e+00  -1.34588313e-12  -9.42583341e-25   6.09664849e-24  -7.07410895e-53
  3.93600000e-05   0.00000000e+00   0.00000000e+00  -1.10955617e-12  -7.77072793e-25   5.02612286e-24  -4.80621446e-53
  3.94400000e-05   0.00000000e+00   0.00000000e+00  -2.25678113e-12  -1.58052676e-24   1.02228797e-23  -1.98856833e-52
  3.95200000e-05   0.00000000e+00   0.00000000e+00  -7.76030343e-13  -5.43489445e-25   3.51530094e-24  -2.35188897e-53
  3.96000000e-05   0.00000000e+00   0.00000000e+00  -1.21062997e-12  -8.47859387e-25   5.48397201e-24  -5.72283889e-53
  3.96800000e-05   0.00000000e+00   0.00000000e+00  -1.56840386e-12  -1.09842476e-24   7.10463402e-24  -9.60510053e-53
  3.97600000e-05   0.00000000e+00   0.00000000e+00  -1.40283773e-12  -9.82471246e-25   6.35464429e-24  -7.68536150e-53
  3.98400000e-05   0.00000000e+00   0.00000000e+00  -9.27077210e-13  -6.49274455e-25   4.19952057e-24  -3.35492215e-53
  3.99200000e-05   0.00000000e+00   0.00000000e+00  -1.31122899e-12  -9.18313466e-25   5.93967044e-24  -6.71463321e-53
  4.00000000e-05   0.00000000e+00   0.00000000e+00  -7.26895134e-13  -5.09077817e-25   3.29272582e-24  -2.06370505e-53
  4.00800000e-05   0.00000000e+00   0.00000000e+00  -8.68639350e-13  -6.08347757e-25   3.93480584e-24  -2.94666600e-53
  4.01600000e-05   0.00000000e+00   0.00000000e+00  -7.95779957e-13  -5.57321001e-25   3.60476373e-24  -2.47341365e-53
  4.02400000e-05   0.00000000e+00   0.00000000e+00  -1.69991257e-12  -1.19052631e-24   7.70034871e-24  -1.12833547e-52
  4.03200000e-05   0.00000000e+00   0.00000000e+00  -1.01955681e-12  -7.14042138e-25   4.61843928e-24  -4.05835499e-53
  4.04000000e-05   0.00000000e+00   0.00000000e+00  -1.11004405e-12  -7.77414483e-25   5.02833291e-24  -4.81188334e-53
  4.04800000e-05   0.00000000e+00   0.00000000e+00  -8.82325297e-13  -6.17932650e-25   3.99680113e-24  -3.03988943e-53
  4.05600000e-05   0.00000000e+00   0.00000000e+00  -1.46089506e-12  -1.02313144e-24   6.61763528e-24  -8.33425255e-53
  4.06400000e-05   0.00000000e+00   0.00000000e+00  -1.30228250e-12  -9.12047832e-25   5.89914419e-24  -6.62278199e-53
  4.07200000e-05   0.00000000e+00   0.00000000e+00  -4.64440129e-13  -3.25268606e-25   2.10384406e-24  -8.42625281e-54
  4.08000000e-05   0.00000000e+00   0.00000000e+00  -7.56282547e-13  -5.29659163e-25   3.42584639e-24  -2.23405003e-53
  4.08800000e-05   0.00000000e+00   0.00000000e+00  -2.37437561e-12  -1.66288354e-24   1.07555650e-23  -2.20146742e-52
  4.09600000e-05   0.00000000e+00   0.00000000e+00  -6.47119734e-13  -4.53207466e-25   2.93135524e-24  -1.63579531e-53
  4.10400000e-05   0.00000000e+00   0.00000000e+00  -1.12761575e-12  -7.89720740e-25   5.10793004e-24  -4.96496074e-53
  4.11200000e-05   0.00000000e+00   0.00000000e+00  -1.14776716e-12  -8.03833693e-25   5.19921291e-24  -5.14477693e-53
  4.12000000e-05   0.00000000e+00   0.00000000e+00  -1.42325214e-12  -9.96768388e-25   6.44711849e-24  -7.90959824e-53
  4.12800000e-05   0.00000000e+00   0.00000000e+00  -9.00919068e-13  -6.30954716e-25   4.08102812e-24  -3.16988677e-53
  4.13600000e-05   0.00000000e+00   0.00000000e+00  -1.10292171e-12  -7.72426381e-25   4.99606976e-24  -4.74990809e-53
  4.14400000e-05   0.00000000e+00   0.00000000e+00  -1.57421429e-12  -1.10249407e-24   7.13095440e-24  -9.67711097e-53
  4.15200000e-05   0.00000000e+00   0.00000000e+00  -1.59726542e-12  -1.11863783e-24   7.23537253e-24  -9.96349849e-53
  4.16000000e-05   0.00000000e+00   0.00000000e+00  -1.03220782e-12  -7.22902221e-25   4.67574647e-24  -4.16102205e-53
  4.16800000e-05   0.00000000e+00   0.00000000e+00  -1.25102673e-12  -8.76151078e-25   5.66696324e-24  -6.11121815e-53
  4.17600000e-05   0.00000000e+00   0.00000000e+00  -1.53646385e-12  -1.07605572e-24   6.95995056e-24  -9.21881506e-53
  4.18400000e-05   0.00000000e+00   0.00000000e+00  -1.34427542e-12  -9.41457392e-25   6.08936583e-24  -7.05681718e-53
  4.19200000e-05   0.00000000e+00   0.00000000e+00  -2.03041913e-12  -1.42199513e-24   9.19749382e-24  -1.60974850e-52
  4.20000000e-05   0.00000000e+00   0.00000000e+00  -1.46230347e-12  -1.02411782e-24   6.62401518e-24  -8.34976232e-53
  4.20800000e-05   0.00000000e+00   0.00000000e+00  -1.01717728e-12  -7.12375644e-25   4.60766036e-24  -4.04127440e-53
  4.21600000e-05   0.00000000e+00   0.00000000e+00  -1.26975876e-12  -8.89269977e-25   5.75181655e-24  -6.29571901e-53
  4.22400000e-05   0.00000000e+00   0.00000000e+00  -1.15370859e-12  -8.07994750e-25   5.22612671e-24  -5.19762619e-53
  4.23200000e-05   0.00000000e+00   0.00000000e+00  -1.35278143e-12  -9.47414542e-25   6.12789680e-24  -7.14574440e-53
  4.24000000e-05   0.00000000e+00   0.00000000e+00  -9.39275826e-13  -6.57817704e-25   4.25477847e-24  -3.44498603e-53
  4.24800000e-05   0.00000000e+00   0.00000000e+00  -9.22698647e-13  -6.46207949e-25   4.17968634e-24  -3.32467589e-53
  4.25600000e-05   0.00000000e+00   0.00000000e+00  -9.57723835e-13  -6.70737686e-25   4.33834518e-24  -3.58229555e-53
  4.26400000e-05   0.00000000e+00   0.00000000e+00  -1.54932695e-12  -1.08506433e-24   7.01821850e-24  -9.37289257e-53
  4.27200000e-05   0.00000000e+00   0.00000000e+00  -1.24186102e-12  -8.69731920e-25   5.62544399e-24  -6.02203160e-53
  4.28000000e-05   0.00000000e+00   0.00000000e+00  -1.25073768e-12  -8.75948644e-25   5.66565389e-24  -6.10869418e-53
  4.28800000e-05   0.00000000e+00   0.00000000e+00  -8.96809158e-13  -6.28076359e-25   4.06241084e-24  -3.14071599e-53
  4.29600000e-05   0.00000000e+00   0.00000000e+00  -1.21125472e-12  -8.48296925e-25   5.48680201e-24  -5.72877521e-53
  4.30400000e-05   0.00000000e+00   0.00000000e+00  -8.21695593e-13  -5.75470903e-25   3.72215767e-24  -2.63673056e-53
  4.31200000e-05   0.00000000e+00   0.00000000e+00  -6.17285350e-13  -4.32313087e-25   2.79620996e-24  -1.48807466e-53
  4.32000000e-05   0.00000000e+00   0.00000000e+00  -1.17225278e-12  -8.20982092e-25   5.31012910e-24  -5.36578360e-53
  4.32800000e-05   0.00000000e+00   0.00000000e+00  -1.31588303e-12  -9.21572907e-25   5.96075257e-24  -6.76083756e-53
  4.33600000e-05   0.00000000e+00   0.00000000e+00  -1.38233129e-12  -9.68109655e-25   6.26175321e-24  -7.46200960e-53
  4.34400000e-05   0.00000000e+00   0.00000000e+00  -1.10299775e-12  -7.72479634e-25   4.99641420e-24  -4.75097780e-53
  4.35200000e-05   0.00000000e+00   0.00000000e+00  -9.72416317e-13  -6.81027501e-25   4.40489992e-24  -3.69248817e-53
  4.36000000e-05   0.00000000e+00   0.00000000e+00  -1.24636902e-12  -8.72889072e-25   5.64586452e-24  -6.06656966e-53
  4.36800000e-05   0.00000000e+00   0.00000000e+00  -6.13760592e-13  -4.29844538e-25   2.78024333e-24  -1.47122226e-53
  4.37600000e-05   0.00000000e+00   0.00000000e+00  -6.96507159e-13  -4.87795733e-25   3.15507286e-24  -1.89454682e-53
  4.38400000e-05   0.00000000e+00   0.00000000e+00  -1.82664096e-12  -1.27927998e-24   8.27440932e-24  -1.30283867e-52
  4.39200000e-05   0.00000000e+00   0.00000000e+00  -1.24505595e-12  -8.71969471e-25   5.63991652e-24  -6.05254122e-53
  4.40000000e-05   0.00000000e+00   0.00000000e+00  -1.00338396e-12  -7.02715556e-25   4.54517871e-24  -3.93188135e-53
  4.40800000e-05   0.00000000e+00   0.00000000e+00  -8.10598661e-13  -5.67699216e-25   3.67189023e-24  -2.56622237e-53
  4.41600000e-05   0.00000000e+00   0.00000000e+00  -9.66686554e-13  -6.77014687e-25   4.37894496e-24  -3.64895053e-53
  4.42400000e-05   0.00000000e+00   0.00000000e+00  -1.00317492e-12  -7.02569151e-25   4.54423175e-24  -3.93003073e-53
  4.43200000e-05   0.00000000e+00   0.00000000e+00  -7.64893285e-13  -5.35689656e-25   3.46485174e-24  -2.28482187e-53
  4.44000000e-05   0.00000000e+00   0.00000000e+00  -2.31147738e-13  -1.61883304e-25   1.04706455e-24  -2.08806196e-54
  4.44800000e-05   0.00000000e+00   0.00000000e+00  -9.93529567e-13  -6.95814074e-25   4.50053977e-24  -3.85463292e-53
  4.45600000e-05   0.00000000e+00   0.00000000e+00  -9.86631509e-13  -6.90983049e-25   4.46929261e-24  -3.80121540e-53
  4.46400000e-05   0.00000000e+00   0.00000000e+00  -8.44284544e-13  -5.91290976e-25   3.82448223e-24  -2.78379788e-53
  4.47200000e-05   0.00000000e+00   0.00000000e+00  -1.20584101e-12  -8.44505464e-25   5.46227875e-24  -5.67801114e-53
  4.48000000e-05   0.00000000e+00   0.00000000e+00  -1.09054565e-12  -7.63758860e-25   4.94000806e-24  -4.64400854e-53
  4.48800000e-05   0.00000000e+00   0.00000000e+00  -1.21826507e-12  -8.53206597e-25   5.51855786e-24  -5.79559924e-53
  4.49600000e-05   0.00000000e+00   0.00000000e+00  -1.24146137e-12  -8.69452022e-25   5.62363361e-24  -6.01840236e-53
  4.50400000e-05   0.00000000e+00   0.00000000e+00  -8.58189442e-13  -6.01029211e-25   3.88746933e-24  -2.87604557e-53
  4.51200000e-05   0.00000000e+00   0.00000000e+00  -6.62233161e-13  -4.63792089e-25   2.99981679e-24  -1.71287993e-53
  4.52000000e-05   0.00000000e+00   0.00000000e+00  -9.31543004e-13  -6.52402056e-25   4.21974995e-24  -3.38842321e-53
  4.52800000e-05   0.00000000e+00   0.00000000e+00  -8.40544721e-13  -5.88671808e-25   3.80754139e-24  -2.75851406e-53
  4.53600000e-05   0.00000000e+00   0.00000000e+00  -1.16384004e-12  -8.15090268e-25   5.27202066e-24  -5.28872802e-53
  4.54400000e-05   0.00000000e+00   0.00000000e+00  -5.86752055e-13  -4.10929228e-25   2.65789872e-24  -1.34467334e-53
  4.55200000e-05   0.00000000e+00   0.00000000e+00  -9.50072829e-07  -6.65379379e-19   4.30368727e-18  -3.52154362e-41
  4.56000000e-05   0.00000000e+00   0.00000000e+00  -7.98294465e-07  -5.59088412e-19   3.61615309e-18  -2.48800176e-41
  4.56800000e-05   0.00000000e+00   0.00000000e+00  -3.01763897e-06  -2.11358566e-18   1.36694213e-17  -3.55592294e-40
  4.57600000e-05   0.00000000e+00   0.00000000e+00  -1.26346910e-06  -8.85005740e-19   5.72330359e-18  -6.23918796e-41
  4.58400000e-05   0.00000000e+00   0.00000000e+00   0.00000000e+00   0.00000000e+00   0.00000000e+00   0.00000000e+00
