       time             b_x              b_y              b_z              F_x              F_y              F_z
  0.00000000e+00   0.00000000e+00   0.00000000e+00   0.00000000e+00  -0.00000000e+00   0.00000000e+00   0.00000000e+00
  8.00000000e-08   0.00000000e+00   0.00000000e+00   0.00000000e+00  -0.00000000e+00   0.00000000e+00   0.00000000e+00
  1.60000000e-07   0.00000000e+00   0.00000000e+00   0.00000000e+00  -0.00000000e+00   0.00000000e+00   0.00000000e+00
  2.40000000e-07   0.00000000e+00   0.00000000e+00   0.00000000e+00  -0.00000000e+00   0.00000000e+00   0.00000000e+00
  3.20000000e-07   0.00000000e+00   0.00000000e+00   0.00000000e+00  -0.00000000e+00   0.00000000e+00   0.00000000e+00
  4.00000000e-07   0.00000000e+00   0.00000000e+00   0.00000000e+00  -0.00000000e+00   0.00000000e+00   0.00000000e+00
  4.80000000e-07   0.00000000e+00   0.00000000e+00   0.00000000e+00  -0.00000000e+00   0.00000000e+00   0.00000000e+00
  5.60000000e-07   0.00000000e+00   0.00000000e+00   0.00000000e+00  -0.00000000e+00   0.00000000e+00   0.00000000e+00
  6.40000000e-07   0.00000000e+00   0.00000000e+00   0.00000000e+00  -0.00000000e+00   0.00000000e+00   0.00000000e+00
  7.20000000e-07   0.00000000e+00   0.00000000e+00   0.00000000e+00  -0.00000000e+00   0.00000000e+00   0.00000000e+00
  8.00000000e-07   0.00000000e+00   0.00000000e+00   0.00000000e+00  -0.00000000e+00   0.00000000e+00   0.00000000e+00
  8.80000000e-07   0.00000000e+00   0.00000000e+00   0.00000000e+00  -0.00000000e+00   0.00000000e+00   0.00000000e+00
  9.60000000e-07   2.39344965e-06   1.56222007e-06   1.77571206e-14  -5.96498296e-18   9.13884450e-18   6.56563353e-18
  1.04000000e-06   3.68294534e-06   2.40994181e-06   1.42662502e-13  -9.20187268e-18   1.40625772e-17   1.01207966e-17
  1.12000000e-06   3.19738726e-06   2.09786587e-06   3.54087145e-13  -8.01036785e-18   1.22087143e-17   8.80300414e-18
  1.20000000e-06   9.80092008e-07   6.45327714e-07   7.61260256e-13  -2.46409522e-18   3.74234349e-18   2.70509387e-18
  1.28000000e-06   5.21267878e-07   3.44178282e-07   5.69286994e-13  -1.31420319e-18   1.99039604e-18   1.44155100e-18
  1.36000000e-06   1.88043958e-13   5.34212548e-14   5.07004018e-13  -6.09966204e-25  -7.90633275e-25   3.09538140e-25
  1.44000000e-06   9.43315665e-14   3.96259678e-14   5.94127260e-13  -6.27054588e-25  -1.40770892e-24   1.93448235e-25
  1.52000000e-06   1.01434530e-13   7.19439391e-14   7.44444635e-13  -8.70823489e-25  -1.82787589e-24   2.95302232e-25
  1.60000000e-06   0.00000000e+00   0.00000000e+00   8.91425602e-13  -7.13809533e-25  -2.65255195e-24  -3.05804568e-53
  1.68000000e-06   0.00000000e+00   0.00000000e+00   6.79112767e-13  -5.43799915e-25  -2.02078770e-24  -1.77518557e-53
  1.76000000e-06   0.00000000e+00   0.00000000e+00   5.30542441e-13  -4.24832147e-25  -1.57869752e-24  -1.08344503e-53
  1.84000000e-06   0.00000000e+00   0.00000000e+00   7.12036633e-13  -5.70163719e-25  -2.11875691e-24  -1.95104579e-53
  1.92000000e-06   0.00000000e+00   0.00000000e+00   3.82556482e-13  -3.06332310e-25  -1.13834620e-24  -5.63389829e-54
  2.00000000e-06   0.00000000e+00   0.00000000e+00   1.05505294e-12  -8.44834212e-25  -3.13944621e-24  -4.28375191e-53
  2.08000000e-06   0.00000000e+00   0.00000000e+00   1.64204209e-12  -1.31486609e-24  -4.88610821e-24  -1.03768604e-52
  2.16000000e-06   0.00000000e+00   0.00000000e+00   1.26681656e-12  -1.01440405e-24  -3.76957620e-24  -6.17611963e-53
  2.24000000e-06   0.00000000e+00   0.00000000e+00   5.14669522e-13  -4.12121899e-25  -1.53146560e-24  -1.01979036e-53
  2.32000000e-06   0.00000000e+00   0.00000000e+00   2.35493424e-13  -1.88571487e-25  -7.00741082e-25  -2.13523438e-54
  2.40000000e-06   0.00000000e+00   0.00000000e+00  -1.59877299e-13   1.28021834e-25   4.75735541e-25  -9.83937141e-55
  2.48000000e-06   0.00000000e+00   0.00000000e+00  -1.04307129e-12   8.35239898e-25   3.10379326e-24  -4.18704132e-53
  2.56000000e-06   0.00000000e+00   0.00000000e+00   7.88178998e-13  -6.31134759e-25  -2.34532835e-24  -2.39142872e-53
  2.64000000e-06   0.00000000e+00   0.00000000e+00   7.34145997e-13  -5.87867804e-25  -2.18454618e-24  -2.07438953e-53
  2.72000000e-06   0.00000000e+00   0.00000000e+00   5.96083457e-13  -4.77314151e-25  -1.77372327e-24  -1.36763617e-53
  2.80000000e-06   0.00000000e+00   0.00000000e+00   7.07615155e-13  -5.66623219e-25  -2.10560024e-24  -1.92707874e-53
  2.88000000e-06   0.00000000e+00   0.00000000e+00   7.96404164e-13  -6.37721065e-25  -2.36980339e-24  -2.44108806e-53
  2.96000000e-06   0.00000000e+00   0.00000000e+00   4.95919737e-13  -3.97107998e-25  -1.47567319e-24  -9.46887963e-54
  3.04000000e-06   0.00000000e+00   0.00000000e+00   9.18553417e-13  -7.35532146e-25  -2.73327426e-24  -3.24756432e-53
  3.12000000e-06   0.00000000e+00   0.00000000e+00   2.81134647e-13  -2.25118720e-25  -8.36552431e-25  -3.04215675e-54
  3.20000000e-06   0.00000000e+00   0.00000000e+00   1.75470200e-13  -1.40507858e-25  -5.22134230e-25  -1.18535391e-54
  3.28000000e-06   0.00000000e+00   0.00000000e+00   6.70468231e-13  -5.36877799e-25  -1.99506477e-24  -1.73009285e-53
  3.36000000e-06   0.00000000e+00   0.00000000e+00   8.34813098e-13  -6.68477040e-25  -2.48409413e-24  -2.68208736e-53
  3.44000000e-06   0.00000000e+00   0.00000000e+00   6.88732074e-13  -5.51502581e-25  -2.04941119e-24  -1.82583225e-53
  3.52000000e-06   0.00000000e+00   0.00000000e+00   1.24118117e-12  -9.93876492e-25  -3.69329478e-24  -5.92977166e-53
  3.60000000e-06   0.00000000e+00   0.00000000e+00   8.82230832e-13  -7.06446816e-25  -2.62519172e-24  -2.99602099e-53
  3.68000000e-06   0.00000000e+00   0.00000000e+00   7.93049543e-13  -6.35034851e-25  -2.35982128e-24  -2.42068227e-53
  3.76000000e-06   0.00000000e+00   0.00000000e+00   1.31170462e-12  -1.05034818e-24  -3.90314641e-24  -6.62176359e-53
  3.84000000e-06   0.00000000e+00   0.00000000e+00   6.05629238e-13  -4.84957940e-25  -1.80212798e-24  -1.41149280e-53
  3.92000000e-06   0.00000000e+00   0.00000000e+00   1.14313821e-12  -9.15368540e-25  -3.40155530e-24  -5.02889192e-53
  4.00000000e-06   0.00000000e+00   0.00000000e+00   6.76890701e-13  -5.42020595e-25  -2.01417566e-24  -1.76396715e-53
  4.08000000e-06   0.00000000e+00   0.00000000e+00   1.20829770e-12  -9.67545037e-25  -3.59544578e-24  -5.61944703e-53
  4.16000000e-06   0.00000000e+00   0.00000000e+00   1.10292043e-12  -8.83164129e-25  -3.28188210e-24  -4.68203817e-53
  4.24000000e-06   0.00000000e+00   0.00000000e+00   5.36844759e-13  -4.29878732e-25  -1.59745088e-24  -1.10929070e-53
  4.32000000e-06   0.00000000e+00   0.00000000e+00   1.11432977e-12  -8.92300164e-25  -3.31583206e-24  -4.77887039e-53
  4.40000000e-06   0.00000000e+00   0.00000000e+00   5.67887187e-13  -4.54735973e-25  -1.68982163e-24  -1.24133704e-53
  4.48000000e-06   0.00000000e+00   0.00000000e+00   8.86935523e-13  -7.10214100e-25  -2.63919114e-24  -3.02726847e-53
  4.56000000e-06   0.00000000e+00   0.00000000e+00   1.57984376e-12  -1.26506075e-24  -4.70102905e-24  -9.60540295e-53
  4.64000000e-06   0.00000000e+00   0.00000000e+00   1.24164595e-12  -9.94248663e-25  -3.69467779e-24  -5.93306964e-53
  4.72000000e-06   0.00000000e+00   0.00000000e+00   6.96447604e-13  -5.57680796e-25  -2.07236975e-24  -1.86754902e-53
  4.80000000e-06   0.00000000e+00   0.00000000e+00   5.14220949e-13  -4.11762703e-25  -1.53013081e-24  -1.01767586e-53
  4.88000000e-06   0.00000000e+00   0.00000000e+00   6.68913775e-13  -5.35633068e-25  -1.99043928e-24  -1.72230785e-53
  4.96000000e-06   0.00000000e+00   0.00000000e+00   1.03470585e-12  -8.28541267e-25  -3.07890081e-24  -4.12061054e-53
  5.04000000e-06   0.00000000e+00   0.00000000e+00   1.21620478e-12  -9.73876633e-25  -3.61897430e-24  -5.69237757e-53
  5.12000000e-06   0.00000000e+00   0.00000000e+00   1.84265945e-12  -1.47551056e-24  -5.48307106e-24  -1.30674084e-52
  5.20000000e-06   0.00000000e+00   0.00000000e+00   6.33021137e-13  -5.06892018e-25  -1.88363611e-24  -1.54282790e-53
  5.28000000e-06   0.00000000e+00   0.00000000e+00   5.33952219e-13  -4.27562528e-25  -1.58884375e-24  -1.09736636e-53
  5.36000000e-06   0.00000000e+00   0.00000000e+00   4.69275755e-13  -3.75772815e-25  -1.39639058e-24  -8.47692579e-54
  5.44000000e-06   0.00000000e+00   0.00000000e+00   1.81683689e-12  -1.45483312e-24  -5.40623269e-24  -1.27036066e-52
  5.52000000e-06   0.00000000e+00   0.00000000e+00   1.08690528e-12  -8.70339995e-25  -3.23422697e-24  -4.54630020e-53
  5.60000000e-06   0.00000000e+00   0.00000000e+00   1.26019896e-12  -1.00910500e-24  -3.74988467e-24  -6.11236594e-53
  5.68000000e-06   0.00000000e+00   0.00000000e+00   1.31940493e-12  -1.05651421e-24  -3.92605968e-24  -6.70019663e-53
  5.76000000e-06   0.00000000e+00   0.00000000e+00   1.35888796e-12  -1.08813027e-24  -4.04354654e-24  -7.10654367e-53
  5.84000000e-06   0.00000000e+00   0.00000000e+00   4.64379183e-13  -3.71851882e-25  -1.38182020e-24  -8.30309439e-54
  5.92000000e-06   0.00000000e+00   0.00000000e+00   1.05200318e-12  -8.42392120e-25  -3.13037127e-24  -4.25937132e-53
  6.00000000e-06   0.00000000e+00   0.00000000e+00   1.29251741e-12  -1.03498402e-24  -3.84605240e-24  -6.42967198e-53
  6.08000000e-06   0.00000000e+00   0.00000000e+00   1.24814893e-12  -9.99455928e-25  -3.71402824e-24  -5.99593505e-53
  6.16000000e-06   0.00000000e+00   0.00000000e+00   9.85876025e-13  -7.89440761e-25  -2.93360137e-24  -3.74117342e-53
  6.24000000e-06   0.00000000e+00   0.00000000e+00   5.16985099e-13  -4.13976098e-25  -1.53835590e-24  -1.02886365e-53
  6.32000000e-06   0.00000000e+00   0.00000000e+00   7.38367940e-13  -5.91248528e-25  -2.19710912e-24  -2.09848033e-53
  6.40000000e-06   0.00000000e+00   0.00000000e+00   9.40452957e-13  -7.53068214e-25  -2.79843917e-24  -3.40388557e-53
  6.48000000e-06   0.00000000e+00   0.00000000e+00   1.02670123e-12  -8.22131569e-25  -3.05508205e-24  -4.05686489e-53
  6.56000000e-06   0.00000000e+00   0.00000000e+00   1.34669811e-12  -1.07836924e-24  -4.00727408e-24  -6.97992765e-53
  6.64000000e-06   0.00000000e+00   0.00000000e+00   1.55480767e-12  -1.24501308e-24  -4.62653091e-24  -9.30453763e-53
  6.72000000e-06   0.00000000e+00   0.00000000e+00   9.83784004e-13  -7.87765574e-25  -2.92737629e-24  -3.72566166e-53
  6.80000000e-06   0.00000000e+00   0.00000000e+00   3.99398438e-13  -3.19818516e-25  -1.18846161e-24  -6.14072280e-54
  6.88000000e-06   0.00000000e+00   0.00000000e+00   1.02979550e-12  -8.24609307e-25  -3.06428945e-24  -4.08132172e-53
  6.96000000e-06   0.00000000e+00   0.00000000e+00   9.23464495e-13  -7.39464695e-25  -2.74788781e-24  -3.28220796e-53
  7.04000000e-06   0.00000000e+00   0.00000000e+00   1.02119987e-12  -8.17726349e-25  -3.03871203e-24  -4.01416786e-53
  7.12000000e-06   0.00000000e+00   0.00000000e+00   5.95700783e-13  -4.77007725e-25  -1.77258457e-24  -1.36612564e-53
  7.20000000e-06   0.00000000e+00   0.00000000e+00   5.58804705e-13  -4.47463170e-25  -1.66279553e-24  -1.20185237e-53
  7.28000000e-06   0.00000000e+00   0.00000000e+00   5.82902178e-13  -4.66759235e-25  -1.73450067e-24  -1.30791052e-53
  7.36000000e-06   0.00000000e+00   0.00000000e+00   1.76099412e-12  -1.41011699e-24  -5.24006532e-24  -1.19342213e-52
  7.44000000e-06   0.00000000e+00   0.00000000e+00   1.08707765e-12  -8.70478016e-25  -3.23473987e-24  -4.54817411e-53
  7.52000000e-06   0.00000000e+00   0.00000000e+00   1.28999647e-12  -1.03296537e-24  -3.83855102e-24  -6.40466152e-53
  7.60000000e-06   0.00000000e+00   0.00000000e+00   1.01269520e-12  -8.10916227e-25  -3.01340528e-24  -3.94657214e-53
  7.68000000e-06   0.00000000e+00   0.00000000e+00   1.02337632e-12  -8.19469142e-25  -3.04518834e-24  -4.03065754e-53
  7.76000000e-06   0.00000000e+00   0.00000000e+00   7.08165690e-13  -5.67064060e-25  -2.10723842e-24  -1.93061425e-53
  7.84000000e-06   0.00000000e+00   0.00000000e+00   1.07812681e-12  -8.63310628e-25  -3.20810550e-24  -4.47410684e-53
  7.92000000e-06   0.00000000e+00   0.00000000e+00   1.51942526e-12  -1.21668060e-24  -4.52124600e-24  -8.88484927e-53
  8.00000000e-06   0.00000000e+00   0.00000000e+00   1.34332804e-12  -1.07567066e-24  -3.99724599e-24  -6.94504450e-53
  8.08000000e-06   0.00000000e+00   0.00000000e+00   1.65690865e-12  -1.32677050e-24  -4.93034557e-24  -1.05660533e-52
  8.16000000e-06   0.00000000e+00   0.00000000e+00   2.39099811e-12  -1.91459303e-24  -7.11472352e-24  -2.20027675e-52
  8.24000000e-06   0.00000000e+00   0.00000000e+00   1.13467043e-12  -9.08587961e-25  -3.37635833e-24  -4.95592408e-53
  8.32000000e-06   0.00000000e+00   0.00000000e+00   9.29828642e-13  -7.44560789e-25  -2.76682515e-24  -3.32803625e-53
  8.40000000e-06   0.00000000e+00   0.00000000e+00   1.19838694e-12  -9.59608996e-25  -3.56595505e-24  -5.52706236e-53
  8.48000000e-06   0.00000000e+00   0.00000000e+00   8.72287522e-13  -6.98484706e-25  -2.59560412e-24  -2.92896992e-53
  8.56000000e-06   0.00000000e+00   0.00000000e+00   1.09166131e-12  -8.74148382e-25  -3.24837913e-24  -4.58696219e-53
  8.64000000e-06   0.00000000e+00   0.00000000e+00   1.23593969e-12  -9.89679377e-25  -3.67769809e-24  -5.87891477e-53
  8.72000000e-06   0.00000000e+00   0.00000000e+00   1.51054092e-12  -1.20956646e-24  -4.49480949e-24  -8.78189127e-53
  8.80000000e-06   0.00000000e+00   0.00000000e+00   9.59533425e-13  -7.68346910e-25  -2.85521557e-24  -3.54392826e-53
  8.88000000e-06   0.00000000e+00   0.00000000e+00   1.08248184e-12  -8.66797922e-25  -3.22106445e-24  -4.51016553e-53
  8.96000000e-06   0.00000000e+00   0.00000000e+00   1.11184955e-12  -8.90314131e-25  -3.30845186e-24  -4.75793678e-53
  9.04000000e-06   0.00000000e+00   0.00000000e+00   1.14284049e-12  -9.15130143e-25  -3.40066940e-24  -5.02694476e-53
  9.12000000e-06   0.00000000e+00   0.00000000e+00   1.14910039e-12  -9.20142763e-25  -3.41929655e-24  -5.08270672e-53
  9.20000000e-06   0.00000000e+00   0.00000000e+00   7.48242069e-13  -5.99155242e-25  -2.22649086e-24  -2.15506906e-53
  9.28000000e-06   0.00000000e+00   0.00000000e+00   1.18568985e-12  -9.49441790e-25  -3.52817320e-24  -5.41105279e-53
  9.36000000e-06   0.00000000e+00   0.00000000e+00   1.19619952e-12  -9.57857415e-25  -3.55944609e-24  -5.50718487e-53
  9.44000000e-06   0.00000000e+00   0.00000000e+00   1.59985611e-12  -1.28108564e-24  -4.76057836e-24  -9.85085469e-53
  9.52000000e-06   0.00000000e+00   0.00000000e+00   1.54643389e-12  -1.23830777e-24  -4.60161365e-24  -9.20454490e-53
  9.60000000e-06   0.00000000e+00   0.00000000e+00   1.49816636e-12  -1.19965752e-24  -4.45798739e-24  -8.63892682e-53
  9.68000000e-06   0.00000000e+00   0.00000000e+00   1.25757574e-12  -1.00700445e-24  -3.74207894e-24  -6.08663568e-53
  9.76000000e-06   0.00000000e+00   0.00000000e+00   1.13602298e-12  -9.09671018e-25  -3.38038302e-24  -4.96741793e-53
  9.84000000e-06   0.00000000e+00   0.00000000e+00   1.19112966e-12  -9.53797721e-25  -3.54436006e-24  -5.46064750e-53
  9.92000000e-06   0.00000000e+00   0.00000000e+00   1.30250107e-12  -1.04297844e-24  -3.87576006e-24  -6.52954786e-53
  1.00000000e-05   0.00000000e+00   0.00000000e+00   1.44935309e-12  -1.16057027e-24  -4.31273721e-24  -8.08483888e-53
  1.00800000e-05   0.00000000e+00   0.00000000e+00   1.35225675e-12  -1.08282033e-24  -4.02381452e-24  -7.03761145e-53
  1.01600000e-05   0.00000000e+00   0.00000000e+00   1.71650874e-12  -1.37449530e-24  -5.10769332e-24  -1.13397953e-52
  1.02400000e-05   0.00000000e+00   0.00000000e+00   8.05451049e-13  -6.44965364e-25  -2.39672357e-24  -2.49719821e-53
  1.03200000e-05   0.00000000e+00   0.00000000e+00   1.77671217e-12  -1.42270323e-24  -5.28683641e-24  -1.21495514e-52
  1.04000000e-05   0.00000000e+00   0.00000000e+00   1.44109846e-12  -1.15396037e-24  -4.28817448e-24  -7.99300243e-53
  1.04800000e-05   0.00000000e+00   0.00000000e+00   1.62131006e-12  -1.29826491e-24  -4.82441736e-24  -1.01171060e-52
  1.05600000e-05   0.00000000e+00   0.00000000e+00   1.28727427e-12  -1.03078557e-24  -3.83045075e-24  -6.37800163e-53
  1.06400000e-05   0.00000000e+00   0.00000000e+00   1.06517953e-12  -8.52943086e-25  -3.16957919e-24  -4.36651097e-53
  1.07200000e-05   0.00000000e+00   0.00000000e+00   1.07890046e-12  -8.63930126e-25  -3.21040758e-24  -4.48035768e-53
  1.08000000e-05   0.00000000e+00   0.00000000e+00   1.16013739e-12  -9.28980644e-25  -3.45213856e-24  -5.18006593e-53
  1.08800000e-05   0.00000000e+00   0.00000000e+00   1.89889017e-12  -1.52053733e-24  -5.65039281e-24  -1.38778624e-52
  1.09600000e-05   0.00000000e+00   0.00000000e+00   1.50614494e-12  -1.20604637e-24  -4.48172868e-24  -8.73080023e-53
  1.10400000e-05   0.00000000e+00   0.00000000e+00   1.48045735e-12  -1.18547703e-24  -4.40529194e-24  -8.43617932e-53
  1.11200000e-05   0.00000000e+00   0.00000000e+00   1.55855915e-12  -1.24801709e-24  -4.63769394e-24  -9.34948838e-53
  1.12000000e-05   0.00000000e+00   0.00000000e+00   1.56216240e-12  -1.25090239e-24  -4.64841586e-24  -9.39325954e-53
  1.12800000e-05   0.00000000e+00   0.00000000e+00   1.59243183e-12  -1.27514066e-24  -4.73848648e-24  -9.76050289e-53
  1.13600000e-05   0.00000000e+00   0.00000000e+00   1.48142767e-12  -1.18625401e-24  -4.40817926e-24  -8.44695748e-53
  1.14400000e-05   0.00000000e+00   0.00000000e+00   7.63004239e-13  -6.10976058e-25  -2.27041761e-24  -2.24088063e-53
  1.15200000e-05   0.00000000e+00   0.00000000e+00   1.40043009e-12  -1.12139515e-24  -4.16716050e-24  -7.54863252e-53
  1.16000000e-05   0.00000000e+00   0.00000000e+00   1.39635435e-12  -1.11813150e-24  -4.15503260e-24  -7.50433712e-53
  1.16800000e-05   0.00000000e+00   0.00000000e+00   1.37854325e-12  -1.10386926e-24  -4.10203340e-24  -7.31434095e-53
  1.17600000e-05   0.00000000e+00   0.00000000e+00   1.21571559e-12  -9.73484922e-25  -3.61751868e-24  -5.68882798e-53
  1.18400000e-05   0.00000000e+00   0.00000000e+00   1.04734524e-12  -8.38662269e-25  -3.11651095e-24  -4.22199694e-53
  1.19200000e-05   1.64175115e-14   3.04264436e-14   1.18451830e-12  -1.06468329e-24  -3.46199887e-24   1.03684142e-25
  1.20000000e-05   8.62272834e-14   1.59804342e-13   7.82866207e-13  -1.23707368e-24  -2.00027122e-24   5.44564990e-25
  1.20800000e-05   4.81968353e-14   2.14044039e-14   1.36480866e-12  -1.17460134e-24  -3.87713067e-24   1.02285209e-25
  1.21600000e-05  -7.40433601e-14   1.32229622e-14   1.96225320e-12  -1.62176557e-24  -6.12166313e-24  -1.99436298e-26
  1.22400000e-05   1.48768490e-13   2.21558591e-13   1.42458545e-12  -1.98673168e-24  -3.67098379e-24   7.78402637e-25
  1.23200000e-05   2.12658850e-14   4.17885616e-14   1.29647868e-12  -1.19772047e-24  -3.77663851e-24   1.41375928e-25
  1.24000000e-05  -4.79519244e-14  -5.37284100e-14   2.08451202e-12  -1.46401883e-24  -6.38583308e-24  -1.98273349e-25
  1.24800000e-05   0.00000000e+00   0.00000000e+00   1.54564367e-12  -1.23767501e-24  -4.59926225e-24  -9.19469349e-53
  1.25600000e-05   0.00000000e+00   0.00000000e+00   1.79787599e-12  -1.43965018e-24  -5.34981209e-24  -1.24405749e-52
  1.26400000e-05   0.00000000e+00   0.00000000e+00   1.70430156e-12  -1.36472040e-24  -5.07136928e-24  -1.11788438e-52
  1.27200000e-05   0.00000000e+00   0.00000000e+00   1.48510879e-12  -1.18920167e-24  -4.41913291e-24  -8.48910860e-53
  1.28000000e-05   0.00000000e+00   0.00000000e+00   1.50950050e-12  -1.20873335e-24  -4.49171360e-24  -8.77054217e-53
  1.28800000e-05   0.00000000e+00   0.00000000e+00   1.41085754e-12  -1.12974494e-24  -4.19818873e-24  -7.66167686e-53
  1.29600000e-05   0.00000000e+00   0.00000000e+00   1.24635883e-12  -9.98022508e-25  -3.70870158e-24  -5.97940880e-53
  1.30400000e-05   0.00000000e+00   0.00000000e+00   1.58387988e-12  -1.26829267e-24  -4.71303903e-24  -9.65476530e-53
  1.31200000e-05   0.00000000e+00   0.00000000e+00   1.23274426e-12  -9.87120634e-25  -3.66818967e-24  -5.84916413e-53
  1.32000000e-05   0.00000000e+00   0.00000000e+00   1.72475352e-12  -1.38109731e-24  -5.13222673e-24  -1.14495137e-52
  1.32800000e-05   0.00000000e+00   0.00000000e+00   1.23978482e-12  -9.92758371e-25  -3.68913978e-24  -5.91644001e-53
  1.33600000e-05   0.00000000e+00   0.00000000e+00   1.22527525e-12  -9.81139821e-25  -3.64596467e-24  -5.77887524e-53
  1.34400000e-05   0.00000000e+00   0.00000000e+00   1.53407027e-12  -1.22840760e-24  -4.56482412e-24  -9.05893054e-53
  1.35200000e-05   0.00000000e+00   0.00000000e+00   8.24676310e-13  -6.60360003e-25  -2.45393081e-24  -2.61816278e-53
  1.36000000e-05   0.00000000e+00   0.00000000e+00   1.41472503e-12  -1.13284184e-24  -4.20969695e-24  -7.70385706e-53
  1.36800000e-05   0.00000000e+00   0.00000000e+00   1.13540047e-12  -9.09172546e-25  -3.37853067e-24  -4.96163636e-53
  1.37600000e-05   0.00000000e+00   0.00000000e+00   1.60833590e-12  -1.28787585e-24  -4.78581109e-24  -9.95548883e-53
  1.38400000e-05   0.00000000e+00   0.00000000e+00   1.55342117e-12  -1.24390285e-24  -4.62240521e-24  -9.28768555e-53
  1.39200000e-05   0.00000000e+00   0.00000000e+00   1.57115312e-12  -1.25810171e-24  -4.67516892e-24  -9.50122187e-53
  1.40000000e-05   0.00000000e+00   0.00000000e+00   1.19102491e-12  -9.53713846e-25  -3.54404837e-24  -5.46036453e-53
  1.40800000e-05   0.00000000e+00   0.00000000e+00   7.11313410e-13  -5.69584599e-25  -2.11660487e-24  -1.94774199e-53
  1.41600000e-05   0.00000000e+00   0.00000000e+00   1.09885608e-12  -8.79909599e-25  -3.26978810e-24  -4.64767096e-53
  1.42400000e-05   0.00000000e+00   0.00000000e+00   1.64468786e-12  -1.31698470e-24  -4.89398102e-24  -1.04106387e-52
  1.43200000e-05   0.00000000e+00   0.00000000e+00   1.40401982e-12  -1.12426964e-24  -4.17784222e-24  -7.58691157e-53
  1.44000000e-05   0.00000000e+00   0.00000000e+00   1.16135106e-12  -9.29952489e-25  -3.45574998e-24  -5.19116675e-53
  1.44800000e-05   0.00000000e+00   0.00000000e+00   1.22625087e-12  -9.81921049e-25  -3.64886775e-24  -5.78781182e-53
  1.45600000e-05   0.00000000e+00   0.00000000e+00   1.47461292e-12  -1.18079710e-24  -4.38790109e-24  -8.36866785e-53
  1.46400000e-05   0.00000000e+00   0.00000000e+00   1.41186444e-12  -1.13055122e-24  -4.20118490e-24  -7.67235996e-53
  1.47200000e-05   0.00000000e+00   0.00000000e+00   1.62876927e-12  -1.30423788e-24  -4.84661321e-24  -1.02102731e-52
  1.48000000e-05   0.00000000e+00   0.00000000e+00   1.13155989e-12  -9.06097200e-25  -3.36710253e-24  -4.92879227e-53
  1.48800000e-05   0.00000000e+00   0.00000000e+00   1.30223984e-12  -1.04276926e-24  -3.87498275e-24  -6.52761715e-53
  1.49600000e-05   0.00000000e+00   0.00000000e+00   1.80343346e-12  -1.44410032e-24  -5.36634904e-24  -1.25176540e-52
  1.50400000e-05   0.00000000e+00   0.00000000e+00   1.33470610e-12  -1.06876664e-24  -3.97159030e-24  -6.85706700e-53
  1.51200000e-05   0.00000000e+00   0.00000000e+00   1.50330923e-12  -1.20377568e-24  -4.47329065e-24  -8.69739355e-53
  1.52000000e-05   0.00000000e+00   0.00000000e+00   9.94594929e-13  -7.96422429e-25  -2.95954560e-24  -3.80782384e-53
  1.52800000e-05   0.00000000e+00   0.00000000e+00   1.68526832e-12  -1.34947952e-24  -5.01473341e-24  -1.09309834e-52
  1.53600000e-05   0.00000000e+00   0.00000000e+00   1.27315310e-12  -1.01947804e-24  -3.78843140e-24  -6.23907938e-53
  1.54400000e-05   0.00000000e+00   0.00000000e+00   1.66221571e-12  -1.33102013e-24  -4.94613740e-24  -1.06345279e-52
  1.55200000e-05   0.00000000e+00   0.00000000e+00   1.14085961e-12  -9.13543956e-25  -3.39477505e-24  -5.00959109e-53
  1.56000000e-05   0.00000000e+00   0.00000000e+00   2.03367372e-12  -1.62846534e-24  -6.05145867e-24  -1.59172257e-52
  1.56800000e-05   0.00000000e+00   0.00000000e+00   1.66780416e-12  -1.33549509e-24  -4.96276657e-24  -1.07062729e-52
  1.57600000e-05   0.00000000e+00   0.00000000e+00   1.04502699e-12  -8.36805931e-25  -3.10961271e-24  -4.20391643e-53
  1.58400000e-05   0.00000000e+00   0.00000000e+00   1.21518276e-12  -9.73058252e-25  -3.61593315e-24  -5.68409136e-53
  1.59200000e-05   0.00000000e+00   0.00000000e+00   7.49153352e-13  -5.99884953e-25  -2.22920250e-24  -2.16045492e-53
  1.60000000e-05   0.00000000e+00   0.00000000e+00   1.16581466e-12  -9.33526720e-25  -3.46903200e-24  -5.23158529e-53
  1.60800000e-05   0.00000000e+00   0.00000000e+00   1.30903613e-12  -1.04821139e-24  -3.89520598e-24  -6.59493711e-53
  1.61600000e-05   0.00000000e+00   0.00000000e+00   9.21016881e-13  -7.37504768e-25  -2.74060462e-24  -3.26530149e-53
  1.62400000e-05   0.00000000e+00   0.00000000e+00   1.17278979e-12  -9.39112058e-25  -3.48978739e-24  -5.29415753e-53
  1.63200000e-05   0.00000000e+00   0.00000000e+00   1.59913409e-12  -1.28050749e-24  -4.75842992e-24  -9.84165481e-53
  1.64000000e-05   0.00000000e+00   0.00000000e+00   1.40297743e-12  -1.12343494e-24  -4.17474046e-24  -7.57649610e-53
  1.64800000e-05   0.00000000e+00   0.00000000e+00   9.53286930e-13  -7.63345027e-25  -2.83662831e-24  -3.49815870e-53
  1.65600000e-05   0.00000000e+00   0.00000000e+00   1.42566117e-12  -1.14159896e-24  -4.24223884e-24  -7.82235751e-53
  1.66400000e-05   0.00000000e+00   0.00000000e+00   6.91441264e-13  -5.53671968e-25  -2.05747273e-24  -1.84031909e-53
  1.67200000e-05   0.00000000e+00   0.00000000e+00   1.86885352e-12  -1.49648547e-24  -5.56101488e-24  -1.34424244e-52
  1.68000000e-05   0.00000000e+00   0.00000000e+00   1.09808274e-12  -8.79290348e-25  -3.26748693e-24  -4.64166919e-53
  1.68800000e-05   0.00000000e+00   0.00000000e+00   1.73849774e-12  -1.39210301e-24  -5.17312443e-24  -1.16321112e-52
  1.69600000e-05   0.00000000e+00   0.00000000e+00   1.26321822e-12  -1.01152268e-24  -3.75886888e-24  -6.14091841e-53
  1.70400000e-05   0.00000000e+00   0.00000000e+00   1.50432825e-12  -1.20459167e-24  -4.47632290e-24  -8.71003845e-53
  1.71200000e-05   0.00000000e+00   0.00000000e+00   1.81253027e-12  -1.45138460e-24  -5.39341777e-24  -1.26440539e-52
  1.72000000e-05   0.00000000e+00   0.00000000e+00   1.15365630e-12  -9.23790912e-25  -3.43285325e-24  -5.12306454e-53
  1.72800000e-05   0.00000000e+00   0.00000000e+00   1.05307737e-12  -8.43252272e-25  -3.13356763e-24  -4.26895975e-53
  1.73600000e-05   0.00000000e+00   0.00000000e+00   1.56881536e-12  -1.25622976e-24  -4.66821263e-24  -9.47210782e-53
  1.74400000e-05   0.00000000e+00   0.00000000e+00   1.08973289e-12  -8.72604205e-25  -3.24264089e-24  -4.57109074e-53
  1.75200000e-05   0.00000000e+00   0.00000000e+00   1.62865170e-12  -1.30414373e-24  -4.84626337e-24  -1.02084882e-52
  1.76000000e-05   0.00000000e+00   0.00000000e+00   1.05944285e-12  -8.48349438e-25  -3.15250896e-24  -4.32063153e-53
  1.76800000e-05   0.00000000e+00   0.00000000e+00   1.43990266e-12  -1.15300284e-24  -4.28461622e-24  -7.97972853e-53
  1.77600000e-05   0.00000000e+00   0.00000000e+00   1.52611829e-12  -1.22204005e-24  -4.54116198e-24  -8.96397786e-53
  1.78400000e-05   0.00000000e+00   0.00000000e+00   1.40518647e-12  -1.12520383e-24  -4.18131373e-24  -7.59980136e-53
  1.79200000e-05   0.00000000e+00   0.00000000e+00   1.43322068e-12  -1.14765224e-24  -4.26473315e-24  -7.90629655e-53
  1.80000000e-05   0.00000000e+00   0.00000000e+00   1.29132730e-12  -1.03403103e-24  -3.84251106e-24  -6.41831176e-53
  1.80800000e-05   0.00000000e+00   0.00000000e+00   1.19216938e-12  -9.54630280e-25  -3.54745388e-24  -5.47086057e-53
  1.81600000e-05   0.00000000e+00   0.00000000e+00   1.27914651e-12  -1.02427726e-24  -3.80626555e-24  -6.29742519e-53
  1.82400000e-05   0.00000000e+00   0.00000000e+00   8.04769272e-13  -6.44419432e-25  -2.39469485e-24  -2.49271395e-53
  1.83200000e-05   0.00000000e+00   0.00000000e+00   8.53266480e-13  -6.83253598e-25  -2.53900455e-24  -2.80220185e-53
  1.84000000e-05   0.00000000e+00   0.00000000e+00   9.46421767e-13  -7.57847744e-25  -2.81620013e-24  -3.44759945e-53
  1.84800000e-05   0.00000000e+00   0.00000000e+00   9.88908399e-13  -7.91868938e-25  -2.94262459e-24  -3.76406564e-53
  1.85600000e-05   0.00000000e+00   0.00000000e+00   5.49036373e-13  -4.39641174e-25  -1.63372860e-24  -1.16037179e-53
  1.86400000e-05   0.00000000e+00   0.00000000e+00   1.24728864e-12  -9.98767056e-25  -3.71146835e-24  -5.98802735e-53
  1.87200000e-05   0.00000000e+00   0.00000000e+00   1.18257922e-12  -9.46950953e-25  -3.51891712e-24  -5.38278791e-53
  1.88000000e-05   0.00000000e+00   0.00000000e+00   1.14118199e-12  -9.13802095e-25  -3.39573430e-24  -5.01209383e-53
  1.88800000e-05   0.00000000e+00   0.00000000e+00   1.42325807e-12  -1.13967467e-24  -4.23508810e-24  -7.79618268e-53
  1.89600000e-05   0.00000000e+00   0.00000000e+00   1.42788680e-12  -1.14338113e-24  -4.24886148e-24  -7.84687224e-53
  1.90400000e-05   0.00000000e+00   0.00000000e+00   9.23987102e-13  -7.39883174e-25  -2.74944289e-24  -3.28524032e-53
  1.91200000e-05   0.00000000e+00   0.00000000e+00   1.17438024e-12  -9.40385613e-25  -3.49451999e-24  -5.30832031e-53
  1.92000000e-05   0.00000000e+00   0.00000000e+00   1.00877455e-12  -8.07776773e-25  -3.00173890e-24  -3.91679158e-53
  1.92800000e-05   0.00000000e+00   0.00000000e+00   1.75771770e-12  -1.40749341e-24  -5.23031592e-24  -1.18906249e-52
  1.93600000e-05   0.00000000e+00   0.00000000e+00   9.99632232e-13  -8.00456053e-25  -2.97453474e-24  -3.84621887e-53
  1.94400000e-05   0.00000000e+00   0.00000000e+00   3.53636503e-13  -2.83174622e-25  -1.05229106e-24  -4.81475904e-54
  1.95200000e-05   0.00000000e+00   0.00000000e+00   9.21413282e-13  -7.37822186e-25  -2.74178416e-24  -3.26742806e-53
  1.96000000e-05   0.00000000e+00   0.00000000e+00   7.85753147e-13  -6.29192260e-25  -2.33810992e-24  -2.37641143e-53
  1.96800000e-05   0.00000000e+00   0.00000000e+00   5.27155820e-13  -4.22120310e-25  -1.56862019e-24  -1.06969736e-53
  1.97600000e-05   0.00000000e+00   0.00000000e+00   1.35512624e-12  -1.08511807e-24  -4.03235304e-24  -7.06703353e-53
  1.98400000e-05   0.00000000e+00   0.00000000e+00   8.71811562e-13  -6.98103582e-25  -2.59418784e-24  -2.92557541e-53
  1.99200000e-05   0.00000000e+00   0.00000000e+00   1.02645062e-12  -8.21930894e-25  -3.05433632e-24  -4.05539517e-53
  2.00000000e-05   0.00000000e+00   0.00000000e+00   1.06593093e-12  -8.53544771e-25  -3.17181507e-24  -4.37329871e-53
  2.00800000e-05   0.00000000e+00   0.00000000e+00   1.92047181e-13  -1.53781885e-25  -5.71461178e-25  -1.42096379e-54
  2.01600000e-05   0.00000000e+00   0.00000000e+00   4.16810340e-13  -3.33761107e-25  -1.24027297e-24  -6.68797612e-54
  2.02400000e-05   0.00000000e+00   0.00000000e+00   8.42833590e-14  -6.74899455e-26  -2.50796014e-25  -2.73596968e-55
  2.03200000e-05   0.00000000e+00   0.00000000e+00   5.07441731e-13  -4.06334242e-25  -1.50995837e-24  -9.91166663e-54
  2.04000000e-05   0.00000000e+00   0.00000000e+00   3.29316217e-13  -2.63700140e-25  -9.79922912e-25  -4.17466063e-54
  2.04800000e-05   0.00000000e+00   0.00000000e+00   9.00436696e-13  -7.21025174e-25  -2.67936562e-24  -3.12060236e-53
  2.05600000e-05   0.00000000e+00   0.00000000e+00   1.25560501e-12  -1.00542639e-24  -3.73621478e-24  -6.06744991e-53
  2.06400000e-05   0.00000000e+00   0.00000000e+00   1.02978984e-12  -8.24604777e-25  -3.06427261e-24  -4.08175822e-53
  2.07200000e-05   0.00000000e+00   0.00000000e+00   7.90249464e-13  -6.32792689e-25  -2.35148929e-24  -2.40357612e-53
  2.08000000e-05   0.00000000e+00   0.00000000e+00   9.36452394e-13  -7.49864764e-25  -2.78653498e-24  -3.37510385e-53
  2.08800000e-05   0.00000000e+00   0.00000000e+00   6.10021276e-13  -4.88474869e-25  -1.81519705e-24  -1.43227878e-53
  2.09600000e-05   0.00000000e+00   0.00000000e+00   6.02279933e-13  -4.82275984e-25  -1.79216169e-24  -1.39615745e-53
  2.10400000e-05   0.00000000e+00   0.00000000e+00   1.89949764e-13  -1.52102377e-25  -5.65220042e-25  -1.38981235e-54
  2.11200000e-05   0.00000000e+00   0.00000000e+00   4.00782339e-13  -3.20926676e-25  -1.19257958e-24  -6.18191474e-54
  2.12000000e-05   0.00000000e+00   0.00000000e+00   3.37122452e-13  -2.69950986e-25  -1.00315137e-24  -4.37148330e-54
  2.12800000e-05   0.00000000e+00   0.00000000e+00   1.93390673e-13  -1.54857687e-25  -5.75458911e-25  -1.44169099e-54
  2.13600000e-05   0.00000000e+00   0.00000000e+00   7.81806193e-13  -6.26031735e-25  -2.32636525e-24  -2.35212324e-53
  2.14400000e-05   0.00000000e+00   0.00000000e+00   2.00524400e-13  -1.60570022e-25  -5.96686236e-25  -1.54656599e-54
  2.15200000e-05   0.00000000e+00   0.00000000e+00   3.41946871e-13  -2.73814143e-25  -1.01750705e-24  -4.50005811e-54
  2.16000000e-05   0.00000000e+00   0.00000000e+00   9.72897549e-13  -7.79048242e-25  -2.89498224e-24  -3.64274668e-53
  2.16800000e-05   0.00000000e+00   0.00000000e+00  -4.05867296e-13   3.24998458e-25   1.20771053e-24  -6.33554582e-54
  2.17600000e-05   0.00000000e+00   0.00000000e+00   2.04477751e-13  -1.63735670e-25  -6.08449942e-25  -1.60893425e-54
  2.18400000e-05   0.00000000e+00   0.00000000e+00   4.80417723e-13  -3.84694753e-25  -1.42954495e-24  -8.88175271e-54
  2.19200000e-05   0.00000000e+00   0.00000000e+00   8.14828567e-13  -6.52474419e-25  -2.42462758e-24  -2.55519559e-53
  2.20000000e-05   0.00000000e+00   0.00000000e+00   9.57450183e-13  -7.66678755e-25  -2.84901661e-24  -3.52793869e-53
  2.20800000e-05   0.00000000e+00   0.00000000e+00   1.82882917e-13  -1.46443595e-25  -5.44191727e-25  -1.28892371e-54
  2.21600000e-05   0.00000000e+00   0.00000000e+00  -7.83574434e-16   6.27447655e-28   2.33162688e-27  -2.23578587e-59
  2.22400000e-05   0.00000000e+00   0.00000000e+00   5.47044465e-14  -4.38046153e-26  -1.62780142e-25  -1.15187696e-55
  2.23200000e-05   0.00000000e+00   0.00000000e+00  -1.55217526e-13   1.24290519e-25   4.61869786e-25  -9.26850957e-55
  2.24000000e-05   0.00000000e+00   0.00000000e+00   2.37290162e-13  -1.90010226e-25  -7.06087506e-25  -2.16835602e-54
  2.24800000e-05   0.00000000e+00   0.00000000e+00  -2.76178693e-13   2.21150239e-25   8.21805350e-25  -2.93436864e-54
  2.25600000e-05   0.00000000e+00   0.00000000e+00  -4.58200289e-14   3.66904131e-26   1.36343411e-25  -8.06623498e-56
  2.26400000e-05   0.00000000e+00   0.00000000e+00   1.79773671e-13  -1.43953865e-25  -5.34939762e-25  -1.24303165e-54
  2.27200000e-05   0.00000000e+00   0.00000000e+00   8.03056644e-14  -6.43048044e-26  -2.38959870e-25  -2.48087061e-55
  2.28000000e-05   0.00000000e+00   0.00000000e+00   5.19199732e-14  -4.15749468e-26  -1.54494582e-25  -1.03786800e-55
  2.28800000e-05   0.00000000e+00   0.00000000e+00   4.26026396e-14  -3.41140868e-26  -1.26769653e-25  -6.99305219e-56
  2.29600000e-05   0.00000000e+00   0.00000000e+00   1.02961819e-13  -8.24467328e-26  -3.06376184e-25  -4.07750463e-55
  2.30400000e-05   0.00000000e+00   0.00000000e+00   2.22036300e-13  -1.77795688e-25  -6.60697672e-25  -1.89805131e-54
  2.31200000e-05   0.00000000e+00   0.00000000e+00  -2.21372779e-13   1.77264374e-25   6.58723281e-25  -1.88516003e-54
  2.32000000e-05   0.00000000e+00   0.00000000e+00   3.74820889e-14  -3.00138031e-26  -1.11532794e-25  -5.40040281e-56
  2.32800000e-05   0.00000000e+00   0.00000000e+00  -6.56345609e-13   5.25569104e-25   1.95304108e-24  -1.65764882e-53
  2.33600000e-05   0.00000000e+00   0.00000000e+00  -1.31435129e-12   1.05246751e-24   3.91102193e-24  -6.64821066e-53
  2.34400000e-05   0.00000000e+00   0.00000000e+00  -3.81218522e-13   3.05260939e-25   1.13436492e-24  -5.59297571e-54
  2.35200000e-05   0.00000000e+00   0.00000000e+00   2.82173365e-14  -2.25950475e-26  -8.39643270e-26  -3.07225443e-56
  2.36000000e-05   0.00000000e+00   0.00000000e+00   2.86919641e-14  -2.29751058e-26  -8.53766427e-26  -3.17005789e-56
  2.36800000e-05   0.00000000e+00   0.00000000e+00  -3.17499050e-13   2.54237537e-25   9.44759406e-25  -3.87948102e-54
  2.37600000e-05   0.00000000e+00   0.00000000e+00  -2.56695889e-13   2.05549373e-25   7.63831754e-25  -2.53612894e-54
  2.38400000e-05   0.00000000e+00   0.00000000e+00  -4.59170260e-13   3.67680836e-25   1.36632038e-24  -8.11425247e-54
  2.39200000e-05   0.00000000e+00   0.00000000e+00  -8.46576329e-13   6.77896456e-25   2.51909715e-24  -2.75814065e-53
  2.40000000e-05   0.00000000e+00   0.00000000e+00   6.54526647e-14  -5.24112569e-26  -1.94762853e-25  -1.64493720e-55
  2.40800000e-05   0.00000000e+00   0.00000000e+00  -4.38916612e-14   3.51462716e-26   1.30605304e-25  -7.43086057e-56
  2.41600000e-05   0.00000000e+00   0.00000000e+00  -4.49335763e-13   3.59805857e-25   1.33705656e-24  -7.76761864e-54
  2.42400000e-05   0.00000000e+00   0.00000000e+00  -3.75806821e-13   3.00927516e-25   1.11826170e-24  -5.43426211e-54
  2.43200000e-05   0.00000000e+00   0.00000000e+00  -6.69559127e-14   5.36149835e-26   1.99235961e-25  -1.72634664e-55
  2.44000000e-05   0.00000000e+00   0.00000000e+00   3.15542384e-13  -2.52670736e-25  -9.38937095e-25  -3.83046756e-54
  2.44800000e-05   0.00000000e+00   0.00000000e+00  -7.37594229e-13   5.90628980e-25   2.19480684e-24  -2.09377118e-53
  2.45600000e-05   0.00000000e+00   0.00000000e+00   9.34160896e-14  -7.48029846e-26  -2.77971633e-25  -3.35573082e-55
  2.46400000e-05   0.00000000e+00   0.00000000e+00  -4.14321735e-13   3.31768355e-25   1.23286781e-24  -6.60954019e-54
  2.47200000e-05   0.00000000e+00   0.00000000e+00  -6.94797965e-13   5.56359849e-25   2.06746103e-24  -1.85785729e-53
  2.48000000e-05   0.00000000e+00   0.00000000e+00  -3.38442584e-13   2.71008083e-25   1.00707960e-24  -4.40669438e-54
  2.48800000e-05   0.00000000e+00   0.00000000e+00   1.89488576e-13  -1.51733080e-25  -5.63847718e-25  -1.38152772e-54
  2.49600000e-05   0.00000000e+00   0.00000000e+00  -3.50059532e-13   2.80310361e-25   1.04164733e-24  -4.71580427e-54
  2.50400000e-05   0.00000000e+00   0.00000000e+00  -1.22030934e-12   9.77163367e-25   3.63118796e-24  -5.73129981e-53
  2.51200000e-05   0.00000000e+00   0.00000000e+00  -6.21080552e-13   4.97330590e-25   1.84810535e-24  -1.48443724e-53
  2.52000000e-05   0.00000000e+00   0.00000000e+00  -8.82313016e-13   7.06512628e-25   2.62543627e-24  -2.99594559e-53
  2.52800000e-05   0.00000000e+00   0.00000000e+00  -6.64774900e-13   5.32318863e-25   1.97812353e-24  -1.70109790e-53
  2.53600000e-05   0.00000000e+00   0.00000000e+00  -9.48422288e-13   7.59449663e-25   2.82215294e-24  -3.46178976e-53
  2.54400000e-05   0.00000000e+00   0.00000000e+00  -8.44468855e-13   6.76208895e-25   2.51282609e-24  -2.74483281e-53
  2.55200000e-05   0.00000000e+00   0.00000000e+00  -1.13469370e-12   9.08606598e-25   3.37642758e-24  -4.95487490e-53
  2.56000000e-05   0.00000000e+00   0.00000000e+00  -8.34256612e-13   6.68031436e-25   2.48243824e-24  -2.67891389e-53
  2.56800000e-05   0.00000000e+00   0.00000000e+00  -6.83196899e-13   5.47070288e-25   2.03294056e-24  -1.79700341e-53
  2.57600000e-05   0.00000000e+00   0.00000000e+00  -1.14734717e-12   9.18738874e-25   3.41407962e-24  -5.06615359e-53
  2.58400000e-05   0.00000000e+00   0.00000000e+00  -5.51966357e-13   4.41987360e-25   1.64244714e-24  -1.17294815e-53
  2.59200000e-05   0.00000000e+00   0.00000000e+00  -7.98016657e-13   6.39012272e-25   2.37460157e-24  -2.45103432e-53
  2.60000000e-05   0.00000000e+00   0.00000000e+00  -8.04111435e-13   6.43892669e-25   2.39273737e-24  -2.48875529e-53
  2.60800000e-05   0.00000000e+00   0.00000000e+00  -8.72468313e-13   6.98629476e-25   2.59614208e-24  -2.92950357e-53
  2.61600000e-05   0.00000000e+00   0.00000000e+00  -1.17146870e-12   9.38054195e-25   3.48585632e-24  -5.28166762e-53
  2.62400000e-05   0.00000000e+00   0.00000000e+00  -9.17168269e-13   7.34422991e-25   2.72915258e-24  -3.23810212e-53
  2.63200000e-05   0.00000000e+00   0.00000000e+00  -1.37917044e-12   1.10437148e-24   4.10389966e-24  -7.32201679e-53
  2.64000000e-05   0.00000000e+00   0.00000000e+00  -1.06771718e-12   8.54975111e-25   3.17713029e-24  -4.38827527e-53
  2.64800000e-05   0.00000000e+00   0.00000000e+00  -3.28739135e-13   2.63238041e-25   9.78205729e-25  -4.16188477e-54
  2.65600000e-05   0.00000000e+00   0.00000000e+00  -1.11933980e-12   8.96311954e-25   3.33074007e-24  -4.82174830e-53
  2.66400000e-05   0.00000000e+00   0.00000000e+00  -8.67200462e-13   6.94411242e-25   2.58046692e-24  -2.89378888e-53
  2.67200000e-05   0.00000000e+00   0.00000000e+00  -1.73275522e-12   1.38750469e-24   5.15603683e-24  -1.15546398e-52
  2.68000000e-05   0.00000000e+00   0.00000000e+00  -1.42383574e-12   1.14013724e-24   4.23680704e-24  -7.80195652e-53
  2.68800000e-05   0.00000000e+00   0.00000000e+00  -1.57657728e-12   1.26244512e-24   4.69130922e-24  -9.56657312e-53
  2.69600000e-05   0.00000000e+00   0.00000000e+00  -1.35351668e-12   1.08382922e-24   4.02756359e-24  -7.05143504e-53
  2.70400000e-05   0.00000000e+00   0.00000000e+00  -7.55386174e-13   6.04875890e-25   2.24774907e-24  -2.19678760e-53
  2.71200000e-05   0.00000000e+00   0.00000000e+00  -1.62956306e-12   1.30487351e-24   4.84897523e-24  -1.02199535e-52
  2.72000000e-05   0.00000000e+00   0.00000000e+00  -1.24289520e-12   9.95249003e-25   3.69839509e-24  -5.94473143e-53
  2.72800000e-05   0.00000000e+00   0.00000000e+00  -2.07847700e-12   1.66434158e-24   6.18477660e-24  -1.66258176e-52
  2.73600000e-05   0.00000000e+00   0.00000000e+00  -1.44674984e-12   1.15848572e-24   4.30499091e-24  -8.05512132e-53
  2.74400000e-05   0.00000000e+00   0.00000000e+00  -1.53713314e-12   1.23086020e-24   4.57393808e-24  -9.09418772e-53
  2.75200000e-05   0.00000000e+00   0.00000000e+00  -1.13270425e-12   9.07013548e-25   3.37050772e-24  -4.93871131e-53
  2.76000000e-05   0.00000000e+00   0.00000000e+00  -1.24240241e-12   9.94854403e-25   3.69692874e-24  -5.94088242e-53
  2.76800000e-05   0.00000000e+00   0.00000000e+00  -1.27082515e-12   1.01761393e-24   3.78150428e-24  -6.21593426e-53
  2.77600000e-05   0.00000000e+00   0.00000000e+00  -1.56062962e-12   1.24967501e-24   4.64385488e-24  -9.37408633e-53
  2.78400000e-05   0.00000000e+00   0.00000000e+00  -2.03185829e-12   1.62701163e-24   6.04605663e-24  -1.58891407e-52
  2.79200000e-05   0.00000000e+00   0.00000000e+00  -1.43562195e-12   1.14957505e-24   4.27187841e-24  -7.93337023e-53
  2.80000000e-05   0.00000000e+00   0.00000000e+00  -1.76668041e-12   1.41467030e-24   5.25698560e-24  -1.20128933e-52
  2.80800000e-05   0.00000000e+00   0.00000000e+00  -1.31469981e-12   1.05274659e-24   3.91205900e-24  -6.65278408e-53
  2.81600000e-05   0.00000000e+00   0.00000000e+00  -1.12211569e-12   8.98534751e-25   3.33900009e-24  -4.84604029e-53
  2.82400000e-05   0.00000000e+00   0.00000000e+00  -1.73283135e-12   1.38756564e-24   5.15626335e-24  -1.15565082e-52
  2.83200000e-05   0.00000000e+00   0.00000000e+00  -1.62653374e-12   1.30244777e-24   4.83996109e-24  -1.01830832e-52
  2.84000000e-05   0.00000000e+00   0.00000000e+00  -1.36271387e-12   1.09119388e-24   4.05493104e-24  -7.14754186e-53
  2.84800000e-05   0.00000000e+00   0.00000000e+00  -1.55775919e-12   1.24737652e-24   4.63531355e-24  -9.33938565e-53
  2.85600000e-05   0.00000000e+00   0.00000000e+00  -1.23493094e-12   9.88871622e-25   3.67469642e-24  -5.86938403e-53
  2.86400000e-05   0.00000000e+00   0.00000000e+00  -1.53933635e-12   1.23262442e-24   4.58049402e-24  -9.12004640e-53
  2.87200000e-05   0.00000000e+00   0.00000000e+00  -1.71605185e-12   1.37412945e-24   5.10633378e-24  -1.13351458e-52
  2.88000000e-05   0.00000000e+00   0.00000000e+00  -1.24054193e-12   9.93364625e-25   3.69139265e-24  -5.92380466e-53
  2.88800000e-05   0.00000000e+00   0.00000000e+00  -1.56694491e-12   1.25473199e-24   4.66264686e-24  -9.45060788e-53
  2.89600000e-05   0.00000000e+00   0.00000000e+00  -2.23819765e-12   1.79223799e-24   6.66004603e-24  -1.92796825e-52
  2.90400000e-05   0.00000000e+00   0.00000000e+00  -2.08648359e-12   1.67075287e-24   6.20860126e-24  -1.67541631e-52
  2.91200000e-05   0.00000000e+00   0.00000000e+00  -2.01578189e-12   1.61413844e-24   5.99821921e-24  -1.56405722e-52
  2.92000000e-05   0.00000000e+00   0.00000000e+00  -1.67252746e-12   1.33927727e-24   4.97682136e-24  -1.07670102e-52
  2.92800000e-05   0.00000000e+00   0.00000000e+00  -1.54631110e-12   1.23820946e-24   4.60124829e-24  -9.20236025e-53
  2.93600000e-05   0.00000000e+00   0.00000000e+00  -1.98402729e-12   1.58871093e-24   5.90372930e-24  -1.51498225e-52
  2.94400000e-05   0.00000000e+00   0.00000000e+00  -1.88421174e-12   1.50878357e-24   5.60671524e-24  -1.36650598e-52
  2.95200000e-05   0.00000000e+00   0.00000000e+00  -1.68699411e-12   1.35086145e-24   5.01986873e-24  -1.09542434e-52
  2.96000000e-05   0.00000000e+00   0.00000000e+00  -1.91551869e-12   1.53385263e-24   5.69987311e-24  -1.41219495e-52
  2.96800000e-05   0.00000000e+00   0.00000000e+00  -1.47109684e-12   1.17798159e-24   4.37743854e-24  -8.33038699e-53
  2.97600000e-05   0.00000000e+00   0.00000000e+00  -2.02944060e-12   1.62507567e-24   6.03886248e-24  -1.58516239e-52
  2.98400000e-05   0.00000000e+00   0.00000000e+00  -1.87798093e-12   1.50379425e-24   5.58817467e-24  -1.35731424e-52
  2.99200000e-05   0.00000000e+00   0.00000000e+00  -2.21967649e-12   1.77740715e-24   6.60493391e-24  -1.89635240e-52
  3.00000000e-05   0.00000000e+00   0.00000000e+00  -2.14696117e-12   1.71918032e-24   6.38856009e-24  -1.77416600e-52
  3.00800000e-05   0.00000000e+00   0.00000000e+00  -1.27680149e-12   1.02239948e-24   3.79928764e-24  -6.27537834e-53
  3.01600000e-05   0.00000000e+00   0.00000000e+00  -2.08570783e-12   1.67013168e-24   6.20629288e-24  -1.67438062e-52
  3.02400000e-05   0.00000000e+00   0.00000000e+00  -2.18646208e-12   1.75081070e-24   6.50610015e-24  -1.84012681e-52
  3.03200000e-05   0.00000000e+00   0.00000000e+00  -1.62986073e-12   1.30511186e-24   4.84986098e-24  -1.02252582e-52
  3.04000000e-05   0.00000000e+00   0.00000000e+00  -1.91042089e-12   1.52977056e-24   5.68470395e-24  -1.40479858e-52
  3.04800000e-05   0.00000000e+00   0.00000000e+00  -1.68043578e-12   1.34560986e-24   5.00035358e-24  -1.08687626e-52
  3.05600000e-05   0.00000000e+00   0.00000000e+00  -1.51625839e-12   1.21414473e-24   4.51182256e-24  -8.84903180e-53
  3.06400000e-05   0.00000000e+00   0.00000000e+00  -1.20510610e-12   9.64989365e-25   3.58594876e-24  -5.58993840e-53
  3.07200000e-05   0.00000000e+00   0.00000000e+00  -1.96496722e-12   1.57344857e-24   5.84701360e-24  -1.48609341e-52
  3.08000000e-05   0.00000000e+00   0.00000000e+00  -1.92200729e-12   1.53904838e-24   5.71918078e-24  -1.42189051e-52
  3.08800000e-05   0.00000000e+00   0.00000000e+00  -1.57005495e-12   1.25722235e-24   4.67190116e-24  -9.48834041e-53
  3.09600000e-05   0.00000000e+00   0.00000000e+00  -1.76766005e-12   1.41545474e-24   5.25990065e-24  -1.20275473e-52
  3.10400000e-05   0.00000000e+00   0.00000000e+00  -1.90663013e-12   1.52673512e-24   5.67342408e-24  -1.39913533e-52
  3.11200000e-05   0.00000000e+00   0.00000000e+00  -1.12294948e-12   8.99202409e-25   3.34148115e-24  -4.85401430e-53
  3.12000000e-05   0.00000000e+00   0.00000000e+00  -6.63771656e-13   5.31515514e-25   1.97513824e-24  -1.69608935e-53
  3.12800000e-05   0.00000000e+00   0.00000000e+00  -2.06583248e-12   1.65421648e-24   6.14715120e-24  -1.64260160e-52
  3.13600000e-05   0.00000000e+00   0.00000000e+00  -1.87383852e-12   1.50047721e-24   5.57584841e-24  -1.35146529e-52
  3.14400000e-05   0.00000000e+00   0.00000000e+00  -2.18610355e-12   1.75052360e-24   6.50503329e-24  -1.83938199e-52
  3.15200000e-05   0.00000000e+00   0.00000000e+00  -1.85348174e-12   1.48417651e-24   5.51527416e-24  -1.32232796e-52
  3.16000000e-05   0.00000000e+00   0.00000000e+00  -2.10129526e-12   1.68261332e-24   6.25267528e-24  -1.69936725e-52
  3.16800000e-05   0.00000000e+00   0.00000000e+00  -2.34805422e-12   1.88020569e-24   6.98693842e-24  -2.12190574e-52
  3.17600000e-05   0.00000000e+00   0.00000000e+00  -2.91834539e-12   2.33686665e-24   8.68391341e-24  -3.27784473e-52
  3.18400000e-05   0.00000000e+00   0.00000000e+00  -1.98684678e-12   1.59096864e-24   5.91211907e-24  -1.51939471e-52
  3.19200000e-05   0.00000000e+00   0.00000000e+00  -2.04939977e-12   1.64105797e-24   6.09825355e-24  -1.61650031e-52
  3.20000000e-05   0.00000000e+00   0.00000000e+00  -2.22818672e-12   1.78422173e-24   6.63025722e-24  -1.91087267e-52
  3.20800000e-05   0.00000000e+00   0.00000000e+00  -2.32547090e-12   1.86212208e-24   6.91973884e-24  -2.08144824e-52
  3.21600000e-05   0.00000000e+00   0.00000000e+00  -2.62071085e-12   2.09853564e-24   7.79826343e-24  -2.64342343e-52
  3.22400000e-05   0.00000000e+00   0.00000000e+00  -2.16619484e-12   1.73458169e-24   6.44579237e-24  -1.80603936e-52
  3.23200000e-05   0.00000000e+00   0.00000000e+00  -2.01013780e-12   1.60961893e-24   5.98142449e-24  -1.55526424e-52
  3.24000000e-05   0.00000000e+00   0.00000000e+00  -2.08412784e-12   1.66886650e-24   6.20159143e-24  -1.67181031e-52
  3.24800000e-05   0.00000000e+00   0.00000000e+00  -2.13878978e-12   1.71263707e-24   6.36424506e-24  -1.76061700e-52
  3.25600000e-05   0.00000000e+00   0.00000000e+00  -2.47163194e-12   1.97916062e-24   7.35465989e-24  -2.35118242e-52
  3.26400000e-05   0.00000000e+00   0.00000000e+00  -2.57066080e-12   2.05845803e-24   7.64933304e-24  -2.54346216e-52
  3.27200000e-05   0.00000000e+00   0.00000000e+00  -2.58217043e-12   2.06767437e-24   7.68358144e-24  -2.56628887e-52
  3.28000000e-05   0.00000000e+00   0.00000000e+00  -1.80792884e-12   1.44770000e-24   5.37972564e-24  -1.25808046e-52
  3.28800000e-05   0.00000000e+00   0.00000000e+00  -1.62844779e-12   1.30398045e-24   4.84565662e-24  -1.02068733e-52
  3.29600000e-05   0.00000000e+00   0.00000000e+00  -2.11355575e-12   1.69243091e-24   6.28915796e-24  -1.71935007e-52
  3.30400000e-05   0.00000000e+00   0.00000000e+00  -2.25139828e-12   1.80280839e-24   6.69932619e-24  -1.95102991e-52
  3.31200000e-05   0.00000000e+00   0.00000000e+00  -2.49876555e-12   2.00088787e-24   7.43539946e-24  -2.40308932e-52
  3.32000000e-05   0.00000000e+00   0.00000000e+00  -2.05330214e-12   1.64418280e-24   6.10986557e-24  -1.62264813e-52
  3.32800000e-05   0.00000000e+00   0.00000000e+00  -2.38579341e-12   1.91042537e-24   7.09923626e-24  -2.19071940e-52
  3.33600000e-05   0.00000000e+00   0.00000000e+00  -2.19900093e-12   1.76085119e-24   6.54341112e-24  -1.86117933e-52
  3.34400000e-05   0.00000000e+00   0.00000000e+00  -2.33380586e-12   1.86879631e-24   6.94454059e-24  -2.09631633e-52
  3.35200000e-05  -1.83708707e-09  -4.49065739e-08  -2.14332474e-12   1.71471921e-19  -7.00831225e-21  -1.35096357e-19
  3.36000000e-05   0.00000000e+00   0.00000000e+00  -1.86325734e-12   1.49200460e-24   5.54436944e-24  -1.33632918e-52
  3.36800000e-05  -1.27547345e-08  -3.52349541e-07  -2.34415883e-12   1.34540295e-18  -4.86953258e-20  -1.05867761e-18
  3.37600000e-05  -7.45342130e-08  -2.38817212e-06  -1.99436838e-12   9.11888541e-18  -2.84591990e-19  -7.16606952e-18
  3.38400000e-05  -1.35792353e-07  -4.79560788e-06  -4.70683645e-13   1.83112021e-17  -5.18498283e-19  -1.43789848e-17
  3.39200000e-05  -4.17313050e-08  -1.80645625e-06  -7.83644121e-13   6.89758046e-18  -1.59340032e-19  -5.40895143e-18
  3.40000000e-05   0.00000000e+00   0.00000000e+00   0.00000000e+00  -0.00000000e+00   0.00000000e+00   0.00000000e+00
