       time             b_x              b_y              b_z              F_x              F_y              F_z
  0.00000000e+00   3.61763323e-07   2.52359089e-07   0.00000000e+00  -7.85455571e-19   1.12597101e-18   7.90083126e-19
  8.00000000e-08   5.35607882e-07   3.73629687e-07   0.00000000e+00  -1.16290546e-18   1.66705524e-18   1.16975290e-18
  1.60000000e-07   2.55977943e-06   1.78740037e-06  -6.23124500e-08  -5.48804032e-18   8.05453522e-18   5.59288754e-18
  2.40000000e-07   5.53241810e-07   3.86297493e-07   1.34569371e-14  -1.20234560e-18   1.72195744e-18   1.20874171e-18
  3.20000000e-07   3.05451479e-06   2.14223243e-06   2.05951640e-13  -6.66770109e-18   9.50718043e-18   6.68673475e-18
  4.00000000e-07   2.61879113e-06   1.84108000e-06   2.30472569e-13  -5.73040467e-18   8.15104806e-18   5.73896948e-18
  4.80000000e-07  -3.34613657e-07  -2.35246430e-07  -2.06569196e-07   9.81413030e-19  -7.52054389e-19  -7.33294678e-19
  5.60000000e-07   4.24810306e-14   2.32979325e-14   3.42314916e-08  -4.12966650e-20  -4.79643862e-20   8.38933914e-26
  6.40000000e-07  -4.60261941e-13  -3.42800875e-13   6.30937048e-13   3.05818246e-25  -2.31663274e-24  -1.03558228e-24
  7.20000000e-07  -1.65592110e-14  -1.17089449e-14   2.64390656e-13  -2.82514268e-25  -4.22000196e-25  -3.63832465e-26
  8.00000000e-07  -1.55148887e-14  -1.09273632e-14   1.17080361e-13  -1.07233083e-25  -2.12341265e-25  -3.40282472e-26
  8.80000000e-07   0.00000000e+00   0.00000000e+00   8.88223518e-13  -1.07154522e-24  -1.24456233e-24  -8.91034767e-54
  9.60000000e-07   0.00000000e+00   0.00000000e+00   8.38639170e-13  -1.01172709e-24  -1.17508566e-24  -7.94492519e-54
  1.04000000e-06   0.00000000e+00   0.00000000e+00   5.75863603e-13  -6.94716905e-25  -8.06889406e-25  -3.74622890e-54
  1.12000000e-06   0.00000000e+00   0.00000000e+00   1.04861772e-12  -1.26504342e-24  -1.46930372e-24  -1.24194546e-53
  1.20000000e-06   0.00000000e+00   0.00000000e+00   8.38793322e-13  -1.01191306e-24  -1.17530165e-24  -7.94758034e-54
  1.28000000e-06   0.00000000e+00   0.00000000e+00   9.50778797e-13  -1.14701138e-24  -1.33221363e-24  -1.02110800e-53
  1.36000000e-06   0.00000000e+00   0.00000000e+00   8.04038173e-13  -9.69984747e-25  -1.12660338e-24  -7.30244939e-54
  1.44000000e-06   0.00000000e+00   0.00000000e+00   7.32111730e-13  -8.83213303e-25  -1.02582138e-24  -6.05439711e-54
  1.52000000e-06   0.00000000e+00   0.00000000e+00   4.26106989e-13  -5.14051812e-25  -5.97053215e-25  -2.05085045e-54
  1.60000000e-06   0.00000000e+00   0.00000000e+00   4.60762027e-13  -5.55859353e-25  -6.45611212e-25  -2.39800841e-54
  1.68000000e-06   0.00000000e+00   0.00000000e+00   6.03629221e-13  -7.28213108e-25  -8.45794075e-25  -4.11586382e-54
  1.76000000e-06   0.00000000e+00   0.00000000e+00   7.66764283e-13  -9.25017846e-25  -1.07437590e-24  -6.64076156e-54
  1.84000000e-06   0.00000000e+00   0.00000000e+00   4.51379538e-13  -5.44540398e-25  -6.32464641e-25  -2.30133631e-54
  1.92000000e-06   0.00000000e+00   0.00000000e+00   7.63390668e-13  -9.20947945e-25  -1.06964885e-24  -6.58244203e-54
  2.00000000e-06   0.00000000e+00   0.00000000e+00   1.48452850e-12  -1.79092244e-24  -2.08009382e-24  -2.48922824e-53
  2.08000000e-06   0.00000000e+00   0.00000000e+00   1.20166607e-12  -1.44967963e-24  -1.68375223e-24  -1.63107502e-53
  2.16000000e-06   0.00000000e+00   0.00000000e+00   8.53055094e-13  -1.02911834e-24  -1.19528498e-24  -8.21996208e-54
  2.24000000e-06   0.00000000e+00   0.00000000e+00   7.73334945e-13  -9.32944636e-25  -1.08358259e-24  -6.75541400e-54
  2.32000000e-06   0.00000000e+00   0.00000000e+00   1.45046714e-12  -1.74983110e-24  -2.03236767e-24  -2.37642793e-53
  2.40000000e-06   0.00000000e+00   0.00000000e+00   6.05580003e-13  -7.30566515e-25  -8.48527475e-25  -4.14244014e-54
  2.48000000e-06   0.00000000e+00   0.00000000e+00   7.24620858e-13  -8.74176380e-25  -1.01532531e-24  -5.93091228e-54
  2.56000000e-06   0.00000000e+00   0.00000000e+00   6.31344143e-13  -7.61648152e-25  -8.84627710e-25  -4.50241154e-54
  2.64000000e-06   0.00000000e+00   0.00000000e+00   5.88488993e-13  -7.09948067e-25  -8.24579868e-25  -3.91192123e-54
  2.72000000e-06   0.00000000e+00   0.00000000e+00   7.32826034e-13  -8.84075034e-25  -1.02682225e-24  -6.06583964e-54
  2.80000000e-06   0.00000000e+00   0.00000000e+00   8.43253128e-13  -1.01729333e-24  -1.18155065e-24  -8.03169503e-54
  2.88000000e-06   0.00000000e+00   0.00000000e+00   5.06676732e-13  -6.11250458e-25  -7.09946044e-25  -2.89988447e-54
  2.96000000e-06   0.00000000e+00   0.00000000e+00   9.25957699e-13  -1.11706742e-24  -1.29743476e-24  -9.68444757e-54
  3.04000000e-06   0.00000000e+00   0.00000000e+00   1.07396168e-12  -1.29561815e-24  -1.50481520e-24  -1.30280115e-53
  3.12000000e-06   0.00000000e+00   0.00000000e+00   2.54392794e-13  -3.06897283e-25  -3.56450468e-25  -7.31212476e-55
  3.20000000e-06   0.00000000e+00   0.00000000e+00  -4.66504350e-14   5.62786842e-26   6.53657248e-26  -2.45423404e-56
  3.28000000e-06   0.00000000e+00   0.00000000e+00   2.04371585e-13  -2.46552125e-25  -2.86361677e-25  -4.71734471e-55
  3.36000000e-06   0.00000000e+00   0.00000000e+00   1.31549833e-13  -1.58700588e-25  -1.84325187e-25  -1.95501175e-55
  3.44000000e-06   0.00000000e+00   0.00000000e+00   5.48943608e-14  -6.62240854e-26  -7.69169608e-26  -3.40496437e-56
  3.52000000e-06   0.00000000e+00   0.00000000e+00  -1.57753594e-13   1.90312581e-25   2.21041411e-25  -2.81088793e-55
  3.60000000e-06   0.00000000e+00   0.00000000e+00   4.66432087e-13  -5.62699664e-25  -6.53555994e-25  -2.45698085e-54
  3.68000000e-06   0.00000000e+00   0.00000000e+00   2.79886498e-13  -3.37652667e-25  -3.92171772e-25  -8.85015629e-55
  3.76000000e-06   0.00000000e+00   0.00000000e+00   1.69483485e-13  -2.04463421e-25  -2.37477118e-25  -3.24467338e-55
  3.84000000e-06   0.00000000e+00   0.00000000e+00   1.52770934e-13  -1.84301543e-25  -2.14059801e-25  -2.63632443e-55
  3.92000000e-06   0.00000000e+00   0.00000000e+00   8.34735782e-13  -1.00701808e-24  -1.16961630e-24  -7.87043908e-54
  4.00000000e-06   0.00000000e+00   0.00000000e+00   8.70146337e-13  -1.04973707e-24  -1.21923292e-24  -8.55235423e-54
  4.08000000e-06   0.00000000e+00   0.00000000e+00   9.84399353e-13  -1.18757093e-24  -1.37932213e-24  -1.09464227e-53
  4.16000000e-06   0.00000000e+00   0.00000000e+00   1.32091257e-12  -1.59353758e-24  -1.85083821e-24  -1.97073662e-53
  4.24000000e-06   0.00000000e+00   0.00000000e+00   7.59281748e-13  -9.15990980e-25  -1.06389151e-24  -6.51201762e-54
  4.32000000e-06   0.00000000e+00   0.00000000e+00   5.85891943e-13  -7.06815008e-25  -8.20940929e-25  -3.87762528e-54
  4.40000000e-06   0.00000000e+00   0.00000000e+00   7.95507686e-13  -9.59693640e-25  -1.11465062e-24  -7.14876814e-54
  4.48000000e-06   0.00000000e+00   0.00000000e+00   4.44658467e-13  -5.36432156e-25  -6.23047201e-25  -2.23335843e-54
  4.56000000e-06   0.00000000e+00   0.00000000e+00   4.30457608e-13  -5.19300362e-25  -6.03149221e-25  -2.09296993e-54
  4.64000000e-06   0.00000000e+00   0.00000000e+00   4.43520700e-13  -5.35059563e-25  -6.21452983e-25  -2.22192859e-54
  4.72000000e-06   0.00000000e+00   0.00000000e+00   4.57654283e-13  -5.52110197e-25  -6.41256698e-25  -2.36581273e-54
  4.80000000e-06   0.00000000e+00   0.00000000e+00   4.16916263e-13  -5.02964199e-25  -5.84175339e-25  -1.96336395e-54
  4.88000000e-06   0.00000000e+00   0.00000000e+00   5.78425999e-13  -6.97808158e-25  -8.10479788e-25  -3.77902308e-54
  4.96000000e-06   0.00000000e+00   0.00000000e+00   5.02945610e-13  -6.06749265e-25  -7.04718066e-25  -2.85723255e-54
  5.04000000e-06   0.00000000e+00   0.00000000e+00   5.12028281e-13  -6.17706521e-25  -7.17444536e-25  -2.96136186e-54
  5.12000000e-06   0.00000000e+00   0.00000000e+00   9.58930573e-13  -1.15684561e-24  -1.34363574e-24  -1.03857211e-53
  5.20000000e-06   0.00000000e+00   0.00000000e+00   1.34029723e-12  -1.61692307e-24  -1.87799964e-24  -2.02897574e-53
  5.28000000e-06   0.00000000e+00   0.00000000e+00  -6.86820929e-14   8.28574870e-26   9.62360754e-26  -5.31917540e-56
  5.36000000e-06   0.00000000e+00   0.00000000e+00   7.92467957e-13  -9.56026538e-25  -1.11039141e-24  -7.09469821e-54
  5.44000000e-06   0.00000000e+00   0.00000000e+00   1.33021638e-12  -1.60476162e-24  -1.86387453e-24  -1.99855703e-53
  5.52000000e-06   0.00000000e+00   0.00000000e+00  -3.86899285e-14   4.66751975e-26   5.42116106e-26  -1.68768419e-56
  5.60000000e-06   0.00000000e+00   0.00000000e+00  -3.27260701e-13   3.94804499e-25   4.58551628e-25  -1.20947662e-54
  5.68000000e-06   0.00000000e+00   0.00000000e+00   6.47450188e-13  -7.81078347e-25  -9.07195202e-25  -4.73552129e-54
  5.76000000e-06   0.00000000e+00   0.00000000e+00   4.47961560e-13  -5.40416979e-25  -6.27675435e-25  -2.26687882e-54
  5.84000000e-06   0.00000000e+00   0.00000000e+00   2.77559430e-13  -3.34845312e-25  -3.88911128e-25  -8.70330360e-55
  5.92000000e-06   0.00000000e+00   0.00000000e+00   1.17038357e-12  -1.41194069e-24  -1.63991976e-24  -1.54716774e-53
  6.00000000e-06   0.00000000e+00   0.00000000e+00   7.62714902e-13  -9.20132708e-25  -1.06870198e-24  -6.57096332e-54
  6.08000000e-06   0.00000000e+00   0.00000000e+00   6.99788888e-13  -8.44219304e-25  -9.80531217e-25  -5.53133760e-54
  6.16000000e-06   0.00000000e+00   0.00000000e+00   2.51280649e-13  -3.03142817e-25  -3.52089788e-25  -7.13414764e-55
  6.24000000e-06   0.00000000e+00   0.00000000e+00   9.41023474e-13  -1.13524264e-24  -1.31854465e-24  -1.00022345e-53
  6.32000000e-06   0.00000000e+00   0.00000000e+00   5.41892124e-13  -6.53734004e-25  -7.59289199e-25  -3.31653385e-54
  6.40000000e-06   0.00000000e+00   0.00000000e+00   7.75215493e-13  -9.35213313e-25  -1.08621758e-24  -6.78762303e-54
  6.48000000e-06   0.00000000e+00   0.00000000e+00   3.08188899e-13  -3.71796441e-25  -4.31828573e-25  -1.07301988e-54
  6.56000000e-06   0.00000000e+00   0.00000000e+00  -2.03188399e-13   2.45124740e-25   2.84703819e-25  -4.66246255e-55
  6.64000000e-06   0.00000000e+00   0.00000000e+00   6.92009412e-13  -8.34834212e-25  -9.69630760e-25  -5.40878913e-54
  6.72000000e-06   0.00000000e+00   0.00000000e+00   1.34026019e-13  -1.61687839e-25  -1.87794774e-25  -2.02963102e-55
  6.80000000e-06   0.00000000e+00   0.00000000e+00   1.35481923e-13  -1.63444228e-25  -1.89834759e-25  -2.07417725e-55
  6.88000000e-06   0.00000000e+00   0.00000000e+00   5.34288949e-13  -6.44561600e-25  -7.48635771e-25  -3.22438068e-54
  6.96000000e-06   0.00000000e+00   0.00000000e+00   5.91272956e-13  -7.13306617e-25  -8.28480706e-25  -3.94885397e-54
  7.04000000e-06   0.00000000e+00   0.00000000e+00   5.88201652e-13  -7.09601421e-25  -8.24177251e-25  -3.90783412e-54
  7.12000000e-06   0.00000000e+00   0.00000000e+00   5.26126810e-13  -6.34714865e-25  -7.37199133e-25  -3.12661647e-54
  7.20000000e-06   0.00000000e+00   0.00000000e+00   6.95404307e-13  -8.38929784e-25  -9.74387625e-25  -5.46210616e-54
  7.28000000e-06   0.00000000e+00   0.00000000e+00   6.14539790e-13  -7.41375525e-25  -8.61081762e-25  -4.26626459e-54
  7.36000000e-06   0.00000000e+00   0.00000000e+00   3.75312781e-13  -4.52774116e-25  -5.25881312e-25  -1.59133428e-54
  7.44000000e-06   0.00000000e+00   0.00000000e+00   5.49558746e-13  -6.62982951e-25  -7.70031527e-25  -3.41145246e-54
  7.52000000e-06   0.00000000e+00   0.00000000e+00   4.09042324e-13  -4.93465146e-25  -5.73142521e-25  -1.88995466e-54
  7.60000000e-06   0.00000000e+00   0.00000000e+00   3.73683916e-13  -4.50809067e-25  -5.23598976e-25  -1.57733736e-54
  7.68000000e-06   0.00000000e+00   0.00000000e+00   1.92242470e-13  -2.31919665e-25  -2.69366586e-25  -4.17477162e-55
  7.76000000e-06   0.00000000e+00   0.00000000e+00   2.85048727e-13  -3.43880337e-25  -3.99404993e-25  -9.17932451e-55
  7.84000000e-06   0.00000000e+00   0.00000000e+00   5.72574842e-13  -6.90749373e-25  -8.02281255e-25  -3.70257260e-54
  7.92000000e-06   0.00000000e+00   0.00000000e+00   1.32148493e-13  -1.59422807e-25  -1.85164019e-25  -1.97344561e-55
  8.00000000e-06   0.00000000e+00   0.00000000e+00  -1.05495365e-13   1.27268702e-25   1.47818149e-25  -1.25639919e-55
  8.08000000e-06   0.00000000e+00   0.00000000e+00   7.48335539e-13  -9.02785568e-25  -1.04855389e-24  -6.32589118e-54
  8.16000000e-06   0.00000000e+00   0.00000000e+00   5.86575566e-13  -7.07639726e-25  -8.21898810e-25  -3.88672116e-54
  8.24000000e-06   0.00000000e+00   0.00000000e+00   1.72771895e-13  -2.08430530e-25  -2.42084776e-25  -3.37283848e-55
  8.32000000e-06   0.00000000e+00   0.00000000e+00   1.38120431e-12  -1.66627302e-24  -1.93531787e-24  -2.15476026e-53
  8.40000000e-06   0.00000000e+00   0.00000000e+00   3.67878862e-13  -4.43805900e-25  -5.15465042e-25  -1.52921126e-54
  8.48000000e-06   0.00000000e+00   0.00000000e+00   9.94227449e-13  -1.19942746e-24  -1.39309307e-24  -1.11639683e-53
  8.56000000e-06   0.00000000e+00   0.00000000e+00   4.15280241e-14  -5.00990517e-26  -5.81882976e-26  -1.94948372e-56
  8.64000000e-06   0.00000000e+00   0.00000000e+00   4.72780407e-13  -5.70358223e-25  -6.62451143e-25  -2.52517248e-54
  8.72000000e-06   0.00000000e+00   0.00000000e+00   7.02556394e-13  -8.47558000e-25  -9.84408996e-25  -5.57521394e-54
  8.80000000e-06   0.00000000e+00   0.00000000e+00   7.43648740e-13  -8.97131454e-25  -1.04198683e-24  -6.24647779e-54
  8.88000000e-06   0.00000000e+00   0.00000000e+00   5.60992295e-13  -6.76776288e-25  -7.86052005e-25  -3.55511254e-54
  8.96000000e-06   0.00000000e+00   0.00000000e+00   7.36953978e-13  -8.89054950e-25  -1.03260625e-24  -6.13394631e-54
  9.04000000e-06   0.00000000e+00   0.00000000e+00   8.27916213e-14  -9.98791009e-26  -1.16006085e-25  -7.74954783e-56
  9.12000000e-06   0.00000000e+00   0.00000000e+00   5.34242304e-13  -6.44505327e-25  -7.48570413e-25  -3.22342987e-54
  9.20000000e-06   0.00000000e+00   0.00000000e+00   8.48307585e-13  -1.02339099e-24  -1.18863286e-24  -8.12778130e-54
  9.28000000e-06   0.00000000e+00   0.00000000e+00   2.31453711e-13  -2.79223769e-25  -3.24308649e-25  -6.05098571e-55
  9.36000000e-06   0.00000000e+00   0.00000000e+00   2.47817125e-13  -2.98964451e-25  -3.47236761e-25  -6.93682862e-55
  9.44000000e-06   0.00000000e+00   0.00000000e+00   1.07730490e-12  -1.29965139e-24  -1.50949966e-24  -1.31085299e-53
  9.52000000e-06   0.00000000e+00   0.00000000e+00   8.77713858e-13  -1.05886646e-24  -1.22983639e-24  -8.70145863e-54
  9.60000000e-06   0.00000000e+00   0.00000000e+00   9.29436960e-13  -1.12126477e-24  -1.30230984e-24  -9.75751925e-54
  9.68000000e-06   0.00000000e+00   0.00000000e+00   9.72968596e-13  -1.17378096e-24  -1.36330556e-24  -1.06934279e-53
  9.76000000e-06   0.00000000e+00   0.00000000e+00   8.49380520e-13  -1.02468537e-24  -1.19013624e-24  -8.14940493e-54
  9.84000000e-06   0.00000000e+00   0.00000000e+00   8.75853893e-13  -1.05662261e-24  -1.22723024e-24  -8.66466541e-54
  9.92000000e-06   0.00000000e+00   0.00000000e+00   7.17567417e-13  -8.65667170e-25  -1.00544216e-24  -5.81660674e-54
  1.00000000e-05   0.00000000e+00   0.00000000e+00   4.61297148e-13  -5.56504917e-25  -6.46361012e-25  -2.40396068e-54
  1.00800000e-05   0.00000000e+00   0.00000000e+00   7.59776447e-13  -9.16587781e-25  -1.06458467e-24  -6.52016162e-54
  1.01600000e-05   0.00000000e+00   0.00000000e+00   5.88100796e-13  -7.09479750e-25  -8.24035933e-25  -3.90698852e-54
  1.02400000e-05   0.00000000e+00   0.00000000e+00   6.69202696e-13  -8.07320385e-25  -9.37674412e-25  -5.05826144e-54
  1.03200000e-05   0.00000000e+00   0.00000000e+00   9.15467045e-13  -1.10441158e-24  -1.28273545e-24  -9.46608385e-54
  1.04000000e-05   0.00000000e+00   0.00000000e+00   1.08907614e-12  -1.31385210e-24  -1.52599330e-24  -1.33969114e-53
  1.04800000e-05   0.00000000e+00   0.00000000e+00   7.65362534e-13  -9.23326789e-25  -1.07241180e-24  -6.61586167e-54
  1.05600000e-05   0.00000000e+00   0.00000000e+00   1.14240246e-12  -1.37818451e-24  -1.60071315e-24  -1.47403546e-53
  1.06400000e-05   0.00000000e+00   0.00000000e+00   6.68676861e-13  -8.06686023e-25  -9.36937623e-25  -5.05102288e-54
  1.07200000e-05   0.00000000e+00   0.00000000e+00   7.31152434e-13  -8.82056017e-25  -1.02447724e-24  -6.03837075e-54
  1.08000000e-05   0.00000000e+00   0.00000000e+00   7.41875090e-13  -8.94991737e-25  -1.03950162e-24  -6.21678023e-54
  1.08800000e-05   0.00000000e+00   0.00000000e+00   8.35932657e-13  -1.00846198e-24  -1.17129334e-24  -7.89289818e-54
  1.09600000e-05   0.00000000e+00   0.00000000e+00   1.94164320e-13  -2.34238168e-25  -2.72059445e-25  -4.25910170e-55
  1.10400000e-05   0.00000000e+00   0.00000000e+00   8.76881433e-13  -1.05786223e-24  -1.22867001e-24  -8.68550626e-54
  1.11200000e-05   0.00000000e+00   0.00000000e+00   8.78504689e-13  -1.05982051e-24  -1.23094448e-24  -8.71744234e-54
  1.12000000e-05   0.00000000e+00   0.00000000e+00   9.15649259e-13  -1.10463140e-24  -1.28299077e-24  -9.47020540e-54
  1.12800000e-05   0.00000000e+00   0.00000000e+00   9.09320461e-13  -1.09699640e-24  -1.27412297e-24  -9.34000341e-54
  1.13600000e-05   0.00000000e+00   0.00000000e+00   8.87415063e-13  -1.07056991e-24  -1.24342954e-24  -8.89550254e-54
  1.14400000e-05   0.00000000e+00   0.00000000e+00   7.05047355e-13  -8.50563074e-25  -9.87899284e-25  -5.61505947e-54
  1.15200000e-05   0.00000000e+00   0.00000000e+00   6.40787989e-13  -7.73041127e-25  -8.97860252e-25  -4.63820569e-54
  1.16000000e-05   0.00000000e+00   0.00000000e+00   6.26976116e-13  -7.56378602e-25  -8.78507312e-25  -4.44035065e-54
  1.16800000e-05   0.00000000e+00   0.00000000e+00   5.41877251e-13  -6.53716062e-25  -7.59268359e-25  -3.31671577e-54
  1.17600000e-05   0.00000000e+00   0.00000000e+00   5.37326527e-13  -6.48226108e-25  -7.52891969e-25  -3.26124172e-54
  1.18400000e-05   0.00000000e+00   0.00000000e+00   4.44297205e-13  -5.35996332e-25  -6.22541007e-25  -2.22983438e-54
  1.19200000e-05   0.00000000e+00   0.00000000e+00   3.60544343e-13  -4.34957599e-25  -5.05188050e-25  -1.46798472e-54
  1.20000000e-05   0.00000000e+00   0.00000000e+00   2.13019506e-13  -2.56984903e-25  -2.98478983e-25  -5.12549087e-55
  1.20800000e-05   0.00000000e+00   0.00000000e+00   4.90847821e-13  -5.92154596e-25  -6.87766868e-25  -2.72150901e-54
  1.21600000e-05   0.00000000e+00   0.00000000e+00   4.43218935e-13  -5.34695517e-25  -6.21030155e-25  -2.21898203e-54
  1.22400000e-05   0.00000000e+00   0.00000000e+00   5.35621724e-13  -6.46169448e-25  -7.50503231e-25  -3.24055508e-54
  1.23200000e-05   0.00000000e+00   0.00000000e+00   4.20773804e-13  -5.07617904e-25  -5.89580454e-25  -2.00000807e-54
  1.24000000e-05   0.00000000e+00   0.00000000e+00   3.08950209e-13  -3.72714879e-25  -4.32895306e-25  -1.07825577e-54
  1.24800000e-05   0.00000000e+00   0.00000000e+00   3.95716103e-13  -4.77388509e-25  -5.54470068e-25  -1.76861479e-54
  1.25600000e-05   0.00000000e+00   0.00000000e+00   4.01286472e-13  -4.84108553e-25  -5.62275165e-25  -1.81889544e-54
  1.26400000e-05   0.00000000e+00   0.00000000e+00   8.02995763e-13  -9.68727193e-25  -1.12514278e-24  -7.28298483e-54
  1.27200000e-05   0.00000000e+00   0.00000000e+00   5.23023195e-13  -6.30970691e-25  -7.32850405e-25  -3.08989074e-54
  1.28000000e-05   0.00000000e+00   0.00000000e+00   7.12081405e-13  -8.59048891e-25  -9.97755264e-25  -5.72723597e-54
  1.28800000e-05   0.00000000e+00   0.00000000e+00   9.32945209e-13  -1.12549709e-24  -1.30722553e-24  -9.83168142e-54
  1.29600000e-05   0.00000000e+00   0.00000000e+00   8.46900813e-13  -1.02169387e-24  -1.18666172e-24  -8.10180221e-54
  1.30400000e-05   0.00000000e+00   0.00000000e+00   1.12068943e-12  -1.35199010e-24  -1.57028925e-24  -1.41861648e-53
  1.31200000e-05   0.00000000e+00   0.00000000e+00   8.73656998e-13  -1.05397230e-24  -1.22415199e-24  -8.62194086e-54
  1.32000000e-05   0.00000000e+00   0.00000000e+00   7.31925827e-13  -8.82989033e-25  -1.02556090e-24  -6.05146708e-54
  1.32800000e-05   0.00000000e+00   0.00000000e+00   5.31207578e-13  -6.40844261e-25  -7.44318211e-25  -3.18755519e-54
  1.33600000e-05   0.00000000e+00   0.00000000e+00   1.38843699e-12  -1.67499846e-24  -1.94545217e-24  -2.17749155e-53
  1.34400000e-05   0.00000000e+00   0.00000000e+00   3.81479524e-13  -4.60213622e-25  -5.34522038e-25  -1.64385459e-54
  1.35200000e-05   0.00000000e+00   0.00000000e+00   3.27278474e-13  -3.94825940e-25  -4.58576531e-25  -1.20992478e-54
  1.36000000e-05  -1.37217262e-13   8.43967305e-14   2.71586645e-13  -5.90326481e-25  -8.07633927e-25  -4.72825929e-26
  1.36800000e-05  -2.10094800e-13  -2.30720743e-13   3.91229005e-13   2.46148089e-25  -1.20210753e-24  -5.76738191e-25
  1.37600000e-05  -6.67073791e-13  -3.96511659e-13   2.06883953e-13   9.84568259e-25  -2.36616385e-24  -1.36033688e-24
  1.38400000e-05  -2.34119174e-13  -1.03392626e-13   1.02128036e-12  -9.10252021e-25  -2.15970019e-24  -4.27311192e-25
  1.39200000e-05  -5.99527936e-13  -2.64765874e-13   1.22529093e-12  -6.54090834e-25  -3.58289886e-24  -1.09425039e-24
  1.40000000e-05  -1.06011202e-13  -7.93302942e-14   5.03031315e-13  -3.59935369e-25  -1.03480036e-24  -2.39047142e-25
  1.40800000e-05  -1.30546629e-13  -1.11086447e-13   1.83999681e-13   1.23783382e-25  -6.64146203e-25  -3.13142603e-25
  1.41600000e-05  -1.00141883e-13  -8.59064641e-14   1.87034232e-14   2.44822115e-25  -3.37900710e-25  -2.41180853e-25
  1.42400000e-05   0.00000000e+00   0.00000000e+00   1.21514248e-12  -1.46593745e-24  -1.70263512e-24  -1.66775431e-53
  1.43200000e-05   0.00000000e+00   0.00000000e+00   1.79970793e-13  -2.17115219e-25  -2.52171738e-25  -3.66111998e-55
  1.44000000e-05   0.00000000e+00   0.00000000e+00  -3.64592363e-14   4.39841096e-26   5.10860061e-26  -1.49821811e-56
  1.44800000e-05   0.00000000e+00   0.00000000e+00   1.53595681e-12  -1.85296511e-24  -2.15215421e-24  -2.66466581e-53
  1.45600000e-05   0.00000000e+00   0.00000000e+00   1.82970092e-12  -2.20733548e-24  -2.56374301e-24  -3.78136230e-53
  1.46400000e-05   0.00000000e+00   0.00000000e+00   6.64291896e-13  -8.01396039e-25  -9.30793490e-25  -4.98379045e-54
  1.47200000e-05   0.00000000e+00   0.00000000e+00   1.05366100e-12  -1.27112758e-24  -1.47637026e-24  -1.25391240e-53
  1.48000000e-05   0.00000000e+00   0.00000000e+00   9.08561825e-13  -1.09608118e-24  -1.27305999e-24  -9.32452281e-54
  1.48800000e-05   0.00000000e+00   0.00000000e+00   6.34054825e-13  -7.64918295e-25  -8.88425867e-25  -4.54159900e-54
  1.49600000e-05   0.00000000e+00   0.00000000e+00   3.44060413e-13  -4.15071528e-25  -4.82091073e-25  -1.33741573e-54
  1.50400000e-05   0.00000000e+00   0.00000000e+00   1.01816933e-12  -1.22831074e-24  -1.42663999e-24  -1.17085747e-53
  1.51200000e-05   0.00000000e+00   0.00000000e+00  -6.67308363e-14   8.05035079e-26   9.35020109e-26  -5.02496388e-56
  1.52000000e-05   0.00000000e+00   0.00000000e+00   4.34215372e-13  -5.23833696e-25  -6.08414530e-25  -2.13010839e-54
  1.52800000e-05   0.00000000e+00   0.00000000e+00   8.73086178e-13  -1.05328367e-24  -1.22335217e-24  -8.60948462e-54
  1.53600000e-05   0.00000000e+00   0.00000000e+00   1.21546221e-12  -1.46632318e-24  -1.70308312e-24  -1.66862154e-53
  1.54400000e-05   0.00000000e+00   0.00000000e+00   6.72033065e-13  -8.10734918e-25  -9.41640272e-25  -5.10184972e-54
  1.55200000e-05   0.00000000e+00   0.00000000e+00   1.24416424e-12  -1.50094906e-24  -1.74329987e-24  -1.74836823e-53
  1.56000000e-05   0.00000000e+00   0.00000000e+00   5.51436984e-13  -6.65248842e-25  -7.72663280e-25  -3.43515534e-54
  1.56800000e-05   0.00000000e+00   0.00000000e+00   9.15836242e-13  -1.10485698e-24  -1.28325277e-24  -9.47333893e-54
  1.57600000e-05   0.00000000e+00   0.00000000e+00   8.84909797e-13  -1.06754758e-24  -1.23991920e-24  -8.84529201e-54
  1.58400000e-05   0.00000000e+00   0.00000000e+00   5.62905369e-13  -6.79084203e-25  -7.88732568e-25  -3.57983307e-54
  1.59200000e-05   0.00000000e+00   0.00000000e+00   1.14484539e-13  -1.38113165e-25  -1.60413614e-25  -1.48191861e-55
  1.60000000e-05   0.00000000e+00   0.00000000e+00   8.23976045e-13  -9.94037624e-25  -1.15453996e-24  -7.66843473e-54
  1.60800000e-05   0.00000000e+00   0.00000000e+00   4.66724107e-13  -5.63051954e-25  -6.53965166e-25  -2.46051665e-54
  1.61600000e-05   0.00000000e+00   0.00000000e+00   2.16617667e-13  -2.61325693e-25  -3.03520660e-25  -5.30055454e-55
  1.62400000e-05   0.00000000e+00   0.00000000e+00   2.52085973e-13  -3.04114353e-25  -3.53218193e-25  -7.17785432e-55
  1.63200000e-05   0.00000000e+00   0.00000000e+00   2.71192262e-13  -3.27164017e-25  -3.79989571e-25  -8.30715752e-55
  1.64000000e-05   0.00000000e+00   0.00000000e+00   4.61171379e-13  -5.56353191e-25  -6.46184787e-25  -2.40248113e-54
  1.64800000e-05   0.00000000e+00   0.00000000e+00   2.31021212e-13  -2.78702006e-25  -3.23702640e-25  -6.02896187e-55
  1.65600000e-05   0.00000000e+00   0.00000000e+00   1.60134376e-13  -1.93184735e-25  -2.24377318e-25  -2.89682799e-55
  1.66400000e-05   0.00000000e+00   0.00000000e+00   6.49878091e-13  -7.84007348e-25  -9.10597134e-25  -4.77030491e-54
  1.67200000e-05   0.00000000e+00   0.00000000e+00   5.59798161e-13  -6.75335694e-25  -7.84378806e-25  -3.53970979e-54
  1.68000000e-05   0.00000000e+00   0.00000000e+00   5.79701419e-13  -6.99346814e-25  -8.12266883e-25  -3.79567769e-54
  1.68800000e-05   0.00000000e+00   0.00000000e+00   5.61277901e-13  -6.77120839e-25  -7.86452190e-25  -3.55854760e-54
  1.69600000e-05   0.00000000e+00   0.00000000e+00   7.43513093e-13  -8.96967811e-25  -1.04179676e-24  -6.24391260e-54
  1.70400000e-05   0.00000000e+00   0.00000000e+00   7.27043768e-13  -8.77099358e-25  -1.01872025e-24  -5.97033625e-54
  1.71200000e-05   0.00000000e+00   0.00000000e+00   9.13384249e-13  -1.10189891e-24  -1.27981708e-24  -9.42302607e-54
  1.72000000e-05   0.00000000e+00   0.00000000e+00  -2.77662128e-14   3.34969207e-26   3.89055027e-26  -8.68082680e-57
  1.72800000e-05   0.00000000e+00   0.00000000e+00   1.02604511e-12  -1.23781201e-24  -1.43767539e-24  -1.18923069e-53
  1.73600000e-05   0.00000000e+00   0.00000000e+00   7.64341183e-13  -9.22094640e-25  -1.07098070e-24  -6.59959373e-54
  1.74400000e-05   0.00000000e+00   0.00000000e+00   1.13956804e-12  -1.37476510e-24  -1.59674162e-24  -1.46679131e-53
  1.75200000e-05   0.00000000e+00   0.00000000e+00  -3.24512395e-13   3.91488967e-25   4.54700753e-25  -1.18930445e-54
  1.76000000e-05   0.00000000e+00   0.00000000e+00   6.12784113e-13  -7.39257491e-25  -8.58621739e-25  -4.24199767e-54
  1.76800000e-05   0.00000000e+00   0.00000000e+00   1.03819465e-12  -1.25246911e-24  -1.45469910e-24  -1.21742206e-53
  1.77600000e-05   0.00000000e+00   0.00000000e+00   1.24770987e-12  -1.50522647e-24  -1.74826794e-24  -1.75838713e-53
  1.78400000e-05   0.00000000e+00   0.00000000e+00   7.54107584e-13  -9.09748913e-25  -1.05664157e-24  -6.42324997e-54
  1.79200000e-05   0.00000000e+00   0.00000000e+00   6.01732199e-13  -7.25924558e-25  -8.43136003e-25  -4.09001915e-54
  1.80000000e-05   0.00000000e+00   0.00000000e+00   8.09960717e-13  -9.77129653e-25  -1.13490194e-24  -7.41029083e-54
  1.80800000e-05   0.00000000e+00   0.00000000e+00   6.72200460e-13  -8.10936862e-25  -9.41874823e-25  -5.10405154e-54
  1.81600000e-05   0.00000000e+00   0.00000000e+00   5.62185247e-13  -6.78215454e-25  -7.87723546e-25  -3.56997164e-54
  1.82400000e-05   0.00000000e+00   0.00000000e+00   4.42358136e-13  -5.33657057e-25  -6.19824020e-25  -2.21036558e-54
  1.83200000e-05   0.00000000e+00   0.00000000e+00   3.99321921e-13  -4.81738536e-25  -5.59522473e-25  -1.80120652e-54
  1.84000000e-05   0.00000000e+00   0.00000000e+00   5.22717270e-13  -6.30601626e-25  -7.32421749e-25  -3.08638857e-54
  1.84800000e-05   0.00000000e+00   0.00000000e+00   4.38247449e-13  -5.28697959e-25  -6.14064202e-25  -2.16914852e-54
  1.85600000e-05   0.00000000e+00   0.00000000e+00   4.07672293e-13  -4.91812354e-25  -5.71222860e-25  -1.87709542e-54
  1.86400000e-05   0.00000000e+00   0.00000000e+00   2.16258463e-13  -2.60892352e-25  -3.03017349e-25  -5.28438545e-55
  1.87200000e-05   0.00000000e+00   0.00000000e+00  -6.81143006e-14   8.21725074e-26   9.54404954e-26  -5.23514487e-56
  1.88000000e-05   0.00000000e+00   0.00000000e+00   6.04746242e-13  -7.29560674e-25  -8.47359224e-25  -4.13057946e-54
  1.88800000e-05   0.00000000e+00   0.00000000e+00   1.45648080e-13  -1.75708593e-25  -2.04079390e-25  -2.39754899e-55
  1.89600000e-05   0.00000000e+00   0.00000000e+00  -1.93058604e-13   2.32904242e-25   2.70510137e-25  -4.20817047e-55
  1.90400000e-05   0.00000000e+00   0.00000000e+00   8.14713263e-13  -9.82863084e-25  -1.14156112e-24  -7.49760857e-54
  1.91200000e-05   0.00000000e+00   0.00000000e+00   7.57052353e-13  -9.13301457e-25  -1.06076772e-24  -6.47389428e-54
  1.92000000e-05   0.00000000e+00   0.00000000e+00   5.16671213e-13  -6.23307714e-25  -7.23950125e-25  -3.01551014e-54
  1.92800000e-05   0.00000000e+00   0.00000000e+00   8.47564294e-13  -1.02249429e-24  -1.18759138e-24  -8.11336487e-54
  1.93600000e-05   0.00000000e+00   0.00000000e+00   4.90235238e-13  -5.91415581e-25  -6.86908528e-25  -2.71497520e-54
  1.94400000e-05   0.00000000e+00   0.00000000e+00   6.06800382e-13  -7.32038771e-25  -8.50237447e-25  -4.15880257e-54
  1.95200000e-05   0.00000000e+00   0.00000000e+00   7.68281627e-13  -9.26848358e-25  -1.07650197e-24  -6.66689447e-54
  1.96000000e-05   0.00000000e+00   0.00000000e+00   4.76205915e-13  -5.74490727e-25  -6.67250900e-25  -2.56164660e-54
  1.96800000e-05   0.00000000e+00   0.00000000e+00   6.60520269e-13  -7.96845981e-25  -9.25508757e-25  -4.92754666e-54
  1.97600000e-05   0.00000000e+00   0.00000000e+00   9.46804347e-13  -1.14221663e-24  -1.32664470e-24  -1.01249564e-53
  1.98400000e-05   0.00000000e+00   0.00000000e+00   3.42286953e-13  -4.12932041e-25  -4.79606134e-25  -1.32354047e-54
  1.99200000e-05   0.00000000e+00   0.00000000e+00   3.48741280e-14  -4.20718486e-26  -4.88649817e-26  -1.37774792e-56
  2.00000000e-05   0.00000000e+00   0.00000000e+00   9.77201555e-13  -1.17888756e-24  -1.36923670e-24  -1.07857020e-53
  2.00800000e-05   0.00000000e+00   0.00000000e+00   3.08818668e-13  -3.72556189e-25  -4.32710993e-25  -1.07759285e-54
  2.01600000e-05   0.00000000e+00   0.00000000e+00  -9.54001031e-14   1.15089865e-25   1.33672856e-25  -1.02693519e-55
  2.02400000e-05   0.00000000e+00   0.00000000e+00   4.34717696e-13  -5.24439696e-25  -6.09118377e-25  -2.13480575e-54
  2.03200000e-05   0.00000000e+00   0.00000000e+00   4.64952068e-13  -5.60914183e-25  -6.51482219e-25  -2.44178604e-54
  2.04000000e-05   0.00000000e+00   0.00000000e+00   4.66819523e-14  -5.63167064e-26  -6.54098863e-26  -2.46301843e-56
  2.04800000e-05   0.00000000e+00   0.00000000e+00  -6.69013431e-14   8.07092058e-26   9.37409218e-26  -5.05348321e-56
  2.05600000e-05   0.00000000e+00   0.00000000e+00   3.66122419e-13  -4.41686942e-25  -5.13003946e-25  -1.51418823e-54
  2.06400000e-05   0.00000000e+00   0.00000000e+00   4.74647799e-13  -5.72611029e-25  -6.65067697e-25  -2.54441638e-54
  2.07200000e-05   0.00000000e+00   0.00000000e+00   7.38104095e-13  -8.90442442e-25  -1.03421778e-24  -6.15321346e-54
  2.08000000e-05   0.00000000e+00   0.00000000e+00   2.23853619e-13  -2.70055084e-25  -3.13659542e-25  -5.66068484e-55
  2.08800000e-05   0.00000000e+00   0.00000000e+00   8.46692978e-13  -1.02144314e-24  -1.18637051e-24  -8.09699068e-54
  2.09600000e-05   0.00000000e+00   0.00000000e+00   1.46365040e-12  -1.76573527e-24  -2.05083980e-24  -2.41967783e-53
  2.10400000e-05   0.00000000e+00   0.00000000e+00   7.21267221e-13  -8.70130582e-25  -1.01062626e-24  -5.87636944e-54
  2.11200000e-05   0.00000000e+00   0.00000000e+00   1.00999676e-12  -1.21845141e-24  -1.41518873e-24  -1.15220663e-53
  2.12000000e-05   0.00000000e+00   0.00000000e+00   6.23281980e-13  -7.51922029e-25  -8.73331156e-25  -4.38851007e-54
  2.12800000e-05   0.00000000e+00   0.00000000e+00   3.79580296e-13  -4.57922409e-25  -5.31860874e-25  -1.62773061e-54
  2.13600000e-05   0.00000000e+00   0.00000000e+00   1.37999618e-12  -1.66481554e-24  -1.93362506e-24  -2.15108525e-53
  2.14400000e-05   0.00000000e+00   0.00000000e+00   6.33552166e-13  -7.64311893e-25  -8.87721550e-25  -4.53384034e-54
  2.15200000e-05   0.00000000e+00   0.00000000e+00   6.57149923e-13  -7.92780024e-25  -9.20786290e-25  -4.87787346e-54
  2.16000000e-05   0.00000000e+00   0.00000000e+00   4.61226086e-13  -5.56419189e-25  -6.46261441e-25  -2.40307501e-54
  2.16800000e-05   0.00000000e+00   0.00000000e+00   1.63604466e-12  -1.97371023e-24  -2.29239545e-24  -3.02339419e-53
  2.17600000e-05   0.00000000e+00   0.00000000e+00   6.22993402e-13  -7.51573891e-25  -8.72926806e-25  -4.38395318e-54
  2.18400000e-05   0.00000000e+00   0.00000000e+00   5.07426882e-13  -6.12155432e-25  -7.10997140e-25  -2.90828397e-54
  2.19200000e-05   0.00000000e+00   0.00000000e+00   5.80516635e-13  -7.00330284e-25  -8.13409148e-25  -3.80645917e-54
  2.20000000e-05   0.00000000e+00   0.00000000e+00   5.24058154e-13  -6.32219257e-25  -7.34300571e-25  -3.10251486e-54
  2.20800000e-05   0.00000000e+00   0.00000000e+00   2.85620254e-13  -3.44569821e-25  -4.00205805e-25  -9.21667219e-55
  2.21600000e-05   0.00000000e+00   0.00000000e+00   1.32777762e-12  -1.60181952e-24  -1.86045739e-24  -1.99122311e-53
  2.22400000e-05   0.00000000e+00   0.00000000e+00   5.07885308e-13  -6.12708474e-25  -7.11639479e-25  -2.91398812e-54
  2.23200000e-05   0.00000000e+00   0.00000000e+00   1.32676628e-12  -1.60059945e-24  -1.85904032e-24  -1.98806807e-53
  2.24000000e-05   0.00000000e+00   0.00000000e+00   1.41383646e-12  -1.70564017e-24  -1.98104144e-24  -2.25801785e-53
  2.24800000e-05   0.00000000e+00   0.00000000e+00   1.10771495e-12  -1.33633781e-24  -1.55210966e-24  -1.38609038e-53
  2.25600000e-05   0.00000000e+00   0.00000000e+00   7.53847448e-13  -9.09435088e-25  -1.05627707e-24  -6.41869053e-54
  2.26400000e-05   0.00000000e+00   0.00000000e+00   8.02686770e-13  -9.68354427e-25  -1.12470982e-24  -7.27849038e-54
  2.27200000e-05   0.00000000e+00   0.00000000e+00   5.18469470e-13  -6.25477116e-25  -7.26469810e-25  -3.03690080e-54
  2.28000000e-05   0.00000000e+00   0.00000000e+00   4.10096983e-13  -4.94737479e-25  -5.74620291e-25  -1.89958248e-54
  2.28800000e-05   0.00000000e+00   0.00000000e+00   4.87529182e-13  -5.88151019e-25  -6.83116852e-25  -2.68466125e-54
  2.29600000e-05   0.00000000e+00   0.00000000e+00   4.48608316e-13  -5.41197220e-25  -6.28581656e-25  -2.27283822e-54
  2.30400000e-05   0.00000000e+00   0.00000000e+00   1.91651375e-13  -2.31206573e-25  -2.68538354e-25  -4.14902226e-55
  2.31200000e-05   0.00000000e+00   0.00000000e+00   1.62739944e-13  -1.96328071e-25  -2.28028192e-25  -2.99166608e-55
  2.32000000e-05   0.00000000e+00   0.00000000e+00   6.19287893e-13  -7.47103597e-25  -8.67734716e-25  -4.33164901e-54
  2.32800000e-05   0.00000000e+00   0.00000000e+00   8.32767427e-13  -1.00464347e-24  -1.16685828e-24  -7.83294600e-54
  2.33600000e-05   0.00000000e+00   0.00000000e+00   4.86805700e-13  -5.87278217e-25  -6.82103123e-25  -2.67691988e-54
  2.34400000e-05   0.00000000e+00   0.00000000e+00  -4.11615695e-13   4.96569639e-25   5.76748281e-25  -1.91360242e-54
  2.35200000e-05   0.00000000e+00   0.00000000e+00   8.97398433e-13  -1.08261376e-24  -1.25741805e-24  -9.09565510e-54
  2.36000000e-05   0.00000000e+00   0.00000000e+00   1.73379310e-13  -2.09163311e-25  -2.42935876e-25  -3.39827035e-55
  2.36800000e-05   0.00000000e+00   0.00000000e+00  -3.98226660e-13   4.80417223e-25   5.57987814e-25  -1.79064837e-54
  2.37600000e-05   0.00000000e+00   0.00000000e+00   2.33626402e-13  -2.81844886e-25  -3.27352984e-25  -6.16139147e-55
  2.38400000e-05   0.00000000e+00   0.00000000e+00   2.16700280e-13  -2.61425357e-25  -3.03636415e-25  -5.30440534e-55
  2.39200000e-05   0.00000000e+00   0.00000000e+00   1.92248378e-13  -2.31926793e-25  -2.69374864e-25  -4.17488662e-55
  2.40000000e-05   0.00000000e+00   0.00000000e+00   2.37316120e-13  -2.86296129e-25  -3.32522948e-25  -6.36161701e-55
  2.40800000e-05   0.00000000e+00   0.00000000e+00   1.87787999e-12  -2.26545829e-24  -2.63125063e-24  -3.98302224e-53
  2.41600000e-05   0.00000000e+00   0.00000000e+00   3.03665895e-13  -3.66339928e-25  -4.25491023e-25  -1.04154697e-54
  2.42400000e-05   0.00000000e+00   0.00000000e+00   8.06241070e-14  -9.72642303e-26  -1.12969004e-25  -7.34669535e-56
  2.43200000e-05   0.00000000e+00   0.00000000e+00  -1.10015824e-13   1.32722145e-25   1.54152133e-25  -1.36655670e-55
  2.44000000e-05   0.00000000e+00   0.00000000e+00   5.53521994e-14  -6.67764181e-26  -7.75584757e-26  -3.45830696e-56
  2.44800000e-05   0.00000000e+00   0.00000000e+00  -8.70803361e-14   1.05052970e-25   1.22015353e-25  -8.56514571e-56
  2.45600000e-05   0.00000000e+00   0.00000000e+00   1.45075765e-13  -1.75018157e-25  -2.03277473e-25  -2.37715783e-55
  2.46400000e-05   0.00000000e+00   0.00000000e+00  -1.42055138e-13   1.71374098e-25   1.99045026e-25  -2.27935877e-55
  2.47200000e-05   0.00000000e+00   0.00000000e+00   3.96351366e-13  -4.78154885e-25  -5.55360187e-25  -1.77421677e-54
  2.48000000e-05   0.00000000e+00   0.00000000e+00   6.54615671e-13  -7.89722724e-25  -9.17235343e-25  -4.83982779e-54
  2.48800000e-05   0.00000000e+00   0.00000000e+00   9.46375281e-13  -1.14169901e-24  -1.32604350e-24  -1.01157668e-53
  2.49600000e-05   0.00000000e+00   0.00000000e+00   3.35076598e-13  -4.04233530e-25  -4.69503117e-25  -1.26823177e-54
  2.50400000e-05   0.00000000e+00   0.00000000e+00   7.54898085e-13  -9.10702568e-25  -1.05774920e-24  -6.43671743e-54
  2.51200000e-05   0.00000000e+00   0.00000000e+00   1.36760938e-12  -1.64987221e-24  -1.91626891e-24  -2.11255875e-53
  2.52000000e-05   0.00000000e+00   0.00000000e+00   4.48452689e-13  -5.41009474e-25  -6.28363595e-25  -2.27217712e-54
  2.52800000e-05   0.00000000e+00   0.00000000e+00   5.71642364e-13  -6.89624439e-25  -8.00974684e-25  -3.69095287e-54
  2.53600000e-05   0.00000000e+00   0.00000000e+00   5.97366779e-13  -7.20658153e-25  -8.37019257e-25  -4.03090065e-54
  2.54400000e-05   0.00000000e+00   0.00000000e+00  -2.42461074e-07   2.92502956e-19   3.39731963e-19  -6.63804128e-43
  2.55200000e-05   0.00000000e+00   0.00000000e+00  -5.76523565e-07   6.95511895e-19   8.07815151e-19  -3.75384831e-42
  2.56000000e-05   0.00000000e+00   0.00000000e+00  -1.39802772e-07   1.68656287e-19   1.95889549e-19  -2.20636136e-43
  2.56800000e-05   0.00000000e+00   0.00000000e+00  -4.75087909e-07   5.73139283e-19   6.65686687e-19  -2.54904108e-42
  2.57600000e-05   0.00000000e+00   0.00000000e+00   6.45971679e-08  -7.79290543e-20  -9.05127109e-20  -4.70890480e-44
  2.58400000e-05   0.00000000e+00   0.00000000e+00   1.05089370e-06  -1.26777340e-18  -1.47250633e-18  -1.24723884e-41
  2.59200000e-05   0.00000000e+00   0.00000000e+00  -1.98257149e-06   2.39172114e-18   2.77797349e-18  -4.43894173e-41
  2.60000000e-05   0.00000000e+00   0.00000000e+00  -6.18405822e-07   7.46022766e-19   8.66513158e-19  -4.32093694e-42
  2.60800000e-05   0.00000000e+00   0.00000000e+00   9.52240069e-08  -1.14874727e-19  -1.33428435e-19  -1.02231411e-43
  2.61600000e-05   0.00000000e+00   0.00000000e+00  -1.90178595e-06   2.29422975e-18   2.66480619e-18  -4.08491843e-41
  2.62400000e-05   0.00000000e+00   0.00000000e+00  -1.92558075e-06   2.32291052e-18   2.69816861e-18  -4.18778129e-41
  2.63200000e-05   0.00000000e+00   0.00000000e+00  -2.72343020e-06   3.28535883e-18   3.81616109e-18  -8.37734105e-41
  2.64000000e-05   0.00000000e+00   0.00000000e+00  -2.98602574e-06   3.60209146e-18   4.18415708e-18  -1.00715821e-40
