     timestep     time              x             y              z              vx             vy             vz             ax             ay             az         v_magnitude      ELoss        Electronic      Nuclear
           0   0.000000e+00   1.000000e-01   1.077406e+01   1.011641e+00  -6.499879e+04  -3.445882e+04  -1.523354e+06   0.000000e+00   0.000000e+00   0.000000e+00   1.525130e+06   0.000000e+00   0.000000e+00   0.000000e+00
        8000   7.999000e-08   9.480010e-02   1.077130e+01   8.897727e-01  -6.499879e+04  -3.445882e+04  -1.523354e+06   0.000000e+00   0.000000e+00   0.000000e+00   1.525130e+06   0.000000e+00   0.000000e+00   0.000000e+00
       16000   1.599900e-07   8.960019e-02   1.076855e+01   7.679043e-01  -6.499879e+04  -3.445882e+04  -1.523354e+06   0.000000e+00   0.000000e+00   0.000000e+00   1.525130e+06   0.000000e+00   0.000000e+00   0.000000e+00
       24000   2.399900e-07   8.440029e-02   1.076579e+01   6.460360e-01  -6.499879e+04  -3.445882e+04  -1.523354e+06   0.000000e+00   0.000000e+00   0.000000e+00   1.525130e+06   0.000000e+00   0.000000e+00   0.000000e+00
       32000   3.199900e-07   7.920039e-02   1.076303e+01   5.241677e-01  -6.499879e+04  -3.445882e+04  -1.523354e+06   0.000000e+00   0.000000e+00   0.000000e+00   1.525130e+06   0.000000e+00   0.000000e+00   0.000000e+00
       40000   3.999900e-07   7.400048e-02   1.076028e+01   4.022994e-01  -6.499879e+04  -3.445882e+04  -1.523354e+06   0.000000e+00   0.000000e+00   0.000000e+00   1.525130e+06   0.000000e+00   0.000000e+00   0.000000e+00
       48000   4.799900e-07   6.880058e-02   1.075752e+01   2.804310e-01  -6.499879e+04  -3.445882e+04  -1.523354e+06   0.000000e+00   0.000000e+00   0.000000e+00   1.525130e+06   0.000000e+00   0.000000e+00   0.000000e+00
       56000   5.599900e-07   6.360068e-02   1.075476e+01   1.585627e-01  -6.499879e+04  -3.445882e+04  -1.523354e+06   0.000000e+00   0.000000e+00   0.000000e+00   1.525130e+06   0.000000e+00   0.000000e+00   0.000000e+00
       64000   6.399900e-07   5.840077e-02   1.075201e+01   3.669437e-02  -6.499879e+04  -3.445882e+04  -1.523354e+06   0.000000e+00   0.000000e+00   0.000000e+00   1.525130e+06   0.000000e+00   0.000000e+00   0.000000e+00
