       time             b_x              b_y              b_z              F_x              F_y              F_z
  0.00000000e+00   0.00000000e+00   0.00000000e+00   0.00000000e+00  -0.00000000e+00   0.00000000e+00   0.00000000e+00
  8.00000000e-08   0.00000000e+00   0.00000000e+00   0.00000000e+00  -0.00000000e+00   0.00000000e+00   0.00000000e+00
  1.60000000e-07   0.00000000e+00   0.00000000e+00   0.00000000e+00  -0.00000000e+00   0.00000000e+00   0.00000000e+00
  2.40000000e-07   0.00000000e+00   0.00000000e+00   0.00000000e+00  -0.00000000e+00   0.00000000e+00   0.00000000e+00
  3.20000000e-07   0.00000000e+00   0.00000000e+00   0.00000000e+00  -0.00000000e+00   0.00000000e+00   0.00000000e+00
  4.00000000e-07   0.00000000e+00   0.00000000e+00   0.00000000e+00  -0.00000000e+00   0.00000000e+00   0.00000000e+00
  4.80000000e-07   0.00000000e+00   0.00000000e+00   0.00000000e+00  -0.00000000e+00   0.00000000e+00   0.00000000e+00
  5.60000000e-07   0.00000000e+00   0.00000000e+00   0.00000000e+00  -0.00000000e+00   0.00000000e+00   0.00000000e+00
  6.40000000e-07   0.00000000e+00   0.00000000e+00   0.00000000e+00  -0.00000000e+00   0.00000000e+00   0.00000000e+00
  7.20000000e-07   0.00000000e+00   0.00000000e+00   0.00000000e+00  -0.00000000e+00   0.00000000e+00   0.00000000e+00
  8.00000000e-07   0.00000000e+00   0.00000000e+00   0.00000000e+00  -0.00000000e+00   0.00000000e+00   0.00000000e+00
  8.80000000e-07   0.00000000e+00   0.00000000e+00   0.00000000e+00  -0.00000000e+00   0.00000000e+00   0.00000000e+00
  9.60000000e-07   0.00000000e+00   0.00000000e+00   0.00000000e+00  -0.00000000e+00   0.00000000e+00   0.00000000e+00
  1.04000000e-06   0.00000000e+00   0.00000000e+00   0.00000000e+00  -0.00000000e+00   0.00000000e+00   0.00000000e+00
  1.12000000e-06   0.00000000e+00   0.00000000e+00   0.00000000e+00  -0.00000000e+00   0.00000000e+00   0.00000000e+00
  1.20000000e-06   0.00000000e+00   0.00000000e+00   0.00000000e+00  -0.00000000e+00   0.00000000e+00   0.00000000e+00
  1.28000000e-06   0.00000000e+00   0.00000000e+00   0.00000000e+00  -0.00000000e+00   0.00000000e+00   0.00000000e+00
  1.36000000e-06   0.00000000e+00   0.00000000e+00   0.00000000e+00  -0.00000000e+00   0.00000000e+00   0.00000000e+00
  1.44000000e-06   0.00000000e+00   0.00000000e+00   0.00000000e+00  -0.00000000e+00   0.00000000e+00   0.00000000e+00
  1.52000000e-06   0.00000000e+00   0.00000000e+00   0.00000000e+00  -0.00000000e+00   0.00000000e+00   0.00000000e+00
  1.60000000e-06   0.00000000e+00   0.00000000e+00   0.00000000e+00  -0.00000000e+00   0.00000000e+00   0.00000000e+00
  1.68000000e-06   0.00000000e+00   0.00000000e+00   0.00000000e+00  -0.00000000e+00   0.00000000e+00   0.00000000e+00
  1.76000000e-06   0.00000000e+00   0.00000000e+00   0.00000000e+00  -0.00000000e+00   0.00000000e+00   0.00000000e+00
  1.84000000e-06   0.00000000e+00   0.00000000e+00   0.00000000e+00  -0.00000000e+00   0.00000000e+00   0.00000000e+00
  1.92000000e-06   0.00000000e+00   0.00000000e+00   0.00000000e+00  -0.00000000e+00   0.00000000e+00   0.00000000e+00
  2.00000000e-06   0.00000000e+00   0.00000000e+00   0.00000000e+00  -0.00000000e+00   0.00000000e+00   0.00000000e+00
  2.08000000e-06   0.00000000e+00   0.00000000e+00   0.00000000e+00  -0.00000000e+00   0.00000000e+00   0.00000000e+00
  2.16000000e-06   0.00000000e+00   0.00000000e+00   0.00000000e+00  -0.00000000e+00   0.00000000e+00   0.00000000e+00
  2.24000000e-06   0.00000000e+00   0.00000000e+00   0.00000000e+00  -0.00000000e+00   0.00000000e+00   0.00000000e+00
  2.32000000e-06   0.00000000e+00   0.00000000e+00   0.00000000e+00  -0.00000000e+00   0.00000000e+00   0.00000000e+00
  2.40000000e-06   0.00000000e+00   0.00000000e+00   0.00000000e+00  -0.00000000e+00   0.00000000e+00   0.00000000e+00
  2.48000000e-06   0.00000000e+00   0.00000000e+00   0.00000000e+00  -0.00000000e+00   0.00000000e+00   0.00000000e+00
  2.56000000e-06   0.00000000e+00   0.00000000e+00   0.00000000e+00  -0.00000000e+00   0.00000000e+00   0.00000000e+00
  2.64000000e-06   0.00000000e+00   0.00000000e+00   0.00000000e+00  -0.00000000e+00   0.00000000e+00   0.00000000e+00
  2.72000000e-06   0.00000000e+00   0.00000000e+00   0.00000000e+00  -0.00000000e+00   0.00000000e+00   0.00000000e+00
  2.80000000e-06   0.00000000e+00   0.00000000e+00   0.00000000e+00  -0.00000000e+00   0.00000000e+00   0.00000000e+00
  2.88000000e-06   0.00000000e+00   0.00000000e+00   0.00000000e+00  -0.00000000e+00   0.00000000e+00   0.00000000e+00
  2.96000000e-06   0.00000000e+00   0.00000000e+00   0.00000000e+00  -0.00000000e+00   0.00000000e+00   0.00000000e+00
  3.04000000e-06   1.61723207e-07   1.04519805e-07   0.00000000e+00  -2.55562153e-19   3.95430617e-19   3.16539157e-19
  3.12000000e-06   3.60090362e-07   2.32722162e-07   0.00000000e+00  -5.69031114e-19   8.80460279e-19   7.04799972e-19
  3.20000000e-06   1.38044201e-06   8.95528318e-07   2.38315303e-14  -2.18966856e-18   3.37533761e-18   2.71085722e-18
  3.28000000e-06   2.97230518e-06   1.92954756e-06   5.85875399e-14  -4.71799260e-18   7.26766928e-18   5.84036880e-18
  3.36000000e-06   3.42681701e-06   2.23175960e-06   1.11351315e-13  -5.45697626e-18   8.37906481e-18   6.75237752e-18
  3.44000000e-06   5.23162595e-06   3.41345812e-06   2.20866130e-13  -8.34650469e-18   1.27922437e-17   1.03251185e-17
  3.52000000e-06   2.91760032e-06   1.90941136e-06   6.69874202e-13  -4.66888965e-18   7.13410968e-18   5.77340834e-18
  3.60000000e-06   1.32279193e-06   8.70856276e-07   1.07409123e-12  -2.12942963e-18   3.23450561e-18   2.63125556e-18
  3.68000000e-06   8.92526228e-07   5.87190328e-07   1.09173176e-12  -1.43581569e-18   2.18242904e-18   1.77429014e-18
  3.76000000e-06   7.82669425e-07   5.14209632e-07   8.47943640e-13  -1.25736066e-18   1.91380396e-18   1.55402434e-18
  3.84000000e-06   4.22736525e-13   1.63108543e-13   6.84612217e-13  -5.62167474e-25  -7.86708284e-25   5.34561840e-25
  3.92000000e-06   2.70580396e-13   1.14065882e-13   7.78692203e-13  -4.64691428e-25  -1.40892643e-24   3.67856292e-25
  4.00000000e-06  -3.96332938e-14  -2.35104414e-14   1.33500187e-12  -2.61004489e-25  -3.64671094e-24  -7.19701248e-26
  4.08000000e-06  -2.18501441e-14  -1.19651754e-14   1.34086049e-12  -2.90633073e-25  -3.61880515e-24  -3.70284704e-26
  4.16000000e-06   2.91414262e-14   1.59578937e-14   3.94396858e-13  -1.33112542e-25  -9.77451960e-25   4.93846828e-26
  4.24000000e-06   0.00000000e+00   0.00000000e+00   2.96047368e-13  -7.06283849e-26  -7.87196216e-25  -1.62153521e-54
  4.32000000e-06   0.00000000e+00   0.00000000e+00   2.29570263e-13  -5.47688601e-26  -6.10432187e-25  -9.75084598e-55
  4.40000000e-06   0.00000000e+00   0.00000000e+00   7.45495494e-13  -1.77853777e-25  -1.98228829e-24  -1.02822111e-53
  4.48000000e-06   0.00000000e+00   0.00000000e+00   6.29619073e-13  -1.50208997e-25  -1.67417044e-24  -7.33424354e-54
  4.56000000e-06   0.00000000e+00   0.00000000e+00   4.56911816e-13  -1.09006014e-25  -1.21493819e-24  -3.86278762e-54
  4.64000000e-06   0.00000000e+00   0.00000000e+00   2.19308433e-13  -5.23206828e-26  -5.83145764e-25  -8.90036632e-55
  4.72000000e-06   0.00000000e+00   0.00000000e+00   9.07512727e-13  -2.16506428e-25  -2.41309554e-24  -1.52363238e-53
  4.80000000e-06   0.00000000e+00   0.00000000e+00   9.48046783e-13  -2.26176687e-25  -2.52087645e-24  -1.66277884e-53
  4.88000000e-06   0.00000000e+00   0.00000000e+00   9.47321998e-13  -2.26003775e-25  -2.51894923e-24  -1.66043723e-53
  4.96000000e-06   0.00000000e+00   0.00000000e+00   5.31776151e-13  -1.26866491e-25  -1.41400404e-24  -5.23265551e-54
  5.04000000e-06   0.00000000e+00   0.00000000e+00   7.67999965e-13  -1.83222697e-25  -2.04212816e-24  -1.09097323e-53
  5.12000000e-06   0.00000000e+00   0.00000000e+00   1.38972125e-12  -3.31547509e-25  -3.69529822e-24  -3.57261665e-53
  5.20000000e-06   0.00000000e+00   0.00000000e+00   1.23205135e-12  -2.93932007e-25  -3.27605061e-24  -2.80802665e-53
  5.28000000e-06   0.00000000e+00   0.00000000e+00   1.64040936e-12  -3.91354479e-25  -4.36188319e-24  -4.97802462e-53
  5.36000000e-06   0.00000000e+00   0.00000000e+00   3.93235633e-13  -9.38147087e-26  -1.04562187e-24  -2.86129938e-54
  5.44000000e-06   0.00000000e+00   0.00000000e+00   1.10797777e-13  -2.64331620e-26  -2.94613633e-25  -2.27257597e-55
  5.52000000e-06   0.00000000e+00   0.00000000e+00   1.05891880e-12  -2.52627562e-25  -2.81568751e-24  -2.07410808e-53
  5.60000000e-06   0.00000000e+00   0.00000000e+00   3.54789207e-13  -8.46424976e-26  -9.43392007e-25  -2.32937704e-54
  5.68000000e-06   0.00000000e+00   0.00000000e+00   9.54179922e-13  -2.27639878e-25  -2.53718460e-24  -1.68426913e-53
  5.76000000e-06   0.00000000e+00   0.00000000e+00   1.69598065e-12  -4.04612191e-25  -4.50964843e-24  -5.32095306e-53
  5.84000000e-06   0.00000000e+00   0.00000000e+00   1.03052005e-12  -2.45852437e-25  -2.74017462e-24  -1.96503902e-53
  5.92000000e-06   0.00000000e+00   0.00000000e+00   1.06616214e-12  -2.54355613e-25  -2.83494768e-24  -2.10294032e-53
  6.00000000e-06   0.00000000e+00   0.00000000e+00   9.15360150e-13  -2.18378598e-25  -2.43396201e-24  -1.55011485e-53
  6.08000000e-06   0.00000000e+00   0.00000000e+00   3.51154755e-13  -8.37754221e-26  -9.33727924e-25  -2.28169580e-54
  6.16000000e-06   0.00000000e+00   0.00000000e+00   7.68554373e-13  -1.83354962e-25  -2.04360234e-24  -1.09279938e-53
  6.24000000e-06   0.00000000e+00   0.00000000e+00   6.70639499e-13  -1.59995291e-25  -1.78324462e-24  -8.32092823e-54
  6.32000000e-06   0.00000000e+00   0.00000000e+00   9.01428597e-13  -2.15054930e-25  -2.39691771e-24  -1.50323075e-53
  6.40000000e-06   0.00000000e+00   0.00000000e+00   1.02660197e-12  -2.44917695e-25  -2.72975635e-24  -1.94969369e-53
  6.48000000e-06   0.00000000e+00   0.00000000e+00   1.02003427e-12  -2.43350832e-25  -2.71229271e-24  -1.92493670e-53
  6.56000000e-06   0.00000000e+00   0.00000000e+00   1.07274109e-12  -2.55925163e-25  -2.85244126e-24  -2.12901121e-53
  6.64000000e-06   0.00000000e+00   0.00000000e+00   1.02579028e-13  -2.44724049e-26  -2.72759806e-25  -1.94958325e-55
  6.72000000e-06   0.00000000e+00   0.00000000e+00  -5.07065922e-13   1.20971341e-25   1.34829902e-24  -4.75529972e-54
  6.80000000e-06   0.00000000e+00   0.00000000e+00   6.76177844e-13  -1.61316580e-25  -1.79797119e-24  -8.46025096e-54
  6.88000000e-06   0.00000000e+00   0.00000000e+00   1.66839886e-13  -3.98031969e-26  -4.43630787e-25  -5.15360061e-55
  6.96000000e-06   0.00000000e+00   0.00000000e+00   1.25225380e-12  -2.98751730e-25  -3.32976934e-24  -2.90098898e-53
  7.04000000e-06   0.00000000e+00   0.00000000e+00   1.46250277e-12  -3.48911085e-25  -3.88882580e-24  -3.95692099e-53
  7.12000000e-06   0.00000000e+00   0.00000000e+00   1.11278541e-12  -2.65478585e-25  -2.95891996e-24  -2.29091175e-53
  7.20000000e-06   0.00000000e+00   0.00000000e+00   1.05211968e-12  -2.51005486e-25  -2.79760848e-24  -2.04793486e-53
  7.28000000e-06   0.00000000e+00   0.00000000e+00   7.85177073e-13  -1.87320661e-25  -2.08780245e-24  -1.14053100e-53
  7.36000000e-06   0.00000000e+00   0.00000000e+00   8.40990137e-13  -2.00636052e-25  -2.23621057e-24  -1.30844115e-53
  7.44000000e-06   0.00000000e+00   0.00000000e+00   9.70034642e-13  -2.31422358e-25  -2.57934264e-24  -1.74092118e-53
  7.52000000e-06   0.00000000e+00   0.00000000e+00   1.11726496e-12  -2.66547276e-25  -2.97083116e-24  -2.30925851e-53
  7.60000000e-06   0.00000000e+00   0.00000000e+00   1.06841466e-12  -2.54893000e-25  -2.84093718e-24  -2.11190798e-53
  7.68000000e-06   0.00000000e+00   0.00000000e+00   1.12624502e-12  -2.68689661e-25  -2.99470934e-24  -2.34656175e-53
  7.76000000e-06   0.00000000e+00   0.00000000e+00   1.17875166e-12  -2.81216235e-25  -3.13432561e-24  -2.57051994e-53
  7.84000000e-06   0.00000000e+00   0.00000000e+00   1.64857301e-12  -3.93302093e-25  -4.38359053e-24  -5.02784812e-53
  7.92000000e-06   0.00000000e+00   0.00000000e+00   1.02372569e-12  -2.44231498e-25  -2.72210827e-24  -1.93902241e-53
  8.00000000e-06   0.00000000e+00   0.00000000e+00   9.22412421e-13  -2.20061067e-25  -2.45271414e-24  -1.57397823e-53
  8.08000000e-06   0.00000000e+00   0.00000000e+00   1.18711484e-12  -2.83211449e-25  -3.15656348e-24  -2.60699893e-53
  8.16000000e-06   0.00000000e+00   0.00000000e+00   9.79423384e-13  -2.33662242e-25  -2.60430750e-24  -1.77476883e-53
  8.24000000e-06   0.00000000e+00   0.00000000e+00   7.87628898e-13  -1.87905596e-25  -2.09432190e-24  -1.14775532e-53
  8.32000000e-06   0.00000000e+00   0.00000000e+00   1.13149900e-12  -2.69943109e-25  -3.00867978e-24  -2.36856661e-53
  8.40000000e-06   0.00000000e+00   0.00000000e+00   1.15587334e-12  -2.75758125e-25  -3.07349166e-24  -2.47171160e-53
  8.48000000e-06   0.00000000e+00   0.00000000e+00   1.25536970e-12  -2.99495095e-25  -3.33805460e-24  -2.91545929e-53
  8.56000000e-06   0.00000000e+00   0.00000000e+00   1.43920078e-12  -3.43351902e-25  -3.82686533e-24  -3.83184999e-53
  8.64000000e-06   0.00000000e+00   0.00000000e+00   1.19378880e-12  -2.84803664e-25  -3.17430968e-24  -2.63657190e-53
  8.72000000e-06   0.00000000e+00   0.00000000e+00   1.13853958e-12  -2.71622789e-25  -3.02740083e-24  -2.39817641e-53
  8.80000000e-06   0.00000000e+00   0.00000000e+00   1.12413911e-12  -2.68187250e-25  -2.98910967e-24  -2.33783282e-53
  8.88000000e-06   0.00000000e+00   0.00000000e+00   1.18890426e-12  -2.83638352e-25  -3.16132158e-24  -2.61497442e-53
  8.96000000e-06   0.00000000e+00   0.00000000e+00   1.29719672e-12  -3.09473818e-25  -3.44927352e-24  -3.11310542e-53
  9.04000000e-06   0.00000000e+00   0.00000000e+00   1.26673387e-12  -3.02206259e-25  -3.36827216e-24  -2.96860880e-53
  9.12000000e-06   0.00000000e+00   0.00000000e+00   1.32830378e-12  -3.16895067e-25  -3.53198784e-24  -3.26421713e-53
  9.20000000e-06   0.00000000e+00   0.00000000e+00   1.27163773e-12  -3.03376178e-25  -3.38131163e-24  -2.99165316e-53
  9.28000000e-06   0.00000000e+00   0.00000000e+00   1.22699653e-12  -2.92726072e-25  -3.26260973e-24  -2.78530105e-53
  9.36000000e-06   0.00000000e+00   0.00000000e+00   1.16051722e-12  -2.76866022e-25  -3.08583984e-24  -2.49166121e-53
  9.44000000e-06   0.00000000e+00   0.00000000e+00   1.40625828e-12  -3.35492769e-25  -3.73927052e-24  -3.65841924e-53
  9.52000000e-06   0.00000000e+00   0.00000000e+00   9.42561487e-13  -2.24868054e-25  -2.50629094e-24  -1.64371062e-53
  9.60000000e-06   0.00000000e+00   0.00000000e+00   1.68608081e-12  -4.02250374e-25  -4.48332454e-24  -5.25926412e-53
  9.68000000e-06   0.00000000e+00   0.00000000e+00   1.16736308e-12  -2.78499247e-25  -3.10404313e-24  -2.52120773e-53
  9.76000000e-06   0.00000000e+00   0.00000000e+00   9.84532612e-13  -2.34881157e-25  -2.61789305e-24  -1.79343502e-53
  9.84000000e-06   0.00000000e+00   0.00000000e+00   1.79500015e-12  -4.28235396e-25  -4.77294338e-24  -5.96066694e-53
  9.92000000e-06   0.00000000e+00   0.00000000e+00   9.42350268e-13  -2.24817664e-25  -2.50572930e-24  -1.64306855e-53
  1.00000000e-05   0.00000000e+00   0.00000000e+00   2.17945922e-12  -5.19956270e-25  -5.79522819e-24  -8.78705097e-53
  1.00800000e-05   0.00000000e+00   0.00000000e+00   1.56373171e-12  -3.73061398e-25  -4.15799569e-24  -4.52388249e-53
  1.01600000e-05   0.00000000e+00   0.00000000e+00   1.19677088e-12  -2.85515101e-25  -3.18223908e-24  -2.64976267e-53
  1.02400000e-05   0.00000000e+00   0.00000000e+00   2.23671841e-12  -5.33616666e-25  -5.94748158e-24  -9.25480713e-53
  1.03200000e-05   0.00000000e+00   0.00000000e+00   1.14161613e-12  -2.72356766e-25  -3.03558144e-24  -2.41135736e-53
  1.04000000e-05   0.00000000e+00   0.00000000e+00   1.81546964e-12  -4.33118828e-25  -4.82737219e-24  -6.09732899e-53
  1.04800000e-05   0.00000000e+00   0.00000000e+00   1.25726767e-12  -2.99947896e-25  -3.34310133e-24  -2.92466596e-53
  1.05600000e-05   0.00000000e+00   0.00000000e+00   1.32573455e-12  -3.16282125e-25  -3.52515623e-24  -3.25156371e-53
  1.06400000e-05   0.00000000e+00   0.00000000e+00   1.33156125e-12  -3.17672206e-25  -3.54064952e-24  -3.28020821e-53
  1.07200000e-05   0.00000000e+00   0.00000000e+00   1.71206760e-12  -4.08450075e-25  -4.55242397e-24  -5.42272835e-53
  1.08000000e-05   0.00000000e+00   0.00000000e+00   1.76821144e-12  -4.21844381e-25  -4.70171164e-24  -5.78421650e-53
  1.08800000e-05   0.00000000e+00   0.00000000e+00   1.66881482e-12  -3.98131206e-25  -4.43741392e-24  -5.15228860e-53
  1.09600000e-05   0.00000000e+00   0.00000000e+00   1.60284912e-12  -3.82393689e-25  -4.26200973e-24  -4.75301680e-53
  1.10400000e-05   0.00000000e+00   0.00000000e+00   1.35589542e-12  -3.23477640e-25  -3.60535461e-24  -3.40129221e-53
  1.11200000e-05   0.00000000e+00   0.00000000e+00   1.20647817e-12  -2.87830983e-25  -3.20805098e-24  -2.69297286e-53
  1.12000000e-05   0.00000000e+00   0.00000000e+00   8.57578081e-13  -2.04593459e-25  -2.28031826e-24  -1.36069052e-53
  1.12800000e-05   0.00000000e+00   0.00000000e+00   1.71358826e-12  -4.08812860e-25  -4.55646743e-24  -5.43232925e-53
  1.13600000e-05   0.00000000e+00   0.00000000e+00   2.15008268e-12  -5.12947873e-25  -5.71711535e-24  -8.55216125e-53
  1.14400000e-05   0.00000000e+00   0.00000000e+00   1.63638170e-12  -3.90393597e-25  -4.35117356e-24  -4.95405635e-53
  1.15200000e-05   0.00000000e+00   0.00000000e+00   2.06903870e-12  -4.93613110e-25  -5.50161767e-24  -7.91963417e-53
  1.16000000e-05   0.00000000e+00   0.00000000e+00   1.51145908e-12  -3.60590653e-25  -4.01900167e-24  -4.22647164e-53
  1.16800000e-05   0.00000000e+00   0.00000000e+00   1.48379011e-12  -3.53989635e-25  -3.94542931e-24  -4.07314287e-53
  1.17600000e-05   0.00000000e+00   0.00000000e+00   1.73638028e-12  -4.14250380e-25  -4.61707189e-24  -5.57748883e-53
  1.18400000e-05   0.00000000e+00   0.00000000e+00   1.55329334e-12  -3.70571104e-25  -4.13023985e-24  -4.46377046e-53
  1.19200000e-05   0.00000000e+00   0.00000000e+00   1.93881912e-12  -4.62546465e-25  -5.15536106e-24  -6.95406341e-53
  1.20000000e-05   0.00000000e+00   0.00000000e+00   2.21622282e-12  -5.28727006e-25  -5.89298336e-24  -9.08642082e-53
  1.20800000e-05   0.00000000e+00   0.00000000e+00   1.60545983e-12  -3.83016529e-25  -4.26895165e-24  -4.76847717e-53
  1.21600000e-05   0.00000000e+00   0.00000000e+00   1.58731979e-12  -3.78688837e-25  -4.22071691e-24  -4.66132835e-53
  1.22400000e-05   0.00000000e+00   0.00000000e+00   1.74566662e-12  -4.16465836e-25  -4.64176448e-24  -5.63764779e-53
  1.23200000e-05   0.00000000e+00   0.00000000e+00   1.81431318e-12  -4.32842931e-25  -4.82429714e-24  -6.08975750e-53
  1.24000000e-05   0.00000000e+00   0.00000000e+00   1.91136008e-12  -4.55995527e-25  -5.08234688e-24  -6.75880700e-53
  1.24800000e-05   0.00000000e+00   0.00000000e+00   1.81574905e-12  -4.33185487e-25  -4.82811514e-24  -6.09953829e-53
  1.25600000e-05   0.00000000e+00   0.00000000e+00   1.80242280e-12  -4.30006226e-25  -4.79268035e-24  -6.00994105e-53
  1.26400000e-05   0.00000000e+00   0.00000000e+00   2.17966358e-12  -5.20005025e-25  -5.79577158e-24  -8.78900553e-53
  1.27200000e-05   0.00000000e+00   0.00000000e+00   1.84358639e-12  -4.39826675e-25  -4.90213521e-24  -6.28768273e-53
  1.28000000e-05   0.00000000e+00   0.00000000e+00   2.11456331e-12  -5.04473974e-25  -5.62266859e-24  -8.27193411e-53
  1.28800000e-05   0.00000000e+00   0.00000000e+00   1.86410263e-12  -4.44721260e-25  -4.95668833e-24  -6.42895114e-53
  1.29600000e-05   0.00000000e+00   0.00000000e+00   1.95899560e-12  -4.67359994e-25  -5.20901076e-24  -7.09984368e-53
  1.30400000e-05   0.00000000e+00   0.00000000e+00   2.06017950e-12  -4.91499560e-25  -5.47806087e-24  -7.85194374e-53
  1.31200000e-05   0.00000000e+00   0.00000000e+00   2.29803494e-12  -5.48245027e-25  -6.11052354e-24  -9.76970865e-53
  1.32000000e-05   0.00000000e+00   0.00000000e+00   2.19370374e-12  -5.23354604e-25  -5.83310466e-24  -8.90273972e-53
  1.32800000e-05   0.00000000e+00   0.00000000e+00   2.43350789e-12  -5.80564976e-25  -6.47074898e-24  -1.09555557e-52
  1.33600000e-05   0.00000000e+00   0.00000000e+00   2.51808176e-12  -6.00741866e-25  -6.69563267e-24  -1.17303714e-52
  1.34400000e-05   0.00000000e+00   0.00000000e+00   8.70286024e-13  -2.07625209e-25  -2.31410895e-24  -1.40150507e-53
  1.35200000e-05   0.00000000e+00   0.00000000e+00   2.08204447e-12  -4.96715915e-25  -5.53620031e-24  -8.01951304e-53
  1.36000000e-05   0.00000000e+00   0.00000000e+00   2.09586864e-12  -5.00013964e-25  -5.57295906e-24  -8.12644440e-53
  1.36800000e-05   0.00000000e+00   0.00000000e+00   2.21882859e-12  -5.29348670e-25  -5.89991216e-24  -9.10803890e-53
  1.37600000e-05   0.00000000e+00   0.00000000e+00   2.55736071e-12  -6.10112695e-25  -6.80007624e-24  -1.20990700e-52
  1.38400000e-05   0.00000000e+00   0.00000000e+00   2.03581142e-12  -4.85686039e-25  -5.41326565e-24  -7.66759939e-53
  1.39200000e-05   0.00000000e+00   0.00000000e+00   2.24889966e-12  -5.36522763e-25  -5.97987179e-24  -9.35670770e-53
  1.40000000e-05   0.00000000e+00   0.00000000e+00   2.02099264e-12  -4.82150704e-25  -5.37386219e-24  -7.55631815e-53
  1.40800000e-05   0.00000000e+00   0.00000000e+00   1.79108528e-12  -4.27301421e-25  -4.76253364e-24  -5.93495148e-53
  1.41600000e-05   0.00000000e+00   0.00000000e+00   2.64912017e-12  -6.32003863e-25  -7.04406658e-24  -1.29825288e-52
  1.42400000e-05   0.00000000e+00   0.00000000e+00   1.98312257e-12  -4.73115995e-25  -5.27316488e-24  -7.27602207e-53
  1.43200000e-05   0.00000000e+00   0.00000000e+00   2.65144885e-12  -6.32559419e-25  -7.05025860e-24  -1.30054744e-52
  1.44000000e-05   0.00000000e+00   0.00000000e+00   2.49007882e-12  -5.94061172e-25  -6.62117227e-24  -1.14714934e-52
  1.44800000e-05   0.00000000e+00   0.00000000e+00   2.20708073e-12  -5.26545969e-25  -5.86867436e-24  -9.01220739e-53
  1.45600000e-05   0.00000000e+00   0.00000000e+00   2.00723867e-12  -4.78869402e-25  -5.33729009e-24  -7.45391974e-53
  1.46400000e-05   0.00000000e+00   0.00000000e+00   2.56317085e-12  -6.11498827e-25  -6.81552551e-24  -1.21537153e-52
  1.47200000e-05   0.00000000e+00   0.00000000e+00   3.26386946e-12  -7.78665360e-25  -8.67869796e-24  -1.97071831e-52
  1.48000000e-05   0.00000000e+00   0.00000000e+00   2.91985823e-12  -6.96594177e-25  -7.76396482e-24  -1.57723427e-52
  1.48800000e-05   0.00000000e+00   0.00000000e+00   3.10596347e-12  -7.40993532e-25  -8.25882258e-24  -1.78470226e-52
  1.49600000e-05   0.00000000e+00   0.00000000e+00   2.34290533e-12  -5.58949811e-25  -6.22983483e-24  -1.01549523e-52
  1.50400000e-05   0.00000000e+00   0.00000000e+00   2.22722243e-12  -5.31351199e-25  -5.92223156e-24  -9.17718063e-53
  1.51200000e-05   0.00000000e+00   0.00000000e+00   2.19346089e-12  -5.23296668e-25  -5.83245892e-24  -8.90099447e-53
  1.52000000e-05   0.00000000e+00   0.00000000e+00   2.34259072e-12  -5.58874754e-25  -6.22899828e-24  -1.01525775e-52
  1.52800000e-05   0.00000000e+00   0.00000000e+00   2.31222629e-12  -5.51630676e-25  -6.14825863e-24  -9.89094634e-53
  1.53600000e-05   0.00000000e+00   0.00000000e+00   2.17614673e-12  -5.19166007e-25  -5.78642019e-24  -8.76081865e-53
  1.54400000e-05   0.00000000e+00   0.00000000e+00   2.76086431e-12  -6.58662800e-25  -7.34119660e-24  -1.41009455e-52
  1.55200000e-05   0.00000000e+00   0.00000000e+00   2.63639270e-12  -6.28967456e-25  -7.01022397e-24  -1.28591917e-52
  1.56000000e-05   0.00000000e+00   0.00000000e+00   1.97044064e-12  -4.70090451e-25  -5.23944334e-24  -7.18360324e-53
  1.56800000e-05   0.00000000e+00   0.00000000e+00   2.10038149e-12  -5.01090600e-25  -5.58495881e-24  -8.16147512e-53
  1.57600000e-05   0.00000000e+00   0.00000000e+00   2.33003987e-12  -5.55880484e-25  -6.19562532e-24  -1.00437623e-52
  1.58400000e-05   0.00000000e+00   0.00000000e+00   2.46049622e-12  -5.87003616e-25  -6.54251151e-24  -1.12001869e-52
  1.59200000e-05   0.00000000e+00   0.00000000e+00   2.45435540e-12  -5.85538593e-25  -6.52618293e-24  -1.11443506e-52
  1.60000000e-05   0.00000000e+00   0.00000000e+00   2.17110495e-12  -5.17963184e-25  -5.77301400e-24  -8.72121926e-53
  1.60800000e-05   0.00000000e+00   0.00000000e+00   1.45169820e-12  -3.46333428e-25  -3.86009622e-24  -3.89929481e-53
  1.61600000e-05   0.00000000e+00   0.00000000e+00   2.05247799e-12  -4.89662203e-25  -5.45758239e-24  -7.79385008e-53
  1.62400000e-05   0.00000000e+00   0.00000000e+00   1.76063607e-12  -4.20037118e-25  -4.68156857e-24  -5.73504437e-53
  1.63200000e-05   0.00000000e+00   0.00000000e+00   2.53208552e-12  -6.04082764e-25  -6.73286897e-24  -1.18615667e-52
  1.64000000e-05   0.00000000e+00   0.00000000e+00   2.39861768e-12  -5.72241175e-25  -6.37797515e-24  -1.06440693e-52
  1.64800000e-05   0.00000000e+00   0.00000000e+00   2.78594970e-12  -6.64647454e-25  -7.40789920e-24  -1.43591723e-52
  1.65600000e-05   0.00000000e+00   0.00000000e+00   2.70201368e-12  -6.44622735e-25  -7.18471155e-24  -1.35069737e-52
  1.66400000e-05   0.00000000e+00   0.00000000e+00   2.44914018e-12  -5.84294391e-25  -6.51231555e-24  -1.10973827e-52
  1.67200000e-05   0.00000000e+00   0.00000000e+00   2.14047768e-12  -5.10656398e-25  -5.69157543e-24  -8.47650174e-53
  1.68000000e-05   0.00000000e+00   0.00000000e+00   2.55266301e-12  -6.08991960e-25  -6.78758494e-24  -1.20553584e-52
  1.68800000e-05   0.00000000e+00   0.00000000e+00   2.23381295e-12  -5.32923510e-25  -5.93975590e-24  -9.23184917e-53
  1.69600000e-05   0.00000000e+00   0.00000000e+00   2.71356025e-12  -6.47377414e-25  -7.21541411e-24  -1.36220376e-52
  1.70400000e-05   0.00000000e+00   0.00000000e+00   3.12486701e-12  -7.45503376e-25  -8.30908750e-24  -1.80646013e-52
  1.71200000e-05   0.00000000e+00   0.00000000e+00   2.79613427e-12  -6.67077199e-25  -7.43498017e-24  -1.44644965e-52
  1.72000000e-05   0.00000000e+00   0.00000000e+00   2.59820994e-12  -6.19858149e-25  -6.90869521e-24  -1.24892496e-52
  1.72800000e-05   0.00000000e+00   0.00000000e+00   2.57687392e-12  -6.14767989e-25  -6.85196228e-24  -1.22850219e-52
  1.73600000e-05   0.00000000e+00   0.00000000e+00   2.17486781e-12  -5.18860894e-25  -5.78301951e-24  -8.75117873e-53
  1.74400000e-05   0.00000000e+00   0.00000000e+00   2.21046245e-12  -5.27352753e-25  -5.87766643e-24  -9.03950068e-53
  1.75200000e-05   0.00000000e+00   0.00000000e+00   3.18682371e-12  -7.60284462e-25  -8.47383168e-24  -1.87879139e-52
  1.76000000e-05   0.00000000e+00   0.00000000e+00   2.63223127e-12  -6.27974660e-25  -6.99915864e-24  -1.28185253e-52
  1.76800000e-05   0.00000000e+00   0.00000000e+00   2.84490571e-12  -6.78712664e-25  -7.56466448e-24  -1.49731256e-52
  1.77600000e-05   0.00000000e+00   0.00000000e+00   2.72986855e-12  -6.51268106e-25  -7.25877823e-24  -1.37867524e-52
  1.78400000e-05   0.00000000e+00   0.00000000e+00   2.52978030e-12  -6.03532805e-25  -6.72673934e-24  -1.18397441e-52
  1.79200000e-05   0.00000000e+00   0.00000000e+00   3.07290124e-12  -7.33105837e-25  -8.17090940e-24  -1.74687526e-52
  1.80000000e-05   0.00000000e+00   0.00000000e+00   2.58224424e-12  -6.16049192e-25  -6.86624206e-24  -1.23366264e-52
  1.80800000e-05   0.00000000e+00   0.00000000e+00   2.63460149e-12  -6.28540126e-25  -7.00546110e-24  -1.28413261e-52
  1.81600000e-05   0.00000000e+00   0.00000000e+00   2.65252349e-12  -6.32815801e-25  -7.05311609e-24  -1.30166425e-52
  1.82400000e-05   0.00000000e+00   0.00000000e+00   2.23054827e-12  -5.32144653e-25  -5.93107506e-24  -9.20498089e-53
  1.83200000e-05   0.00000000e+00   0.00000000e+00   2.15411722e-12  -5.13910401e-25  -5.72784325e-24  -8.58463810e-53
  1.84000000e-05   0.00000000e+00   0.00000000e+00   3.00967841e-12  -7.18022690e-25  -8.00279857e-24  -1.67575095e-52
  1.84800000e-05   0.00000000e+00   0.00000000e+00   1.82807596e-12  -4.36126336e-25  -4.86089265e-24  -6.18288911e-53
  1.85600000e-05   0.00000000e+00   0.00000000e+00   3.88601781e-12  -9.27092061e-25  -1.03330036e-23  -2.79363328e-52
  1.86400000e-05   0.00000000e+00   0.00000000e+00   4.59364263e-12  -1.09591099e-24  -1.22145929e-23  -3.90370760e-52
  1.87200000e-05   0.00000000e+00   0.00000000e+00   2.30805951e-12  -5.50636604e-25  -6.13717907e-24  -9.85561848e-53
  1.88000000e-05   0.00000000e+00   0.00000000e+00   2.60745252e-12  -6.22063164e-25  -6.93327142e-24  -1.25778910e-52
  1.88800000e-05   0.00000000e+00   0.00000000e+00   3.15024324e-12  -7.51557415e-25  -8.37656342e-24  -1.83589960e-52
  1.89600000e-05   0.00000000e+00   0.00000000e+00   3.25606700e-12  -7.76803921e-25  -8.65795105e-24  -1.96136462e-52
  1.90400000e-05   0.00000000e+00   0.00000000e+00   3.02143728e-12  -7.20828019e-25  -8.03406565e-24  -1.68890300e-52
  1.91200000e-05   0.00000000e+00   0.00000000e+00   3.08203713e-12  -7.35285399e-25  -8.19520193e-24  -1.75732117e-52
  1.92000000e-05   0.00000000e+00   0.00000000e+00   2.48801691e-12  -5.93569263e-25  -6.61568960e-24  -1.14526648e-52
  1.92800000e-05   0.00000000e+00   0.00000000e+00   2.91132597e-12  -6.94558627e-25  -7.74127734e-24  -1.56798596e-52
  1.93600000e-05   0.00000000e+00   0.00000000e+00   3.13640720e-12  -7.48256533e-25  -8.33977309e-24  -1.81988088e-52
  1.94400000e-05   0.00000000e+00   0.00000000e+00   3.03721077e-12  -7.24591120e-25  -8.07600770e-24  -1.70664894e-52
  1.95200000e-05   0.00000000e+00   0.00000000e+00   2.70365395e-12  -6.45014057e-25  -7.18907304e-24  -1.35237662e-52
  1.96000000e-05   0.00000000e+00   0.00000000e+00   2.43226782e-12  -5.80269135e-25  -6.46745160e-24  -1.09446770e-52
  1.96800000e-05   0.00000000e+00   0.00000000e+00   2.75448965e-12  -6.57141995e-25  -7.32424626e-24  -1.40361745e-52
  1.97600000e-05   0.00000000e+00   0.00000000e+00   2.86466904e-12  -6.83427627e-25  -7.61721559e-24  -1.51817684e-52
  1.98400000e-05   0.00000000e+00   0.00000000e+00   3.02667639e-12  -7.22077920e-25  -8.04799656e-24  -1.69475046e-52
  1.99200000e-05   0.00000000e+00   0.00000000e+00   2.67990747e-12  -6.39348832e-25  -7.12593066e-24  -1.32869110e-52
  2.00000000e-05   0.00000000e+00   0.00000000e+00   2.56058405e-12  -6.10881696e-25  -6.80864716e-24  -1.21300537e-52
  2.00800000e-05   0.00000000e+00   0.00000000e+00   3.08629258e-12  -7.36300628e-25  -8.20651726e-24  -1.76216342e-52
  2.01600000e-05   0.00000000e+00   0.00000000e+00   3.30238082e-12  -7.87853068e-25  -8.78110048e-24  -2.01756157e-52
  2.02400000e-05   0.00000000e+00   0.00000000e+00   2.83377013e-12  -6.76056037e-25  -7.53505474e-24  -1.48563872e-52
  2.03200000e-05   0.00000000e+00   0.00000000e+00   2.71945498e-12  -6.48783731e-25  -7.23108833e-24  -1.36819471e-52
  2.04000000e-05  -3.30763894e-14  -5.03065184e-14   2.86490588e-12  -5.60472878e-25  -7.69872488e-24  -1.41657172e-25
  2.04800000e-05  -5.81545516e-14  -8.84483800e-14   3.49500209e-12  -6.17529900e-25  -9.43548604e-24  -2.49060117e-25
  2.05600000e-05   3.05275078e-15  -1.70510029e-14   2.87779585e-12  -6.44865601e-25  -7.64465537e-24  -4.46106791e-26
  2.06400000e-05   6.29550967e-13   4.22262501e-13   3.06784136e-12  -1.76442969e-24  -6.61805511e-24   1.27299768e-24
  2.07200000e-05   2.62875469e-14   4.12004916e-14   2.76971057e-12  -7.61518146e-25  -7.30043977e-24   1.15824431e-25
  2.08000000e-05   1.01567212e-13   1.59186366e-13   3.34081881e-12  -1.18627132e-24  -8.63495221e-24   4.47510931e-25
  2.08800000e-05   3.04354676e-13   3.60749214e-13   2.55611129e-12  -1.49193118e-24  -6.05253533e-24   1.03185006e-24
  2.09600000e-05   6.25318939e-13   8.45005734e-13   2.77035087e-12  -2.72716350e-24  -5.83736990e-24   2.39607123e-24
  2.10400000e-05   5.61438107e-14   5.27208332e-14   3.19606699e-12  -8.91404466e-25  -8.36112495e-24   1.53580109e-25
  2.11200000e-05  -1.18892267e-13  -1.11643639e-13   3.09138066e-12  -4.64519580e-25  -8.51076610e-24  -3.25227074e-25
  2.12000000e-05  -1.81123610e-14  -3.22298317e-14   2.01183926e-12  -4.01157467e-25  -5.39381213e-24  -9.00208928e-26
  2.12800000e-05   0.00000000e+00   0.00000000e+00   2.58233339e-12  -6.16070463e-25  -6.86647911e-24  -1.23367986e-52
  2.13600000e-05   0.00000000e+00   0.00000000e+00   1.99952873e-12  -4.77030036e-25  -5.31678919e-24  -7.39680559e-53
  2.14400000e-05   0.00000000e+00   0.00000000e+00   3.13630122e-12  -7.48231254e-25  -8.33949131e-24  -1.81964360e-52
  2.15200000e-05   0.00000000e+00   0.00000000e+00   2.73562601e-12  -6.52641673e-25  -7.27408743e-24  -1.38453518e-52
  2.16000000e-05   0.00000000e+00   0.00000000e+00   2.97008095e-12  -7.08575879e-25  -7.89750809e-24  -1.63196468e-52
  2.16800000e-05   0.00000000e+00   0.00000000e+00   2.88914184e-12  -6.89266135e-25  -7.68228928e-24  -1.54424928e-52
  2.17600000e-05   0.00000000e+00   0.00000000e+00   2.52570836e-12  -6.02561360e-25  -6.71591196e-24  -1.18017432e-52
  2.18400000e-05   0.00000000e+00   0.00000000e+00   3.10867382e-12  -7.41640150e-25  -8.26602946e-24  -1.78783011e-52
  2.19200000e-05   0.00000000e+00   0.00000000e+00   1.89891306e-12  -4.53026033e-25  -5.04925001e-24  -6.67138704e-53
  2.20000000e-05   0.00000000e+00   0.00000000e+00   3.14791385e-12  -7.51001694e-25  -8.37036954e-24  -1.83320509e-52
  2.20800000e-05   0.00000000e+00   0.00000000e+00   3.07296748e-12  -7.33121644e-25  -8.17108553e-24  -1.74699395e-52
  2.21600000e-05   0.00000000e+00   0.00000000e+00   2.66804599e-12  -6.36519026e-25  -7.09439075e-24  -1.31696668e-52
  2.22400000e-05   0.00000000e+00   0.00000000e+00   3.62446047e-12  -8.64692009e-25  -9.63751707e-24  -2.43028448e-52
  2.23200000e-05   0.00000000e+00   0.00000000e+00   2.66491556e-12  -6.35772196e-25  -7.08606687e-24  -1.31389170e-52
  2.24000000e-05   0.00000000e+00   0.00000000e+00   2.49894385e-12  -5.96176120e-25  -6.64474457e-24  -1.15531287e-52
  2.24800000e-05   0.00000000e+00   0.00000000e+00   2.97535126e-12  -7.09833223e-25  -7.91152195e-24  -1.63772148e-52
  2.25600000e-05   0.00000000e+00   0.00000000e+00   3.13082227e-12  -7.46924135e-25  -8.32492266e-24  -1.81347152e-52
  2.26400000e-05   0.00000000e+00   0.00000000e+00   2.08196762e-12  -4.96697585e-25  -5.53599594e-24  -8.01981172e-53
  2.27200000e-05   0.00000000e+00   0.00000000e+00   2.33674871e-12  -5.57481024e-25  -6.21346425e-24  -1.01012767e-52
  2.28000000e-05   0.00000000e+00   0.00000000e+00   2.42949633e-12  -5.79607939e-25  -6.46008214e-24  -1.09194426e-52
  2.28800000e-05   0.00000000e+00   0.00000000e+00   3.11330065e-12  -7.42743979e-25  -8.27833229e-24  -1.79313460e-52
  2.29600000e-05   0.00000000e+00   0.00000000e+00   2.36917103e-12  -5.65216059e-25  -6.29967590e-24  -1.03847176e-52
  2.30400000e-05   0.00000000e+00   0.00000000e+00   2.76545978e-12  -6.59759154e-25  -7.35341606e-24  -1.41480599e-52
  2.31200000e-05   0.00000000e+00   0.00000000e+00   2.76652917e-12  -6.60014280e-25  -7.35625959e-24  -1.41597651e-52
  2.32000000e-05   0.00000000e+00   0.00000000e+00   2.54863265e-12  -6.08030439e-25  -6.77686814e-24  -1.20175000e-52
  2.32800000e-05   0.00000000e+00   0.00000000e+00   2.54917941e-12  -6.08160880e-25  -6.77832199e-24  -1.20221448e-52
  2.33600000e-05   0.00000000e+00   0.00000000e+00   2.25949903e-12  -5.39051474e-25  -6.00805572e-24  -9.44506871e-53
  2.34400000e-05   0.00000000e+00   0.00000000e+00   2.08001866e-12  -4.96232621e-25  -5.53081364e-24  -8.00425204e-53
  2.35200000e-05   0.00000000e+00   0.00000000e+00   2.23467660e-12  -5.33129555e-25  -5.94205235e-24  -9.23867296e-53
  2.36000000e-05   0.00000000e+00   0.00000000e+00   2.69494459e-12  -6.42936260e-25  -7.16591469e-24  -1.34362713e-52
  2.36800000e-05   0.00000000e+00   0.00000000e+00   2.26716433e-12  -5.40880195e-25  -6.02843793e-24  -9.50962794e-53
  2.37600000e-05   0.00000000e+00   0.00000000e+00   2.50900126e-12  -5.98575529e-25  -6.67148743e-24  -1.16458785e-52
  2.38400000e-05   0.00000000e+00   0.00000000e+00   2.40584237e-12  -5.73964785e-25  -6.39718576e-24  -1.07079408e-52
  2.39200000e-05   0.00000000e+00   0.00000000e+00   2.58240416e-12  -6.16087351e-25  -6.86666731e-24  -1.23373134e-52
  2.40000000e-05   0.00000000e+00   0.00000000e+00   2.71162521e-12  -6.46915775e-25  -7.21026880e-24  -1.36017132e-52
  2.40800000e-05   0.00000000e+00   0.00000000e+00   3.84309589e-12  -9.16852134e-25  -1.02188733e-23  -2.73218479e-52
  2.41600000e-05   0.00000000e+00   0.00000000e+00   2.51807412e-12  -6.00740054e-25  -6.69561237e-24  -1.17310718e-52
  2.42400000e-05   0.00000000e+00   0.00000000e+00   2.02922585e-12  -4.84114918e-25  -5.39575447e-24  -7.61844824e-53
  2.43200000e-05   0.00000000e+00   0.00000000e+00   1.94506196e-12  -4.64035835e-25  -5.17196092e-24  -6.99967038e-53
  2.44000000e-05   0.00000000e+00   0.00000000e+00   1.38767384e-12  -3.31059062e-25  -3.68985410e-24  -3.56285384e-53
  2.44800000e-05   0.00000000e+00   0.00000000e+00   2.09084978e-12  -4.98816614e-25  -5.55961380e-24  -8.08776695e-53
  2.45600000e-05   0.00000000e+00   0.00000000e+00   2.02590310e-12  -4.83322205e-25  -5.38691921e-24  -7.59312261e-53
  2.46400000e-05   0.00000000e+00   0.00000000e+00   2.03122717e-12  -4.84592375e-25  -5.40107603e-24  -7.63268195e-53
  2.47200000e-05   0.00000000e+00   0.00000000e+00   2.39459367e-12  -5.71281169e-25  -6.36727522e-24  -1.06078355e-52
  2.48000000e-05   0.00000000e+00   0.00000000e+00   1.91085966e-12  -4.55876149e-25  -5.08101626e-24  -6.75474044e-53
  2.48800000e-05   0.00000000e+00   0.00000000e+00   2.41263991e-12  -5.75586483e-25  -6.41526055e-24  -1.07681730e-52
  2.49600000e-05   0.00000000e+00   0.00000000e+00   2.28334127e-12  -5.44739548e-25  -6.07145275e-24  -9.64576099e-53
  2.50400000e-05   0.00000000e+00   0.00000000e+00   1.96263761e-12  -4.68228880e-25  -5.21869494e-24  -7.12652102e-53
  2.51200000e-05   0.00000000e+00   0.00000000e+00   1.78085114e-12  -4.24859856e-25  -4.73532086e-24  -5.86761546e-53
  2.52000000e-05   0.00000000e+00   0.00000000e+00   2.22438829e-12  -5.30675061e-25  -5.91469551e-24  -9.15361745e-53
  2.52800000e-05   0.00000000e+00   0.00000000e+00   2.01869757e-12  -4.81603173e-25  -5.36775954e-24  -7.53886765e-53
  2.53600000e-05   0.00000000e+00   0.00000000e+00   1.48837493e-12  -3.55083446e-25  -3.95762043e-24  -4.09817032e-53
  2.54400000e-05   0.00000000e+00   0.00000000e+00   1.71659065e-12  -4.09529152e-25  -4.56445086e-24  -5.45177467e-53
  2.55200000e-05   0.00000000e+00   0.00000000e+00   9.41645409e-13  -2.24649509e-25  -2.50385507e-24  -1.64062615e-53
  2.56000000e-05   0.00000000e+00   0.00000000e+00   2.73526987e-12  -6.52556711e-25  -7.27314045e-24  -1.38405167e-52
  2.56800000e-05   0.00000000e+00   0.00000000e+00   2.54682154e-13  -6.07598362e-26  -6.77205237e-25  -1.20073712e-54
  2.57600000e-05   0.00000000e+00   0.00000000e+00   2.06443520e-12  -4.92514857e-25  -5.48937688e-24  -7.88418076e-53
  2.58400000e-05   0.00000000e+00   0.00000000e+00   2.66842279e-13  -6.36608921e-26  -7.09539265e-25  -1.31860414e-54
  2.59200000e-05   0.00000000e+00   0.00000000e+00   2.33100840e-12  -5.56111553e-25  -6.19820065e-24  -1.00516064e-52
  2.60000000e-05   0.00000000e+00   0.00000000e+00   2.63624229e-12  -6.28931579e-25  -7.00982401e-24  -1.28568877e-52
  2.60800000e-05   0.00000000e+00   0.00000000e+00   1.27689948e-12  -3.04631487e-25  -3.39530274e-24  -3.01660578e-53
  2.61600000e-05   0.00000000e+00   0.00000000e+00   7.50364022e-13  -1.79015272e-25  -1.99523381e-24  -1.04184279e-53
  2.62400000e-05   0.00000000e+00   0.00000000e+00   1.52082976e-12  -3.62826234e-25  -4.04391850e-24  -4.27874174e-53
  2.63200000e-05   0.00000000e+00   0.00000000e+00   1.28752149e-12  -3.07165593e-25  -3.42354689e-24  -3.06677134e-53
  2.64000000e-05   0.00000000e+00   0.00000000e+00   1.37256685e-12  -3.27454970e-25  -3.64968430e-24  -3.48529769e-53
  2.64800000e-05   0.00000000e+00   0.00000000e+00   2.11505255e-12  -5.04590700e-25  -5.62396948e-24  -8.27551685e-53
  2.65600000e-05   0.00000000e+00   0.00000000e+00   1.05437656e-12  -2.51543918e-25  -2.80360957e-24  -2.05709408e-53
  2.66400000e-05   0.00000000e+00   0.00000000e+00   1.23214262e-12  -2.93953787e-25  -3.27629329e-24  -2.80882774e-53
  2.67200000e-05   0.00000000e+00   0.00000000e+00   1.03965673e-12  -2.48032190e-25  -2.76446924e-24  -1.99979960e-53
  2.68000000e-05   0.00000000e+00   0.00000000e+00   4.35866960e-13  -1.03985319e-25  -1.15897947e-24  -3.51577782e-54
  2.68800000e-05   0.00000000e+00   0.00000000e+00   8.99237815e-13  -2.14532277e-25  -2.39109238e-24  -1.49580066e-53
  2.69600000e-05   0.00000000e+00   0.00000000e+00   9.76860613e-13  -2.33050843e-25  -2.59749304e-24  -1.76533592e-53
  2.70400000e-05   0.00000000e+00   0.00000000e+00   5.59564781e-13  -1.33496061e-25  -1.48789459e-24  -5.79234111e-54
  2.71200000e-05   0.00000000e+00   0.00000000e+00   1.01020588e-12  -2.41006066e-25  -2.68615882e-24  -1.88806588e-53
  2.72000000e-05   0.00000000e+00   0.00000000e+00   1.33685161e-12  -3.18934341e-25  -3.55471672e-24  -3.30624812e-53
  2.72800000e-05   0.00000000e+00   0.00000000e+00   5.96485072e-13  -1.42304181e-25  -1.58606643e-24  -6.58271543e-54
  2.73600000e-05   0.00000000e+00   0.00000000e+00   4.09906594e-13  -9.77919227e-26  -1.08995031e-24  -3.10833429e-54
  2.74400000e-05   0.00000000e+00   0.00000000e+00   1.08787530e-12  -2.59535755e-25  -2.89268344e-24  -2.18940411e-53
  2.75200000e-05   0.00000000e+00   0.00000000e+00   3.64389521e-13  -8.69328583e-26  -9.68919446e-25  -2.45691958e-54
  2.76000000e-05   0.00000000e+00   0.00000000e+00   7.76590542e-13  -1.85272165e-25  -2.06497068e-24  -1.11565001e-53
  2.76800000e-05   0.00000000e+00   0.00000000e+00   3.51378668e-13  -8.38288431e-26  -9.34323313e-25  -2.28407000e-54
  2.77600000e-05   0.00000000e+00   0.00000000e+00   5.69262501e-13  -1.35809658e-25  -1.51368103e-24  -5.99606468e-54
  2.78400000e-05   0.00000000e+00   0.00000000e+00   2.46469000e-13  -5.88004139e-26  -6.55366285e-25  -1.12420725e-54
  2.79200000e-05   0.00000000e+00   0.00000000e+00   2.24327986e-13  -5.35182049e-26  -5.96492862e-25  -9.30749512e-55
  2.80000000e-05   0.00000000e+00   0.00000000e+00   4.59217044e-13  -1.09555978e-25  -1.22106784e-24  -3.90085721e-54
  2.80800000e-05   0.00000000e+00   0.00000000e+00   1.15230536e-13  -2.74906913e-26  -3.06400433e-25  -2.45773154e-55
  2.81600000e-05   0.00000000e+00   0.00000000e+00  -1.17954526e-13   2.81405570e-26   3.13643580e-25  -2.57272961e-55
  2.82400000e-05   0.00000000e+00   0.00000000e+00  -3.48599839e-13   8.31658944e-26   9.26934347e-25  -2.24858632e-54
  2.83200000e-05   0.00000000e+00   0.00000000e+00  -1.05840428e-13   2.52504817e-26   2.81431937e-25  -2.07363236e-55
  2.84000000e-05   0.00000000e+00   0.00000000e+00   1.65474463e-13  -3.94774471e-26  -4.40000098e-25  -5.07254919e-55
  2.84800000e-05   0.00000000e+00   0.00000000e+00  -7.25972218e-13   1.73196089e-25   1.93037549e-24  -9.74734335e-54
  2.85600000e-05   0.00000000e+00   0.00000000e+00   1.09633556e-13  -2.61554128e-26  -2.91517944e-25  -2.22891380e-55
  2.86400000e-05   0.00000000e+00   0.00000000e+00  -9.27682970e-13   2.21318472e-25   2.46672864e-24  -1.59168582e-53
  2.87200000e-05   0.00000000e+00   0.00000000e+00   1.82933763e-13  -4.36427339e-26  -4.86424746e-25  -6.18289963e-55
  2.88000000e-05   0.00000000e+00   0.00000000e+00   1.15164526e-12  -2.74749434e-25  -3.06224912e-24  -2.45315909e-53
  2.88800000e-05   0.00000000e+00   0.00000000e+00  -1.32515962e-12   3.16144967e-25   3.52362745e-24  -3.24868947e-53
  2.89600000e-05   0.00000000e+00   0.00000000e+00  -1.42008965e-12   3.38792542e-25   3.77604841e-24  -3.73081623e-53
  2.90400000e-05   0.00000000e+00   0.00000000e+00  -3.76696250e-13   8.98688899e-26   1.00164330e-24  -2.62616242e-54
  2.91200000e-05   0.00000000e+00   0.00000000e+00   1.76373547e-13  -4.20776549e-26  -4.68980992e-25  -5.75050465e-55
  2.92000000e-05   0.00000000e+00   0.00000000e+00  -1.04186411e-12   2.48558809e-25   2.77033872e-24  -2.00783528e-53
  2.92800000e-05   0.00000000e+00   0.00000000e+00  -5.45624922e-13   1.30170412e-25   1.45082821e-24  -5.50732006e-54
  2.93600000e-05   0.00000000e+00   0.00000000e+00  -1.51395193e-12   3.61185382e-25   4.02563020e-24  -4.24008069e-53
  2.94400000e-05   0.00000000e+00   0.00000000e+00  -1.17669589e-12   2.80725794e-25   3.12885928e-24  -2.56150756e-53
  2.95200000e-05   0.00000000e+00   0.00000000e+00  -1.27096050e-12   3.03214616e-25   3.37951085e-24  -2.98840933e-53
  2.96000000e-05   0.00000000e+00   0.00000000e+00   1.02329750e-13  -2.44129350e-26  -2.72096971e-25  -1.93496706e-55
  2.96800000e-05   0.00000000e+00   0.00000000e+00  -1.98349270e-12   4.73204304e-25   5.27414905e-24  -7.27766853e-53
  2.97600000e-05   0.00000000e+00   0.00000000e+00  -8.49775563e-13   2.02732006e-25   2.25957120e-24  -1.33600801e-53
  2.98400000e-05   0.00000000e+00   0.00000000e+00  -1.76298049e-12   4.20596434e-25   4.68780242e-24  -5.74994354e-53
  2.99200000e-05   0.00000000e+00   0.00000000e+00  -9.89406131e-13   2.36043843e-25   2.63085184e-24  -1.81115979e-53
  3.00000000e-05   0.00000000e+00   0.00000000e+00  -1.74254225e-12   4.15720459e-25   4.63345672e-24  -5.61729973e-53
  3.00800000e-05   0.00000000e+00   0.00000000e+00  -7.27636900e-13   1.73593234e-25   1.93480191e-24  -9.79072879e-54
  3.01600000e-05   0.00000000e+00   0.00000000e+00  -2.02765974e-12   4.83741291e-25   5.39159016e-24  -7.60501610e-53
  3.02400000e-05   0.00000000e+00   0.00000000e+00  -1.31954060e-12   3.14804431e-25   3.50868636e-24  -3.22067696e-53
  3.03200000e-05   0.00000000e+00   0.00000000e+00  -2.26673617e-12   5.40778050e-25   6.02729945e-24  -9.50465099e-53
  3.04000000e-05   0.00000000e+00   0.00000000e+00  -2.07240642e-12   4.94416560e-25   5.51057252e-24  -7.94614051e-53
  3.04800000e-05   0.00000000e+00   0.00000000e+00  -2.78504214e-12   6.64430944e-25   7.40548597e-24  -1.43496342e-52
  3.05600000e-05   0.00000000e+00   0.00000000e+00  -1.53516557e-12   3.66246346e-25   4.08203773e-24  -4.36019330e-53
  3.06400000e-05   0.00000000e+00   0.00000000e+00  -1.68506111e-12   4.02007110e-25   4.48061313e-24  -5.25283750e-53
  3.07200000e-05   0.00000000e+00   0.00000000e+00  -1.67024341e-12   3.98472034e-25   4.44121256e-24  -5.16105485e-53
  3.08000000e-05   0.00000000e+00   0.00000000e+00  -7.81857760e-13   1.86528772e-25   2.07897633e-24  -1.13099027e-53
  3.08800000e-05   0.00000000e+00   0.00000000e+00  -2.50274801e-12   5.97083686e-25   6.65485992e-24  -1.15876640e-52
  3.09600000e-05   0.00000000e+00   0.00000000e+00  -3.32154623e-12   7.92425387e-25   8.83206169e-24  -2.04097698e-52
  3.10400000e-05   0.00000000e+00   0.00000000e+00  -1.87598432e-12   4.47555898e-25   4.98828201e-24  -6.51145817e-53
  3.11200000e-05   0.00000000e+00   0.00000000e+00  -2.74440435e-12   6.54735936e-25   7.29742923e-24  -1.39333948e-52
  3.12000000e-05   0.00000000e+00   0.00000000e+00  -2.41504869e-12   5.76161149e-25   6.42166556e-24  -1.07907216e-52
  3.12800000e-05   0.00000000e+00   0.00000000e+00  -1.93196398e-12   4.60911034e-25   5.13713310e-24  -6.90500131e-53
  3.13600000e-05   0.00000000e+00   0.00000000e+00  -2.45128098e-12   5.84805130e-25   6.51800797e-24  -1.11163545e-52
  3.14400000e-05   0.00000000e+00   0.00000000e+00  -1.83302015e-12   4.37305881e-25   4.87403935e-24  -6.21632882e-53
  3.15200000e-05   0.00000000e+00   0.00000000e+00  -2.45210419e-12   5.85001526e-25   6.52019692e-24  -1.11235974e-52
  3.16000000e-05   0.00000000e+00   0.00000000e+00  -2.83320707e-12   6.75921709e-25   7.53355753e-24  -1.48498438e-52
  3.16800000e-05   0.00000000e+00   0.00000000e+00  -2.80698527e-12   6.69665944e-25   7.46383323e-24  -1.45771280e-52
  3.17600000e-05   0.00000000e+00   0.00000000e+00  -2.49397869e-12   5.94991576e-25   6.63154210e-24  -1.15074394e-52
  3.18400000e-05   0.00000000e+00   0.00000000e+00  -2.76411839e-12   6.59439139e-25   7.34984928e-24  -1.41361868e-52
  3.19200000e-05   0.00000000e+00   0.00000000e+00  -1.76100640e-12   4.20125471e-25   4.68255327e-24  -5.73803648e-53
  3.20000000e-05   0.00000000e+00   0.00000000e+00  -3.00821961e-12   7.17674667e-25   7.99891958e-24  -1.67430881e-52
  3.20800000e-05   0.00000000e+00   0.00000000e+00  -1.98602677e-12   4.73808859e-25   5.28088719e-24  -7.29803041e-53
  3.21600000e-05   0.00000000e+00   0.00000000e+00  -2.28275043e-12   5.44598588e-25   6.06988168e-24  -9.64006412e-53
  3.22400000e-05   0.00000000e+00   0.00000000e+00  -2.63040660e-12   6.27539351e-25   6.99430680e-24  -1.28000308e-52
  3.23200000e-05   0.00000000e+00   0.00000000e+00  -4.18712140e-12   9.98926724e-25   1.11336444e-23  -3.24331965e-52
  3.24000000e-05   0.00000000e+00   0.00000000e+00  -4.99488319e-12   1.19163545e-24   1.32815001e-23  -4.61543572e-52
  3.24800000e-05   0.00000000e+00   0.00000000e+00  -3.89895961e-12   9.30179608e-25   1.03674161e-23  -2.81233088e-52
  3.25600000e-05   0.00000000e+00   0.00000000e+00  -4.28136787e-12   1.02141122e-24   1.13842478e-23  -3.39105620e-52
  3.26400000e-05   0.00000000e+00   0.00000000e+00  -3.62736504e-12   8.65384957e-25   9.64524038e-24  -2.43414968e-52
  3.27200000e-05   0.00000000e+00   0.00000000e+00  -4.12311548e-12   9.83656751e-25   1.09634513e-23  -3.14497745e-52
  3.28000000e-05   0.00000000e+00   0.00000000e+00  -4.24258876e-12   1.01215964e-24   1.12811333e-23  -3.32998400e-52
  3.28800000e-05   0.00000000e+00   0.00000000e+00  -4.21606537e-12   1.00583192e-24   1.12106070e-23  -3.28847805e-52
  3.29600000e-05   0.00000000e+00   0.00000000e+00  -3.78441735e-12   9.02853120e-25   1.00628458e-23  -2.64959035e-52
  3.30400000e-05   0.00000000e+00   0.00000000e+00  -3.74644279e-12   8.93793483e-25   9.96187065e-24  -2.59668282e-52
  3.31200000e-05   0.00000000e+00   0.00000000e+00  -3.96475275e-12   9.45875958e-25   1.05423614e-23  -2.90804990e-52
  3.32000000e-05   0.00000000e+00   0.00000000e+00  -4.02813278e-12   9.60996610e-25   1.07108903e-23  -3.00180214e-52
  3.32800000e-05   0.00000000e+00   0.00000000e+00  -3.48172059e-12   8.30638378e-25   9.25796870e-24  -2.24278145e-52
  3.33600000e-05   0.00000000e+00   0.00000000e+00  -3.88719851e-12   9.27373746e-25   1.03361431e-23  -2.79546195e-52
  3.34400000e-05   0.00000000e+00   0.00000000e+00  -3.68310082e-12   8.78681909e-25   9.79344300e-24  -2.50962246e-52
  3.35200000e-05   0.00000000e+00   0.00000000e+00  -5.21008042e-12   1.24297532e-24   1.38537141e-23  -5.02167581e-52
  3.36000000e-05   0.00000000e+00   0.00000000e+00  -3.70472133e-12   8.83839940e-25   9.85093239e-24  -2.53928921e-52
  3.36800000e-05   0.00000000e+00   0.00000000e+00  -5.31472364e-12   1.26794018e-24   1.41319626e-23  -5.22544462e-52
  3.37600000e-05   0.00000000e+00   0.00000000e+00  -3.96730890e-12   9.46485782e-25   1.05491583e-23  -2.91201770e-52
  3.38400000e-05   0.00000000e+00   0.00000000e+00  -4.87127716e-12   1.16214660e-24   1.29528290e-23  -4.39016856e-52
  3.39200000e-05   0.00000000e+00   0.00000000e+00  -5.81253176e-12   1.38670287e-24   1.54556449e-23  -6.25022465e-52
  3.40000000e-05   0.00000000e+00   0.00000000e+00  -4.83951005e-12   1.15456788e-24   1.28683596e-23  -4.33299604e-52
  3.40800000e-05   0.00000000e+00   0.00000000e+00  -4.57622093e-12   1.09175467e-24   1.21682683e-23  -3.87435852e-52
  3.41600000e-05   0.00000000e+00   0.00000000e+00  -5.04360444e-12   1.20325893e-24   1.34110509e-23  -4.70609004e-52
  3.42400000e-05   0.00000000e+00   0.00000000e+00  -5.10852906e-12   1.21874808e-24   1.35836869e-23  -4.82802989e-52
  3.43200000e-05   0.00000000e+00   0.00000000e+00  -4.60593481e-12   1.09884355e-24   1.22472781e-23  -3.92462425e-52
  3.44000000e-05   0.00000000e+00   0.00000000e+00  -4.05176908e-12   9.66635548e-25   1.07737397e-23  -3.03717666e-52
  3.44800000e-05   0.00000000e+00   0.00000000e+00  -4.62747925e-12   1.10398344e-24   1.23045652e-23  -3.96163506e-52
  3.45600000e-05   0.00000000e+00   0.00000000e+00  -6.22140495e-12   1.48424826e-24   1.65428474e-23  -7.16041407e-52
  3.46400000e-05   0.00000000e+00   0.00000000e+00  -4.15733232e-12   9.91819901e-25   1.10544346e-23  -3.19773711e-52
  3.47200000e-05   0.00000000e+00   0.00000000e+00  -5.02277696e-12   1.19829009e-24   1.33556702e-23  -4.66737577e-52
  3.48000000e-05   0.00000000e+00   0.00000000e+00  -4.81660008e-12   1.14910222e-24   1.28074415e-23  -4.29184475e-52
  3.48800000e-05   0.00000000e+00   0.00000000e+00  -5.58581576e-12   1.33261496e-24   1.48528023e-23  -5.77215085e-52
  3.49600000e-05   0.00000000e+00   0.00000000e+00  -5.15248206e-12   1.22923400e-24   1.37005588e-23  -4.91162393e-52
  3.50400000e-05   0.00000000e+00   0.00000000e+00  -4.49920704e-12   1.07338137e-24   1.19634867e-23  -3.74516159e-52
  3.51200000e-05   0.00000000e+00   0.00000000e+00  -4.96435348e-12   1.18435193e-24   1.32003209e-23  -4.55917390e-52
  3.52000000e-05   0.00000000e+00   0.00000000e+00  -6.23600940e-12   1.48773245e-24   1.65816809e-23  -7.19404288e-52
  3.52800000e-05   0.00000000e+00   0.00000000e+00  -5.76618152e-12   1.37564504e-24   1.53323987e-23  -6.15139494e-52
  3.53600000e-05   0.00000000e+00   0.00000000e+00  -5.65561532e-12   1.34926712e-24   1.50384008e-23  -5.91748248e-52
  3.54400000e-05   0.00000000e+00   0.00000000e+00  -5.40337525e-12   1.28908990e-24   1.43676891e-23  -5.40145963e-52
  3.55200000e-05   0.00000000e+00   0.00000000e+00  -5.39454893e-12   1.28698419e-24   1.43442197e-23  -5.38378760e-52
  3.56000000e-05   0.00000000e+00   0.00000000e+00  -5.63484767e-12   1.34431256e-24   1.49831792e-23  -5.87405110e-52
  3.56800000e-05   0.00000000e+00   0.00000000e+00  -4.88882288e-12   1.16633250e-24   1.29994835e-23  -4.42175295e-52
  3.57600000e-05   0.00000000e+00   0.00000000e+00  -6.00103431e-12   1.43167415e-24   1.59568772e-23  -6.66232920e-52
  3.58400000e-05   0.00000000e+00   0.00000000e+00  -6.31742038e-12   1.50715477e-24   1.67981545e-23  -7.38335433e-52
  3.59200000e-05   0.00000000e+00   0.00000000e+00  -5.85043347e-12   1.39574513e-24   1.55564264e-23  -6.33228165e-52
  3.60000000e-05   0.00000000e+00   0.00000000e+00  -5.60580662e-12   1.33738420e-24   1.49059584e-23  -5.81380627e-52
  3.60800000e-05   0.00000000e+00   0.00000000e+00  -5.94973338e-12   1.41943523e-24   1.58204669e-23  -6.54897699e-52
  3.61600000e-05   0.00000000e+00   0.00000000e+00  -6.01209674e-12   1.43431333e-24   1.59862924e-23  -6.68698560e-52
  3.62400000e-05   0.00000000e+00   0.00000000e+00  -5.90651720e-12   1.40912509e-24   1.57055542e-23  -6.45415766e-52
  3.63200000e-05   0.00000000e+00   0.00000000e+00  -6.06802263e-12   1.44765564e-24   1.61350006e-23  -6.81194429e-52
  3.64000000e-05   0.00000000e+00   0.00000000e+00  -6.04748563e-12   1.44275610e-24   1.60803922e-23  -6.76623497e-52
  3.64800000e-05   0.00000000e+00   0.00000000e+00  -5.05648901e-12   1.20633282e-24   1.34453113e-23  -4.73041243e-52
  3.65600000e-05   0.00000000e+00   0.00000000e+00  -5.64924901e-12   1.34774830e-24   1.50214726e-23  -5.90425162e-52
  3.66400000e-05   0.00000000e+00   0.00000000e+00  -5.45011055e-12   1.30023959e-24   1.44919593e-23  -5.49533514e-52
  3.67200000e-05   0.00000000e+00   0.00000000e+00  -6.23685443e-12   1.48793405e-24   1.65839279e-23  -7.19650025e-52
  3.68000000e-05   0.00000000e+00   0.00000000e+00  -5.63162214e-12   1.34354303e-24   1.49746024e-23  -5.86756997e-52
  3.68800000e-05   0.00000000e+00   0.00000000e+00  -6.40911400e-12   1.52903022e-24   1.70419697e-23  -7.59949547e-52
  3.69600000e-05   0.00000000e+00   0.00000000e+00  -5.86754930e-12   1.39982847e-24   1.56019377e-23  -6.36946725e-52
  3.70400000e-05   0.00000000e+00   0.00000000e+00  -6.69845735e-12   1.59805922e-24   1.78113398e-23  -8.30092265e-52
  3.71200000e-05   0.00000000e+00   0.00000000e+00  -5.71282784e-12   1.36291638e-24   1.51905301e-23  -6.03801609e-52
  3.72000000e-05   0.00000000e+00   0.00000000e+00  -6.80718549e-12   1.62399863e-24   1.81004502e-23  -8.57243012e-52
  3.72800000e-05   0.00000000e+00   0.00000000e+00  -5.74696001e-12   1.37105933e-24   1.52812883e-23  -6.11033787e-52
  3.73600000e-05   0.00000000e+00   0.00000000e+00  -6.85077506e-12   1.63439785e-24   1.82163558e-23  -8.68258700e-52
  3.74400000e-05   0.00000000e+00   0.00000000e+00  -6.45059598e-12   1.53892663e-24   1.71522712e-23  -7.69808869e-52
  3.75200000e-05   0.00000000e+00   0.00000000e+00  -5.42227505e-12   1.29359884e-24   1.44179441e-23  -5.43917839e-52
  3.76000000e-05   0.00000000e+00   0.00000000e+00  -6.01754092e-12   1.43561215e-24   1.60007686e-23  -6.69930149e-52
  3.76800000e-05   0.00000000e+00   0.00000000e+00  -5.36216664e-12   1.27925870e-24   1.42581145e-23  -5.31953261e-52
  3.77600000e-05   0.00000000e+00   0.00000000e+00  -5.83345802e-12   1.39169526e-24   1.55112883e-23  -6.29574397e-52
  3.78400000e-05   0.00000000e+00   0.00000000e+00  -5.01081493e-12   1.19543629e-24   1.33238629e-23  -4.64530403e-52
  3.79200000e-05   0.00000000e+00   0.00000000e+00  -6.35130359e-12   1.51523832e-24   1.68882506e-23  -7.46302333e-52
  3.80000000e-05   0.00000000e+00   0.00000000e+00  -5.79786829e-12   1.38320458e-24   1.54166545e-23  -6.21908722e-52
  3.80800000e-05   0.00000000e+00   0.00000000e+00  -6.53968989e-12   1.56018187e-24   1.73891738e-23  -7.91224779e-52
  3.81600000e-05   0.00000000e+00   0.00000000e+00  -6.17970211e-12   1.47429914e-24   1.64319587e-23  -7.06514370e-52
  3.82400000e-05   0.00000000e+00   0.00000000e+00  -6.53727101e-12   1.55960480e-24   1.73827419e-23  -7.90631636e-52
  3.83200000e-05   0.00000000e+00   0.00000000e+00  -6.44002782e-12   1.53640537e-24   1.71241702e-23  -7.67285021e-52
  3.84000000e-05   0.00000000e+00   0.00000000e+00  -6.96004156e-12   1.66046568e-24   1.85068978e-23  -8.96187800e-52
  3.84800000e-05   0.00000000e+00   0.00000000e+00  -5.97111847e-12   1.42453708e-24   1.58773303e-23  -6.59635954e-52
  3.85600000e-05   0.00000000e+00   0.00000000e+00  -6.76024316e-12   1.61279953e-24   1.79756296e-23  -8.45473342e-52
  3.86400000e-05   0.00000000e+00   0.00000000e+00  -6.17226957e-12   1.47252595e-24   1.64121954e-23  -7.04814869e-52
  3.87200000e-05   0.00000000e+00   0.00000000e+00  -6.82822144e-12   1.62901719e-24   1.81563853e-23  -8.62540374e-52
  3.88000000e-05   0.00000000e+00   0.00000000e+00  -6.29758271e-12   1.50242206e-24   1.67454057e-23  -7.33728604e-52
  3.88800000e-05   0.00000000e+00   0.00000000e+00  -6.82185986e-12   1.62749950e-24   1.81394697e-23  -8.60962199e-52
  3.89600000e-05   0.00000000e+00   0.00000000e+00  -6.00599947e-12   1.43285869e-24   1.59700797e-23  -6.67359124e-52
  3.90400000e-05   0.00000000e+00   0.00000000e+00  -6.59274690e-12   1.57283974e-24   1.75302535e-23  -8.04082946e-52
  3.91200000e-05   0.00000000e+00   0.00000000e+00  -6.19723693e-12   1.47848244e-24   1.64785841e-23  -7.10539929e-52
  3.92000000e-05   0.00000000e+00   0.00000000e+00  -6.13002040e-12   1.46244651e-24   1.62998539e-23  -6.95196173e-52
  3.92800000e-05   0.00000000e+00   0.00000000e+00  -6.01758807e-12   1.43562339e-24   1.60008940e-23  -6.69928022e-52
  3.93600000e-05   0.00000000e+00   0.00000000e+00  -6.18137105e-12   1.47469730e-24   1.64363964e-23  -7.06889738e-52
  3.94400000e-05   0.00000000e+00   0.00000000e+00  -7.35777830e-12   1.75535422e-24   1.95644882e-23  -1.00153720e-51
  3.95200000e-05   0.00000000e+00   0.00000000e+00  -6.13724440e-12   1.46416995e-24   1.63190627e-23  -6.96834135e-52
  3.96000000e-05   0.00000000e+00   0.00000000e+00  -5.96839557e-12   1.42388747e-24   1.58700901e-23  -6.59018890e-52
  3.96800000e-05   0.00000000e+00   0.00000000e+00  -6.19017671e-12   1.47679807e-24   1.64598109e-23  -7.08912767e-52
  3.97600000e-05   0.00000000e+00   0.00000000e+00  -5.78480852e-12   1.38008888e-24   1.53819282e-23  -6.19106235e-52
  3.98400000e-05   0.00000000e+00   0.00000000e+00  -5.68803291e-12   1.35700101e-24   1.51245999e-23  -5.98556795e-52
  3.99200000e-05   0.00000000e+00   0.00000000e+00  -5.60576635e-12   1.33737457e-24   1.49058513e-23  -5.81368065e-52
  4.00000000e-05   0.00000000e+00   0.00000000e+00  -5.77574679e-12   1.37792702e-24   1.53578329e-23  -6.17152324e-52
  4.00800000e-05   0.00000000e+00   0.00000000e+00  -5.96280438e-12   1.42255357e-24   1.58552230e-23  -6.57774921e-52
  4.01600000e-05   0.00000000e+00   0.00000000e+00  -6.76719834e-12   1.61445883e-24   1.79941236e-23  -8.47193750e-52
  4.02400000e-05   0.00000000e+00   0.00000000e+00  -7.68099712e-12   1.83246493e-24   2.04239338e-23  -1.09144506e-51
  4.03200000e-05   0.00000000e+00   0.00000000e+00  -6.32422186e-12   1.50877739e-24   1.68162397e-23  -7.39921089e-52
  4.04000000e-05   0.00000000e+00   0.00000000e+00  -6.81247104e-12   1.62525959e-24   1.81145046e-23  -8.58580756e-52
  4.04800000e-05   0.00000000e+00   0.00000000e+00  -6.07318878e-12   1.44888811e-24   1.61487374e-23  -6.82342274e-52
  4.05600000e-05   0.00000000e+00   0.00000000e+00  -6.68156775e-12   1.59402983e-24   1.77664300e-23  -8.25898086e-52
  4.06400000e-05   0.00000000e+00   0.00000000e+00  -6.05218589e-12   1.44387743e-24   1.60928903e-23  -6.77652764e-52
  4.07200000e-05   0.00000000e+00   0.00000000e+00  -5.87919161e-12   1.40260597e-24   1.56328949e-23  -6.39466824e-52
  4.08000000e-05   0.00000000e+00   0.00000000e+00  -5.62033813e-12   1.34085098e-24   1.49445980e-23  -5.84379762e-52
  4.08800000e-05   0.00000000e+00   0.00000000e+00  -4.51216024e-12   1.07647162e-24   1.19979296e-23  -3.76670151e-52
  4.09600000e-05   0.00000000e+00   0.00000000e+00  -6.42609400e-12   1.53308114e-24   1.70871199e-23  -7.63959845e-52
  4.10400000e-05   0.00000000e+00   0.00000000e+00  -5.01781286e-12   1.19710578e-24   1.33424706e-23  -4.65827139e-52
  4.11200000e-05   0.00000000e+00   0.00000000e+00  -5.37228059e-12   1.28167158e-24   1.42850078e-23  -5.33947908e-52
  4.12000000e-05   0.00000000e+00   0.00000000e+00  -5.02395108e-12   1.19857018e-24   1.33587922e-23  -4.66950568e-52
  4.12800000e-05   0.00000000e+00   0.00000000e+00  -7.34901516e-12   1.75326358e-24   1.95411868e-23  -9.99142986e-52
  4.13600000e-05   0.00000000e+00   0.00000000e+00  -5.47727140e-12   1.30671937e-24   1.45641805e-23  -5.55026730e-52
  4.14400000e-05   0.00000000e+00   0.00000000e+00  -5.18548032e-12   1.23710641e-24   1.37883019e-23  -4.97466321e-52
  4.15200000e-05   0.00000000e+00   0.00000000e+00  -5.65404048e-12   1.34889138e-24   1.50342133e-23  -5.91428051e-52
  4.16000000e-05   0.00000000e+00   0.00000000e+00  -5.41974755e-12   1.29299583e-24   1.44112234e-23  -5.43428490e-52
  4.16800000e-05   0.00000000e+00   0.00000000e+00  -5.47594991e-12   1.30640410e-24   1.45606667e-23  -5.54754046e-52
  4.17600000e-05   0.00000000e+00   0.00000000e+00  -5.37753001e-12   1.28292394e-24   1.42989661e-23  -5.34991973e-52
  4.18400000e-05   0.00000000e+00   0.00000000e+00  -5.13568928e-12   1.22522770e-24   1.36559065e-23  -4.87946727e-52
  4.19200000e-05   0.00000000e+00   0.00000000e+00  -5.35636263e-12   1.27787401e-24   1.42426816e-23  -5.30780627e-52
  4.20000000e-05   0.00000000e+00   0.00000000e+00  -5.53343544e-12   1.32011849e-24   1.47135219e-23  -5.66472295e-52
  4.20800000e-05   0.00000000e+00   0.00000000e+00  -5.05504047e-12   1.20598722e-24   1.34414596e-23  -4.72758278e-52
  4.21600000e-05   0.00000000e+00   0.00000000e+00  -4.77350627e-12   1.13882126e-24   1.26928542e-23  -4.21550975e-52
  4.22400000e-05   0.00000000e+00   0.00000000e+00  -4.97094125e-12   1.18592356e-24   1.32178380e-23  -4.57143493e-52
  4.23200000e-05   0.00000000e+00   0.00000000e+00  -5.22786393e-12   1.24721792e-24   1.39010008e-23  -5.05625090e-52
  4.24000000e-05   0.00000000e+00   0.00000000e+00  -4.72431596e-12   1.12708586e-24   1.25620561e-23  -4.12924354e-52
  4.24800000e-05   0.00000000e+00   0.00000000e+00  -4.56916520e-12   1.09007135e-24   1.21495069e-23  -3.86236222e-52
  4.25600000e-05   0.00000000e+00   0.00000000e+00  -4.74490963e-12   1.13199892e-24   1.26168151e-23  -4.16514968e-52
  4.26400000e-05   0.00000000e+00   0.00000000e+00  -5.03222009e-12   1.20054293e-24   1.33807797e-23  -4.68480321e-52
  4.27200000e-05   0.00000000e+00   0.00000000e+00  -4.65255495e-12   1.10996575e-24   1.23712421e-23  -4.00466464e-52
  4.28000000e-05   0.00000000e+00   0.00000000e+00  -5.42359525e-12   1.29391378e-24   1.44214545e-23  -5.44177399e-52
  4.28800000e-05   0.00000000e+00   0.00000000e+00  -4.61966509e-12   1.10211917e-24   1.22837872e-23  -3.94827172e-52
  4.29600000e-05   0.00000000e+00   0.00000000e+00  -4.22003690e-12   1.00677939e-24   1.12211674e-23  -3.29462792e-52
  4.30400000e-05   0.00000000e+00   0.00000000e+00  -2.75733227e-12   6.57820146e-25   7.33180484e-24  -1.40667939e-52
  4.31200000e-05   0.00000000e+00   0.00000000e+00  -5.60431298e-12   1.33702783e-24   1.49019868e-23  -5.81035587e-52
  4.32000000e-05   0.00000000e+00   0.00000000e+00  -4.95195821e-12   1.18139475e-24   1.31673616e-23  -4.53674090e-52
  4.32800000e-05   0.00000000e+00   0.00000000e+00  -4.39924076e-12   1.04953227e-24   1.16976743e-23  -3.58041433e-52
  4.33600000e-05   0.00000000e+00   0.00000000e+00  -3.78765903e-12   9.03626466e-25   1.00714655e-23  -2.65419120e-52
  4.34400000e-05   0.00000000e+00   0.00000000e+00  -4.23072353e-12   1.00932891e-24   1.12495834e-23  -3.31132292e-52
  4.35200000e-05   0.00000000e+00   0.00000000e+00  -4.51712055e-12   1.07765500e-24   1.20111191e-23  -3.77481847e-52
  4.36000000e-05   0.00000000e+00   0.00000000e+00  -4.65282348e-12   1.11002981e-24   1.23719561e-23  -4.00513076e-52
  4.36800000e-05   0.00000000e+00   0.00000000e+00  -4.48339943e-12   1.06961011e-24   1.19214539e-23  -3.71876351e-52
  4.37600000e-05   0.00000000e+00   0.00000000e+00  -4.03103512e-12   9.61688996e-25   1.07186077e-23  -3.00606260e-52
  4.38400000e-05   0.00000000e+00   0.00000000e+00  -4.57815207e-12   1.09221536e-24   1.21734032e-23  -3.87745750e-52
  4.39200000e-05   0.00000000e+00   0.00000000e+00  -4.33333077e-12   1.03380804e-24   1.15224182e-23  -3.47385902e-52
  4.40000000e-05   0.00000000e+00   0.00000000e+00  -4.77575395e-12   1.13935748e-24   1.26988308e-23  -4.21942647e-52
  4.40800000e-05   0.00000000e+00   0.00000000e+00  -4.11334589e-12   9.81325979e-25   1.09374738e-23  -3.13002808e-52
  4.41600000e-05   0.00000000e+00   0.00000000e+00  -4.94007871e-12   1.17856064e-24   1.31357738e-23  -4.51470274e-52
  4.42400000e-05   0.00000000e+00   0.00000000e+00  -3.80133266e-12   9.06888598e-25   1.01078240e-23  -2.67333182e-52
  4.43200000e-05   0.00000000e+00   0.00000000e+00  -3.74810381e-12   8.94189726e-25   9.96628733e-24  -2.59898850e-52
  4.44000000e-05   0.00000000e+00   0.00000000e+00  -4.27222975e-12   1.01923109e-24   1.13599493e-23  -3.37648282e-52
  4.44800000e-05   0.00000000e+00   0.00000000e+00  -5.22634437e-12   1.24685539e-24   1.38969603e-23  -5.05307585e-52
  4.45600000e-05   0.00000000e+00   0.00000000e+00  -2.61114907e-12   6.22945039e-25   6.94310063e-24  -1.26146527e-52
  4.46400000e-05   0.00000000e+00   0.00000000e+00  -1.83263567e-12   4.37214142e-25   4.87301703e-24  -6.21409642e-53
  4.47200000e-05   0.00000000e+00   0.00000000e+00  -3.83071346e-12   9.13898010e-25   1.01859481e-23  -2.71479037e-52
  4.48000000e-05   0.00000000e+00   0.00000000e+00  -3.92342965e-12   9.36017425e-25   1.04324824e-23  -2.84779528e-52
  4.48800000e-05   0.00000000e+00   0.00000000e+00  -3.51359737e-12   8.38243237e-25   9.34272975e-24  -2.28398962e-52
  4.49600000e-05   0.00000000e+00   0.00000000e+00  -4.89584050e-12   1.16800668e-24   1.30181435e-23  -4.43418435e-52
  4.50400000e-05   0.00000000e+00   0.00000000e+00  -2.56246452e-12   6.11330304e-25   6.81364737e-24  -1.21482147e-52
  4.51200000e-05   0.00000000e+00   0.00000000e+00  -3.23431265e-12   7.71613938e-25   8.60010577e-24  -1.93523670e-52
  4.52000000e-05   0.00000000e+00   0.00000000e+00  -3.51732846e-12   8.39133366e-25   9.35265079e-24  -2.28874131e-52
  4.52800000e-05   0.00000000e+00   0.00000000e+00  -3.41429586e-12   8.14552753e-25   9.07868494e-24  -2.15674746e-52
  4.53600000e-05   0.00000000e+00   0.00000000e+00  -2.86717268e-12   6.84024904e-25   7.62387282e-24  -1.52092575e-52
  4.54400000e-05   0.00000000e+00   0.00000000e+00  -3.02201031e-12   7.20964708e-25   8.03558936e-24  -1.68963767e-52
  4.55200000e-05   0.00000000e+00   0.00000000e+00  -2.40669368e-12   5.74167863e-25   6.39944941e-24  -1.07164017e-52
  4.56000000e-05   0.00000000e+00   0.00000000e+00  -2.80067467e-12   6.68160391e-25   7.44705319e-24  -1.45117199e-52
  4.56800000e-05   0.00000000e+00   0.00000000e+00  -2.44034594e-12   5.82196325e-25   6.48893149e-24  -1.10178896e-52
  4.57600000e-05   0.00000000e+00   0.00000000e+00  -3.09583483e-12   7.38577113e-25   8.23189031e-24  -1.77318116e-52
  4.58400000e-05   0.00000000e+00   0.00000000e+00  -2.58399768e-12   6.16467496e-25   6.87090450e-24  -1.23533668e-52
  4.59200000e-05   0.00000000e+00   0.00000000e+00  -2.86414047e-12   6.83301505e-25   7.61581010e-24  -1.51771350e-52
  4.60000000e-05   0.00000000e+00   0.00000000e+00  -2.29497596e-12   5.47515230e-25   6.10238964e-24  -9.74457273e-53
  4.60800000e-05   0.00000000e+00   0.00000000e+00  -2.75642020e-12   6.57602548e-25   7.32937962e-24  -1.40576664e-52
  4.61600000e-05   0.00000000e+00   0.00000000e+00  -4.02503805e-12   9.60258265e-25   1.07026613e-23  -2.99705916e-52
  4.62400000e-05   0.00000000e+00   0.00000000e+00  -1.72666114e-12   4.11931666e-25   4.59122850e-24  -5.51592705e-53
  4.63200000e-05   0.00000000e+00   0.00000000e+00  -2.20705431e-12   5.26539654e-25   5.86860411e-24  -9.01190340e-53
  4.64000000e-05   0.00000000e+00   0.00000000e+00  -1.76164311e-12   4.20277357e-25   4.68424630e-24  -5.74182259e-53
  4.64800000e-05   0.00000000e+00   0.00000000e+00  -2.97508607e-12   7.09769933e-25   7.91081681e-24  -1.63741793e-52
  4.65600000e-05   0.00000000e+00   0.00000000e+00  -2.06496918e-12   4.92642229e-25   5.49079673e-24  -7.88890779e-53
  4.66400000e-05   0.00000000e+00   0.00000000e+00  -3.03732365e-12   7.24618030e-25   8.07630786e-24  -1.70665665e-52
  4.67200000e-05   0.00000000e+00   0.00000000e+00  -1.21882301e-12   2.90776100e-25   3.24087617e-24  -2.74877675e-53
  4.68000000e-05   0.00000000e+00   0.00000000e+00  -1.78065323e-12   4.24812625e-25   4.73479461e-24  -5.86589984e-53
  4.68800000e-05   0.00000000e+00   0.00000000e+00  -1.39395338e-12   3.32557166e-25   3.70655152e-24  -3.59479418e-53
  4.69600000e-05   0.00000000e+00   0.00000000e+00  -2.32166670e-12   5.53882873e-25   6.17336089e-24  -9.97148482e-53
  4.70400000e-05   0.00000000e+00   0.00000000e+00  -2.03869064e-12   4.86372926e-25   5.42092154e-24  -7.68907577e-53
  4.71200000e-05   0.00000000e+00   0.00000000e+00  -2.30747827e-12   5.50497921e-25   6.13563354e-24  -9.85007802e-53
  4.72000000e-05   0.00000000e+00   0.00000000e+00  -1.40799002e-12   3.35905905e-25   3.74387524e-24  -3.66828147e-53
  4.72800000e-05   0.00000000e+00   0.00000000e+00  -1.54318653e-12   3.68159904e-25   4.10336565e-24  -4.40591799e-53
  4.73600000e-05   0.00000000e+00   0.00000000e+00  -9.99302129e-13   2.38404734e-25   2.65716550e-24  -1.84757597e-53
  4.74400000e-05   0.00000000e+00   0.00000000e+00  -1.89011229e-12   4.50926408e-25   5.02584858e-24  -6.60847510e-53
  4.75200000e-05   0.00000000e+00   0.00000000e+00  -1.55467879e-12   3.70901626e-25   4.13392381e-24  -4.47177062e-53
  4.76000000e-05   0.00000000e+00   0.00000000e+00  -1.28869699e-12   3.07446021e-25   3.42667256e-24  -3.07258304e-53
  4.76800000e-05   0.00000000e+00   0.00000000e+00  -1.53114926e-12   3.65288157e-25   4.07135828e-24  -4.33711397e-53
  4.77600000e-05   0.00000000e+00   0.00000000e+00  -1.72600313e-12   4.11774684e-25   4.58947885e-24  -5.51125488e-53
  4.78400000e-05   0.00000000e+00   0.00000000e+00  -1.26273044e-12   3.01251151e-25   3.35762697e-24  -2.95023727e-53
  4.79200000e-05   0.00000000e+00   0.00000000e+00  -2.28594873e-12   5.45361592e-25   6.07838605e-24  -9.66714400e-53
  4.80000000e-05   0.00000000e+00   0.00000000e+00  -7.96238012e-14   1.89959479e-26   2.11721372e-25  -1.17530845e-55
  4.80800000e-05   0.00000000e+00   0.00000000e+00   5.70797773e-13  -1.36175925e-25  -1.51776336e-24  -6.02587899e-54
  4.81600000e-05   0.00000000e+00   0.00000000e+00  -1.39618895e-12   3.33090509e-25   3.71249595e-24  -3.60673948e-53
  4.82400000e-05   0.00000000e+00   0.00000000e+00  -7.94502083e-13   1.89545336e-25   2.11259785e-24  -1.16802434e-53
  4.83200000e-05   0.00000000e+00   0.00000000e+00  -1.15391495e-12   2.75290905e-25   3.06828427e-24  -2.46323180e-53
  4.84000000e-05   0.00000000e+00   0.00000000e+00  -1.38679247e-12   3.30848780e-25   3.68751051e-24  -3.55782276e-53
  4.84800000e-05   0.00000000e+00   0.00000000e+00  -1.23956448e-12   2.95724418e-25   3.29602818e-24  -2.84260654e-53
  4.85600000e-05   0.00000000e+00   0.00000000e+00  -1.25198685e-12   2.98688039e-25   3.32905953e-24  -2.89986682e-53
  4.86400000e-05   0.00000000e+00   0.00000000e+00  -8.73738027e-13   2.08448752e-25   2.32328790e-24  -1.41239826e-53
  4.87200000e-05   0.00000000e+00   0.00000000e+00  -7.52187145e-13   1.79450209e-25   2.00008153e-24  -1.04676442e-53
  4.88000000e-05   0.00000000e+00   0.00000000e+00  -4.60100272e-13   1.09766686e-25   1.22341636e-24  -3.91692492e-54
  4.88800000e-05   0.00000000e+00   0.00000000e+00  -7.00713772e-13   1.67170144e-25   1.86321275e-24  -9.08349747e-54
  4.89600000e-05   0.00000000e+00   0.00000000e+00  -7.51057533e-13   1.79180716e-25   1.99707787e-24  -1.04356313e-53
  4.90400000e-05   0.00000000e+00   0.00000000e+00  -7.35350141e-13   1.75433385e-25   1.95531158e-24  -1.00050926e-53
  4.91200000e-05   0.00000000e+00   0.00000000e+00  -3.75292275e-13   8.95339382e-26   9.97910099e-25  -2.60629159e-54
  4.92000000e-05   0.00000000e+00   0.00000000e+00  -2.27675677e-13   5.43168653e-26   6.05394441e-25  -9.58429784e-55
  4.92800000e-05   0.00000000e+00   0.00000000e+00  -7.57217165e-13   1.80650228e-25   2.01345646e-24  -1.06058276e-53
  4.93600000e-05   0.00000000e+00   0.00000000e+00  -6.76173789e-13   1.61315610e-25   1.79796041e-24  -8.45952981e-54
  4.94400000e-05   0.00000000e+00   0.00000000e+00  -3.64976299e-13   8.70728432e-26   9.70479702e-25  -2.46491241e-54
  4.95200000e-05   0.00000000e+00   0.00000000e+00   1.14627269e-13  -2.73467680e-26  -3.04796333e-25  -2.43431106e-55
  4.96000000e-05   0.00000000e+00   0.00000000e+00   3.76587598e-14  -8.98429650e-27  -1.00135439e-25  -2.62783899e-56
  4.96800000e-05   0.00000000e+00   0.00000000e+00  -8.61576249e-13   2.05547302e-25   2.29094948e-24  -1.37335885e-53
  4.97600000e-05   0.00000000e+00   0.00000000e+00  -7.26671954e-13   1.73363019e-25   1.93223610e-24  -9.76959471e-54
  4.98400000e-05   0.00000000e+00   0.00000000e+00   4.35552033e-16  -1.03910182e-28  -1.15814207e-27  -3.71777276e-60
  4.99200000e-05   0.00000000e+00   0.00000000e+00  -1.01406856e-13   2.41927579e-26   2.69642975e-25  -1.90197665e-55
  5.00000000e-05   0.00000000e+00   0.00000000e+00  -3.74825772e-14   8.94226440e-27   9.96669659e-26  -2.60554326e-56
  5.00800000e-05   0.00000000e+00   0.00000000e+00   3.28614721e-13  -7.83980169e-26  -8.73793496e-25  -1.99725104e-54
  5.01600000e-05   0.00000000e+00   0.00000000e+00  -4.24064430e-13   1.01169571e-25   1.12759629e-24  -3.32621397e-54
  5.02400000e-05   0.00000000e+00   0.00000000e+00   7.13797121e-13  -1.70291454e-25  -1.89800165e-24  -9.42391900e-54
  5.03200000e-05   0.00000000e+00   0.00000000e+00  -7.12073011e-14   1.69880131e-26   1.89341720e-25  -9.38541545e-56
  5.04000000e-05   0.00000000e+00   0.00000000e+00   8.21508961e-13  -1.95988400e-25  -2.18440971e-24  -1.24832831e-53
  5.04800000e-05   0.00000000e+00   0.00000000e+00  -8.83894731e-14   2.10871850e-26   2.35029479e-25  -1.44572824e-55
  5.05600000e-05   0.00000000e+00   0.00000000e+00  -5.04092698e-13   1.20262013e-25   1.34039315e-24  -4.69984112e-54
  5.06400000e-05   0.00000000e+00   0.00000000e+00   7.75931002e-13  -1.85114810e-25  -2.06321695e-24  -1.11366627e-53
  5.07200000e-05   0.00000000e+00   0.00000000e+00   3.98407916e-13  -9.50486650e-26  -1.05937508e-24  -2.93706123e-54
  5.08000000e-05   0.00000000e+00   0.00000000e+00   2.66003016e-13  -6.34606657e-26  -7.07307648e-25  -1.30906815e-54
  5.08800000e-05   0.00000000e+00   0.00000000e+00   6.11935373e-13  -1.45990172e-25  -1.62714911e-24  -6.92692301e-54
  5.09600000e-05   0.00000000e+00   0.00000000e+00   1.93798953e-13  -4.62348537e-26  -5.15315515e-25  -6.95354299e-55
  5.10400000e-05   0.00000000e+00   0.00000000e+00   5.25869954e-13  -1.25457440e-25  -1.39829933e-24  -5.11537795e-54
  5.11200000e-05   0.00000000e+00   0.00000000e+00   3.34364355e-13  -7.97697142e-26  -8.89081895e-25  -2.06849716e-54
  5.12000000e-05   0.00000000e+00   0.00000000e+00   9.81997280e-13  -2.34276295e-25  -2.61115154e-24  -1.78379545e-53
  5.12800000e-05   0.00000000e+00   0.00000000e+00   5.60849952e-13  -1.33802661e-25  -1.49131189e-24  -5.82050543e-54
  5.13600000e-05   0.00000000e+00   0.00000000e+00   7.17833748e-13  -1.71254478e-25  -1.90873512e-24  -9.53202561e-54
  5.14400000e-05   0.00000000e+00   0.00000000e+00   6.91220380e-13  -1.64905294e-25  -1.83796962e-24  -8.84003713e-54
  5.15200000e-05   0.00000000e+00   0.00000000e+00   4.27477205e-13  -1.01983761e-25  -1.13667093e-24  -3.38121277e-54
  5.16000000e-05   0.00000000e+00   0.00000000e+00   1.32882014e-12  -3.17018249e-25  -3.53336086e-24  -3.26653883e-53
  5.16800000e-05   0.00000000e+00   0.00000000e+00   1.62463153e-12  -3.87590337e-25  -4.31992962e-24  -4.88280726e-53
  5.17600000e-05   0.00000000e+00   0.00000000e+00   1.18632116e-12  -2.83022094e-25  -3.15445306e-24  -2.60333844e-53
  5.18400000e-05   0.00000000e+00   0.00000000e+00   1.77104398e-12  -4.22520134e-25  -4.70924342e-24  -5.80233020e-53
  5.19200000e-05   0.00000000e+00   0.00000000e+00   9.94088746e-13  -2.37160971e-25  -2.64330301e-24  -1.82806648e-53
  5.20000000e-05   0.00000000e+00   0.00000000e+00   1.34129281e-12  -3.19993871e-25  -3.56652597e-24  -3.32811775e-53
  5.20800000e-05   0.00000000e+00   0.00000000e+00   1.25760260e-12  -3.00027794e-25  -3.34399191e-24  -2.92550802e-53
  5.21600000e-05   0.00000000e+00   0.00000000e+00   2.01223047e-12  -4.80060292e-25  -5.35056340e-24  -7.49021560e-53
  5.22400000e-05   0.00000000e+00   0.00000000e+00   9.33562619e-13  -2.22721179e-25  -2.48236276e-24  -1.61231973e-53
  5.23200000e-05   0.00000000e+00   0.00000000e+00   1.06540199e-12  -2.54174258e-25  -2.83292642e-24  -2.09987364e-53
  5.24000000e-05   0.00000000e+00   0.00000000e+00   1.11867641e-12  -2.66884003e-25  -2.97458424e-24  -2.31505463e-53
  5.24800000e-05   0.00000000e+00   0.00000000e+00   1.40005277e-12  -3.34012307e-25  -3.72276994e-24  -3.62615684e-53
  5.25600000e-05   0.00000000e+00   0.00000000e+00   7.78475788e-13  -1.85721923e-25  -2.06998359e-24  -1.12114762e-53
  5.26400000e-05   0.00000000e+00   0.00000000e+00   7.22399086e-13  -1.72343636e-25  -1.92087445e-24  -9.65554333e-54
  5.27200000e-05   0.00000000e+00   0.00000000e+00   8.53897946e-13  -2.03715480e-25  -2.27053270e-24  -1.34880107e-53
  5.28000000e-05   0.00000000e+00   0.00000000e+00   7.85704096e-13  -1.87446390e-25  -2.08920381e-24  -1.14215929e-53
  5.28800000e-05   0.00000000e+00   0.00000000e+00   5.75495833e-13  -1.37296747e-25  -1.53025560e-24  -6.12778638e-54
  5.29600000e-05   0.00000000e+00   0.00000000e+00   9.89155583e-13  -2.35984061e-25  -2.63018562e-24  -1.81011273e-53
  5.30400000e-05   0.00000000e+00   0.00000000e+00   1.01816923e-12  -2.42905881e-25  -2.70733352e-24  -1.91785793e-53
  5.31200000e-05   0.00000000e+00   0.00000000e+00   1.15882736e-12  -2.76462865e-25  -3.08134647e-24  -2.48453309e-53
  5.32000000e-05   0.00000000e+00   0.00000000e+00   8.63071654e-13  -2.05904063e-25  -2.29492579e-24  -1.37819448e-53
  5.32800000e-05   0.00000000e+00   0.00000000e+00   6.66064136e-13  -1.58903738e-25  -1.77107863e-24  -8.20838335e-54
  5.33600000e-05   0.00000000e+00   0.00000000e+00   3.84240686e-13  -9.16687717e-26  -1.02170411e-24  -2.73190707e-54
  5.34400000e-05   0.00000000e+00   0.00000000e+00   8.37839063e-13  -1.99884293e-25  -2.22783180e-24  -1.29890137e-53
  5.35200000e-05   0.00000000e+00   0.00000000e+00   2.56174724e-13  -6.11159180e-26  -6.81174011e-25  -1.21478281e-54
  5.36000000e-05   0.00000000e+00   0.00000000e+00   9.43851218e-13  -2.25175743e-25  -2.50972036e-24  -1.64828491e-53
  5.36800000e-05   0.00000000e+00   0.00000000e+00   5.47372460e-13  -1.30587319e-25  -1.45547495e-24  -5.54401146e-54
  5.37600000e-05   0.00000000e+00   0.00000000e+00   1.35641579e-12  -3.23601778e-25  -3.60673828e-24  -3.40365203e-53
  5.38400000e-05   0.00000000e+00   0.00000000e+00   1.60767717e-12  -3.83545515e-25  -4.27484762e-24  -4.78145768e-53
  5.39200000e-05   0.00000000e+00   0.00000000e+00   1.15742774e-12  -2.76128956e-25  -3.07762485e-24  -2.47834885e-53
  5.40000000e-05   0.00000000e+00   0.00000000e+00   1.20999144e-12  -2.88669141e-25  -3.21739284e-24  -2.70856631e-53
  5.40800000e-05   0.00000000e+00   0.00000000e+00   1.71723819e-12  -4.09683621e-25  -4.56617268e-24  -5.45511635e-53
  5.41600000e-05   0.00000000e+00   0.00000000e+00   1.02617067e-12  -2.44814794e-25  -2.72860951e-24  -1.94835847e-53
  5.42400000e-05   3.03973019e-07  -5.49012507e-07   1.74812706e-12   1.34246304e-18   7.43280185e-19  -1.38731800e-18
  5.43200000e-05   2.51992692e-07  -4.55129668e-07   8.89453585e-13   1.11289631e-18   6.16177615e-19  -1.15008426e-18
  5.44000000e-05   2.16889634e-06  -3.87542342e-06   1.54469782e-12   9.47623370e-18   5.30340849e-18  -9.78750630e-18
  5.44800000e-05   1.28591182e-06  -2.28342803e-06   1.15104459e-12   5.58340566e-18   3.14429034e-18  -5.76504434e-18
  5.45600000e-05   2.93241287e-06  -5.17568168e-06   4.08818365e-13   1.26553451e-17   7.17020365e-18  -1.30631838e-17
  5.46400000e-05   2.26599324e-06  -3.96592529e-06   7.45338159e-13   9.69712352e-18   5.54060081e-18  -1.00055125e-17
  5.47200000e-05   6.67398641e-07  -1.15430384e-06  -3.94113478e-14   2.82237254e-18   1.63184739e-18  -2.91031662e-18
  5.48000000e-05   0.00000000e+00   0.00000000e+00   0.00000000e+00  -0.00000000e+00   0.00000000e+00   0.00000000e+00
  5.48800000e-05   0.00000000e+00   0.00000000e+00   0.00000000e+00  -0.00000000e+00   0.00000000e+00   0.00000000e+00
