     timestep     time              x             y              z              vx             vy             vz             ax             ay             az         v_magnitude      ELoss        Electronic      Nuclear
           0   0.000000e+00   1.000000e-01   1.249356e+01   2.799258e+00   8.425166e+05   2.277869e+05  -1.250719e+06   0.000000e+00   0.000000e+00   0.000000e+00   1.525130e+06   0.000000e+00   0.000000e+00   0.000000e+00
        8000   7.999000e-08   1.674013e-01   1.251178e+01   2.699200e+00   8.425166e+05   2.277869e+05  -1.250719e+06   0.000000e+00   0.000000e+00   0.000000e+00   1.525130e+06   0.000000e+00   0.000000e+00   0.000000e+00
       16000   1.599900e-07   2.348027e-01   1.253000e+01   2.599143e+00   8.425166e+05   2.277869e+05  -1.250719e+06   0.000000e+00   0.000000e+00   0.000000e+00   1.525130e+06   0.000000e+00   0.000000e+00   0.000000e+00
       24000   2.399900e-07   3.022040e-01   1.254823e+01   2.499085e+00   8.425166e+05   2.277869e+05  -1.250719e+06   0.000000e+00   0.000000e+00   0.000000e+00   1.525130e+06   0.000000e+00   0.000000e+00   0.000000e+00
       32000   3.199900e-07   3.696053e-01   1.256645e+01   2.399028e+00   8.425166e+05   2.277869e+05  -1.250719e+06   0.000000e+00   0.000000e+00   0.000000e+00   1.525130e+06   0.000000e+00   0.000000e+00   0.000000e+00
       40000   3.999900e-07   4.370067e-01   1.258467e+01   2.298970e+00   8.425166e+05   2.277869e+05  -1.250719e+06   0.000000e+00   0.000000e+00   0.000000e+00   1.525130e+06   0.000000e+00   0.000000e+00   0.000000e+00
       48000   4.799900e-07   5.044080e-01   1.260290e+01   2.198913e+00   8.425166e+05   2.277869e+05  -1.250719e+06   0.000000e+00   0.000000e+00   0.000000e+00   1.525130e+06   0.000000e+00   0.000000e+00   0.000000e+00
       56000   5.599900e-07   5.718093e-01   1.262112e+01   2.098855e+00   8.425166e+05   2.277869e+05  -1.250719e+06   0.000000e+00   0.000000e+00   0.000000e+00   1.525130e+06   0.000000e+00   0.000000e+00   0.000000e+00
       64000   6.399900e-07   6.392107e-01   1.263934e+01   1.998798e+00   8.425166e+05   2.277869e+05  -1.250719e+06   0.000000e+00   0.000000e+00   0.000000e+00   1.525130e+06   0.000000e+00   0.000000e+00   0.000000e+00
       72000   7.199900e-07   7.066120e-01   1.265756e+01   1.898740e+00   8.425166e+05   2.277869e+05  -1.250719e+06   0.000000e+00   0.000000e+00   0.000000e+00   1.525130e+06   0.000000e+00   0.000000e+00   0.000000e+00
       80000   7.999900e-07   7.740133e-01   1.267579e+01   1.798683e+00   8.425166e+05   2.277869e+05  -1.250719e+06   0.000000e+00   0.000000e+00   0.000000e+00   1.525130e+06   0.000000e+00   0.000000e+00   0.000000e+00
       88000   8.799900e-07   8.414146e-01   1.269401e+01   1.698625e+00   8.425166e+05   2.277869e+05  -1.250719e+06   0.000000e+00   0.000000e+00   0.000000e+00   1.525130e+06   0.000000e+00   0.000000e+00   0.000000e+00
       96000   9.599900e-07   9.088160e-01   1.271223e+01   1.598567e+00   8.425166e+05   2.277869e+05  -1.250719e+06   0.000000e+00   0.000000e+00   0.000000e+00   1.525130e+06   0.000000e+00   0.000000e+00   0.000000e+00
      104000   1.039990e-06   9.762173e-01   1.273046e+01   1.498510e+00   8.425166e+05   2.277869e+05  -1.250719e+06   0.000000e+00   0.000000e+00   0.000000e+00   1.525130e+06   0.000000e+00   0.000000e+00   0.000000e+00
      112000   1.119990e-06   1.043619e+00   1.274868e+01   1.398452e+00   8.425166e+05   2.277869e+05  -1.250719e+06   0.000000e+00   0.000000e+00   0.000000e+00   1.525130e+06   0.000000e+00   0.000000e+00   0.000000e+00
      120000   1.199990e-06   1.111020e+00   1.276690e+01   1.298395e+00   8.425166e+05   2.277869e+05  -1.250719e+06   0.000000e+00   0.000000e+00   0.000000e+00   1.525130e+06   0.000000e+00   0.000000e+00   0.000000e+00
      128000   1.279990e-06   1.178421e+00   1.278513e+01   1.198337e+00   8.425166e+05   2.277869e+05  -1.250719e+06   0.000000e+00   0.000000e+00   0.000000e+00   1.525130e+06   0.000000e+00   0.000000e+00   0.000000e+00
      136000   1.359990e-06   1.245823e+00   1.280335e+01   1.098280e+00   8.425166e+05   2.277869e+05  -1.250719e+06   0.000000e+00   0.000000e+00   0.000000e+00   1.525130e+06   0.000000e+00   0.000000e+00   0.000000e+00
      144000   1.439990e-06   1.313224e+00   1.282157e+01   9.982222e-01   8.425166e+05   2.277869e+05  -1.250719e+06   0.000000e+00   0.000000e+00   0.000000e+00   1.525130e+06   0.000000e+00   0.000000e+00   0.000000e+00
      152000   1.519990e-06   1.380625e+00   1.283979e+01   8.981646e-01   8.425166e+05   2.277869e+05  -1.250719e+06   0.000000e+00   0.000000e+00   0.000000e+00   1.525130e+06   0.000000e+00   0.000000e+00   0.000000e+00
      160000   1.599990e-06   1.448027e+00   1.285802e+01   7.981071e-01   8.425166e+05   2.277869e+05  -1.250719e+06   0.000000e+00   0.000000e+00   0.000000e+00   1.525130e+06   0.000000e+00   0.000000e+00   0.000000e+00
      168000   1.679990e-06   1.515428e+00   1.287624e+01   6.980495e-01   8.425166e+05   2.277869e+05  -1.250719e+06   0.000000e+00   0.000000e+00   0.000000e+00   1.525130e+06   0.000000e+00   0.000000e+00   0.000000e+00
      176000   1.759990e-06   1.582829e+00   1.289446e+01   5.979920e-01   8.425166e+05   2.277869e+05  -1.250719e+06   0.000000e+00   0.000000e+00   0.000000e+00   1.525130e+06   0.000000e+00   0.000000e+00   0.000000e+00
      184000   1.839990e-06   1.650231e+00   1.291269e+01   4.979344e-01   8.425166e+05   2.277869e+05  -1.250719e+06   0.000000e+00   0.000000e+00   0.000000e+00   1.525130e+06   0.000000e+00   0.000000e+00   0.000000e+00
      192000   1.919990e-06   1.717632e+00   1.293091e+01   3.978769e-01   8.425166e+05   2.277869e+05  -1.250719e+06   0.000000e+00   0.000000e+00   0.000000e+00   1.525130e+06   0.000000e+00   0.000000e+00   0.000000e+00
      200000   1.999990e-06   1.785033e+00   1.294913e+01   2.978193e-01   8.425166e+05   2.277869e+05  -1.250719e+06   0.000000e+00   0.000000e+00   0.000000e+00   1.525130e+06   0.000000e+00   0.000000e+00   0.000000e+00
      208000   2.079990e-06   1.852435e+00   1.296735e+01   1.977618e-01   8.425166e+05   2.277869e+05  -1.250719e+06   0.000000e+00   0.000000e+00   0.000000e+00   1.525130e+06   0.000000e+00   0.000000e+00   0.000000e+00
      216000   2.159990e-06   1.919836e+00   1.298558e+01   9.770425e-02   8.425166e+05   2.277869e+05  -1.250719e+06   0.000000e+00   0.000000e+00   0.000000e+00   1.525130e+06   0.000000e+00   0.000000e+00   0.000000e+00
