       time             b_x              b_y              b_z              F_x              F_y              F_z
  0.00000000e+00   7.58548506e-07   3.33394301e-07   0.00000000e+00  -1.41441906e-18   3.21812779e-18  -4.72115703e-19
  8.00000000e-08   3.84795653e-06   1.68574502e-06  -1.28156443e-07  -7.34226372e-18   1.65768749e-17  -2.40586737e-18
  1.60000000e-07   4.44676321e-06   1.94525864e-06   3.30861198e-07  -7.76077970e-18   1.82146486e-17  -2.78622262e-18
  2.40000000e-07   3.06610093e-06   1.33897135e-06  -2.51079759e-13  -5.68053037e-18   1.30078055e-17  -1.92586157e-18
  3.20000000e-07  -9.82023274e-07  -4.30246114e-07  -3.33909973e-07   1.32883228e-18  -3.50961268e-18   6.14096629e-19
  4.00000000e-07  -8.62295317e-13  -3.58223003e-13   5.32351558e-07   7.91514247e-19  -1.04678604e-18   5.77693792e-25
  4.80000000e-07  -1.45912723e-14  -1.54463830e-15  -1.32141543e-13  -1.89917896e-25   1.97932038e-25   1.86573447e-26
  5.60000000e-07   0.00000000e+00   0.00000000e+00  -1.62457631e-13  -2.41545585e-25   3.19446554e-25  -7.22661100e-55
  6.40000000e-07   0.00000000e+00   0.00000000e+00   1.94658945e-14   2.89423208e-26  -3.82765210e-26  -1.03269948e-56
  7.20000000e-07   0.00000000e+00   0.00000000e+00   4.01794876e-13   5.97397475e-25  -7.90064389e-25  -4.41758474e-54
  8.00000000e-07   0.00000000e+00   0.00000000e+00   1.29513856e-13   1.92564055e-25  -2.54667971e-25  -4.59011755e-55
  8.80000000e-07   0.00000000e+00   0.00000000e+00  -7.21954338e-14  -1.07341762e-25   1.41960599e-25  -1.42488391e-55
  9.60000000e-07   0.00000000e+00   0.00000000e+00  -1.18324331e-13  -1.75927223e-25   2.32665587e-25  -3.83134366e-55
  1.04000000e-06   0.00000000e+00   0.00000000e+00   1.45342363e-13   2.16098227e-25  -2.85792159e-25  -5.77914417e-55
  1.12000000e-06   0.00000000e+00   0.00000000e+00   1.76509642e-13   2.62438425e-25  -3.47077553e-25  -8.52667666e-55
  1.20000000e-06   0.00000000e+00   0.00000000e+00  -3.78844166e-13  -5.63273853e-25   7.44935543e-25  -3.92685001e-54
  1.28000000e-06   0.00000000e+00   0.00000000e+00  -8.16226551e-15  -1.21358362e-26   1.60497699e-26  -1.81193488e-57
  1.36000000e-06   0.00000000e+00   0.00000000e+00   2.13094200e-13   3.16833152e-25  -4.19015147e-25  -1.24239610e-54
  1.44000000e-06   0.00000000e+00   0.00000000e+00   1.02852866e-13   1.52923908e-25  -2.02243462e-25  -2.89472558e-55
  1.52000000e-06   0.00000000e+00   0.00000000e+00   9.09249920e-13   1.35189281e-24  -1.78789234e-24  -2.26228363e-53
  1.60000000e-06   0.00000000e+00   0.00000000e+00   5.76987414e-13   8.57877600e-25  -1.13455207e-24  -9.10944444e-54
  1.68000000e-06   0.00000000e+00   0.00000000e+00   1.42321354e-13   2.11606525e-25  -2.79851836e-25  -5.54906667e-55
  1.76000000e-06   0.00000000e+00   0.00000000e+00   1.21154146e-13   1.80134654e-25  -2.38229958e-25  -4.01667596e-55
  1.84000000e-06   0.00000000e+00   0.00000000e+00  -1.31884809e-12  -1.96089240e-24   2.59330064e-24  -4.75944897e-53
  1.92000000e-06   0.00000000e+00   0.00000000e+00   3.02868594e-14   4.50311699e-26  -5.95541917e-26  -2.50006542e-56
  2.00000000e-06   0.00000000e+00   0.00000000e+00   5.34415248e-13   7.94580365e-25  -1.05084082e-24  -7.81460891e-54
  2.08000000e-06   0.00000000e+00   0.00000000e+00   1.98633709e-14   2.95332975e-26  -3.90580939e-26  -1.08624594e-56
  2.16000000e-06   0.00000000e+00   0.00000000e+00   2.17623887e-13   3.23567990e-25  -4.27922041e-25  -1.29768116e-54
  2.24000000e-06   0.00000000e+00   0.00000000e+00   1.96922535e-13   2.92788763e-25  -3.87216192e-25  -1.06055872e-54
  2.32000000e-06   0.00000000e+00   0.00000000e+00  -3.82472408e-13  -5.68668404e-25   7.52069893e-25  -4.00097603e-54
  2.40000000e-06   0.00000000e+00   0.00000000e+00  -3.97065141e-14  -5.90365199e-26   7.80764132e-26  -4.31240711e-56
  2.48000000e-06   0.00000000e+00   0.00000000e+00   1.22625086e-13   1.82321680e-25  -2.41122322e-25  -4.10980219e-55
  2.56000000e-06   0.00000000e+00   0.00000000e+00  -2.67154406e-13  -3.97211057e-25   5.25315764e-25  -1.95226620e-54
  2.64000000e-06   0.00000000e+00   0.00000000e+00   1.38911266e-13   2.06536331e-25  -2.73146451e-25  -5.27614853e-55
  2.72000000e-06   0.00000000e+00   0.00000000e+00   2.33320249e-13   3.46905686e-25  -4.58786387e-25  -1.48912423e-54
  2.80000000e-06   0.00000000e+00   0.00000000e+00  -4.84781527e-14  -7.20783855e-26   9.53244163e-26  -6.41848087e-56
  2.88000000e-06   0.00000000e+00   0.00000000e+00   4.55810986e-14   6.77709816e-26  -8.96278298e-26  -5.68625820e-56
  2.96000000e-06   0.00000000e+00   0.00000000e+00  -5.11680589e-13  -7.60777974e-25   1.00613680e-24  -7.16413112e-54
  3.04000000e-06   0.00000000e+00   0.00000000e+00   9.28876705e-14   1.38107435e-25  -1.82648523e-25  -2.36254842e-55
  3.12000000e-06   0.00000000e+00   0.00000000e+00   5.33744026e-14   7.93582378e-26  -1.04952097e-25  -7.79375454e-56
  3.20000000e-06   0.00000000e+00   0.00000000e+00  -3.60158512e-13  -5.35491611e-25   7.08193239e-25  -3.54900305e-54
  3.28000000e-06   0.00000000e+00   0.00000000e+00  -1.49081375e-13  -2.21657474e-25   2.93144320e-25  -6.08601932e-55
  3.36000000e-06   0.00000000e+00   0.00000000e+00   1.18624782e-13   1.76373939e-25  -2.33256374e-25  -3.84977423e-55
  3.44000000e-06   0.00000000e+00   0.00000000e+00   4.29520410e-13   6.38620409e-25  -8.44582149e-25  -5.04792724e-54
  3.52000000e-06   0.00000000e+00   0.00000000e+00  -2.64037729e-14  -3.92577113e-26   5.19187325e-26  -1.90337107e-56
  3.60000000e-06   0.00000000e+00   0.00000000e+00  -3.09792581e-13  -4.60606436e-25   6.09156814e-25  -2.62502641e-54
  3.68000000e-06   0.00000000e+00   0.00000000e+00  -1.16039286e-13  -1.72529767e-25   2.28172416e-25  -3.68573183e-55
  3.76000000e-06   0.00000000e+00   0.00000000e+00   1.04103810e-13   1.54783838e-25  -2.04703240e-25  -2.96549370e-55
  3.84000000e-06   0.00000000e+00   0.00000000e+00   2.45054550e-13   3.64352504e-25  -4.81859985e-25  -1.64453362e-54
  3.92000000e-06   0.00000000e+00   0.00000000e+00   5.89507827e-14   8.76493226e-26  -1.15917143e-25  -9.51361311e-56
  4.00000000e-06   0.00000000e+00   0.00000000e+00  -5.44728491e-13  -8.09914323e-25   1.07112014e-24  -8.11881854e-54
  4.08000000e-06   0.00000000e+00   0.00000000e+00  -1.13829724e-13  -1.69244541e-25   2.23827670e-25  -3.54479815e-55
  4.16000000e-06   0.00000000e+00   0.00000000e+00   8.42946925e-14   1.25331206e-25  -1.65751827e-25  -1.94349165e-55
  4.24000000e-06   0.00000000e+00   0.00000000e+00  -1.14692850e-13  -1.70527857e-25   2.25524869e-25  -3.59682670e-55
  4.32000000e-06   0.00000000e+00   0.00000000e+00   4.79585722e-13   7.13058617e-25  -9.43027456e-25  -6.29273663e-54
  4.40000000e-06   0.00000000e+00   0.00000000e+00  -2.38967172e-13  -3.55301657e-25   4.69890146e-25  -1.56280899e-54
  4.48000000e-06   0.00000000e+00   0.00000000e+00  -2.35907074e-13  -3.50751836e-25   4.63872960e-25  -1.52320264e-54
  4.56000000e-06   0.00000000e+00   0.00000000e+00  -1.84277868e-13  -2.73988395e-25   3.62352509e-25  -9.29455863e-55
  4.64000000e-06   0.00000000e+00   0.00000000e+00   1.42968913e-14   2.12569329e-26  -2.81125154e-26  -5.58180570e-57
  4.72000000e-06   0.00000000e+00   0.00000000e+00   7.47814937e-14   1.11186773e-25  -1.47045666e-25  -1.52943651e-55
  4.80000000e-06   0.00000000e+00   0.00000000e+00  -1.89546914e-13  -2.81822529e-25   3.72713232e-25  -9.82985750e-55
  4.88000000e-06   0.00000000e+00   0.00000000e+00  -2.23151139e-14  -3.31786029e-26   4.38790483e-26  -1.35785302e-56
  4.96000000e-06   0.00000000e+00   0.00000000e+00  -6.47638499e-14  -9.62923189e-26   1.27347596e-25  -1.14723153e-55
  5.04000000e-06   0.00000000e+00   0.00000000e+00   1.90734743e-13   2.83588618e-25  -3.75048904e-25  -9.95420666e-55
  5.12000000e-06   0.00000000e+00   0.00000000e+00   2.99272594e-14   4.44965087e-26  -5.88470967e-26  -2.45198332e-56
  5.20000000e-06   0.00000000e+00   0.00000000e+00  -1.09369666e-13  -1.62613230e-25   2.15057692e-25  -3.27254971e-55
  5.28000000e-06   0.00000000e+00   0.00000000e+00  -4.43403771e-14  -6.59262497e-26   8.71881526e-26  -5.38339240e-56
  5.36000000e-06   0.00000000e+00   0.00000000e+00  -1.01043055e-13  -1.50233041e-25   1.98684763e-25  -2.79126659e-55
  5.44000000e-06   0.00000000e+00   0.00000000e+00  -5.32387497e-13  -7.91565460e-25   1.04685357e-24  -7.75567705e-54
  5.52000000e-06   0.00000000e+00   0.00000000e+00   1.14027370e-14   1.69538406e-26  -2.24216309e-26  -3.55864419e-57
  5.60000000e-06   0.00000000e+00   0.00000000e+00   4.00151928e-15   5.94954704e-27  -7.86833799e-27  -4.39611677e-58
  5.68000000e-06   0.00000000e+00   0.00000000e+00  -1.36394271e-13  -2.02794007e-25   2.68197189e-25  -5.09146837e-55
  5.76000000e-06   0.00000000e+00   0.00000000e+00  -1.03656297e-13  -1.54118466e-25   2.03823278e-25  -2.94084452e-55
  5.84000000e-06   0.00000000e+00   0.00000000e+00   4.70765488e-15   6.99944499e-27  -9.25683898e-27  -6.01417745e-58
  5.92000000e-06   0.00000000e+00   0.00000000e+00   1.08237337e-13   1.60929657e-25  -2.12831150e-25  -3.20618074e-55
  6.00000000e-06   0.00000000e+00   0.00000000e+00  -8.06775143e-14  -1.19953106e-25   1.58639233e-25  -1.78183396e-55
  6.08000000e-06   0.00000000e+00   0.00000000e+00  -8.08319207e-13  -1.20182681e-24   1.58942848e-24  -1.78790457e-53
  6.16000000e-06   0.00000000e+00   0.00000000e+00  -2.25395625e-14  -3.35123181e-26   4.43203900e-26  -1.39183620e-56
  6.24000000e-06   0.00000000e+00   0.00000000e+00   6.29378482e-14   9.35773794e-26  -1.23757060e-25  -1.08450979e-55
  6.32000000e-06   0.00000000e+00   0.00000000e+00  -2.84879161e-14  -4.23564613e-26   5.60168617e-26  -2.21934512e-56
  6.40000000e-06   0.00000000e+00   0.00000000e+00  -3.27114649e-13  -4.86361267e-25   6.43217846e-25  -2.92830784e-54
  6.48000000e-06   0.00000000e+00   0.00000000e+00   2.06890851e-13   3.07609875e-25  -4.06817267e-25  -1.17066840e-54
  6.56000000e-06   0.00000000e+00   0.00000000e+00  -3.29454914e-14  -4.89840824e-26   6.47819597e-26  -2.96820519e-56
  6.64000000e-06   0.00000000e+00   0.00000000e+00   7.43159695e-14   1.10494621e-25  -1.46130288e-25  -1.51223095e-55
  6.72000000e-06   0.00000000e+00   0.00000000e+00  -7.78388616e-13  -1.15732534e-24   1.53057483e-24  -1.65794397e-53
  6.80000000e-06   0.00000000e+00   0.00000000e+00  -7.17916499e-13  -1.06741407e-24   1.41166624e-24  -1.41038174e-53
  6.88000000e-06   0.00000000e+00   0.00000000e+00   8.09996963e-13   1.20432133e-24  -1.59272752e-24  -1.79500991e-53
  6.96000000e-06   0.00000000e+00   0.00000000e+00   1.48941485e-13   2.21449481e-25  -2.92869247e-25  -6.06517872e-55
  7.04000000e-06   0.00000000e+00   0.00000000e+00  -1.97315005e-13  -2.93372297e-25   3.87987921e-25  -1.06511949e-54
  7.12000000e-06   0.00000000e+00   0.00000000e+00  -5.13298229e-13  -7.63183117e-25   1.00931763e-24  -7.20982437e-54
  7.20000000e-06   0.00000000e+00   0.00000000e+00  -3.06113385e-13  -4.55136125e-25   6.01922270e-25  -2.56449918e-54
  7.28000000e-06   0.00000000e+00   0.00000000e+00  -4.20890488e-13  -6.25789251e-25   8.27612809e-25  -4.84787153e-54
  7.36000000e-06   0.00000000e+00   0.00000000e+00  -6.73444977e-13  -1.00129283e-24   1.32422021e-24  -1.24106420e-53
  7.44000000e-06   0.00000000e+00   0.00000000e+00   4.96341956e-14   7.37972156e-26  -9.75975871e-26  -6.72303974e-56
  7.52000000e-06   0.00000000e+00   0.00000000e+00  -2.94720430e-14  -4.38196828e-26   5.79519874e-26  -2.38378265e-56
  7.60000000e-06   0.00000000e+00   0.00000000e+00   2.94907614e-13   4.38475138e-25  -5.79887941e-25  -2.37960313e-54
  7.68000000e-06   0.00000000e+00   0.00000000e+00  -1.63352559e-13  -2.42876184e-25   3.21206286e-25  -7.30296172e-55
  7.76000000e-06   0.00000000e+00   0.00000000e+00  -8.41504160e-13  -1.25116693e-24   1.65468130e-24  -1.93772596e-53
  7.84000000e-06   0.00000000e+00   0.00000000e+00  -1.72266713e-13  -2.56129944e-25   3.38734522e-25  -8.11798521e-55
  7.92000000e-06   0.00000000e+00   0.00000000e+00  -5.26507916e-14  -7.82823569e-26   1.03529233e-25  -7.60593172e-56
  8.00000000e-06   0.00000000e+00   0.00000000e+00   4.76557446e-13   7.08556110e-25  -9.37072843e-25  -6.21386673e-54
  8.08000000e-06   0.00000000e+00   0.00000000e+00  -7.10803831e-14  -1.05683880e-25   1.39768033e-25  -1.38293558e-55
  8.16000000e-06   0.00000000e+00   0.00000000e+00  -3.49444408e-14  -5.19561646e-26   6.87125693e-26  -3.34155358e-56
  8.24000000e-06   0.00000000e+00   0.00000000e+00  -1.58713049e-13  -2.35978058e-25   3.12083442e-25  -6.89445358e-55
  8.32000000e-06   0.00000000e+00   0.00000000e+00  -5.02493494e-13  -7.47118398e-25   9.88071871e-25  -6.90878534e-54
  8.40000000e-06   0.00000000e+00   0.00000000e+00  -4.76068515e-13  -7.07829156e-25   9.36111439e-25  -6.20095704e-54
  8.48000000e-06   0.00000000e+00   0.00000000e+00  -1.91259409e-13  -2.84368703e-25   3.76080574e-25  -1.00127857e-54
  8.56000000e-06   0.00000000e+00   0.00000000e+00  -3.01144230e-13  -4.47747876e-25   5.92151234e-25  -2.48176210e-54
  8.64000000e-06   0.00000000e+00   0.00000000e+00   3.47048364e-13   5.15999154e-25  -6.82414261e-25  -3.29554287e-54
  8.72000000e-06   0.00000000e+00   0.00000000e+00   1.96736103e-14   2.92511573e-26  -3.86849605e-26  -1.05547367e-56
  8.80000000e-06   0.00000000e+00   0.00000000e+00  -6.97299479e-13  -1.03676023e-24   1.37112621e-24  -1.33021068e-53
  8.88000000e-06   0.00000000e+00   0.00000000e+00  -1.79056819e-12  -2.66225623e-24   3.52086162e-24  -8.77338981e-53
  8.96000000e-06   0.00000000e+00   0.00000000e+00  -7.41663076e-13  -1.10272100e-24   1.45836002e-24  -1.50529397e-53
  9.04000000e-06   0.00000000e+00   0.00000000e+00   3.78395721e-13   5.62607095e-25  -7.44053749e-25  -3.91616945e-54
  9.12000000e-06   0.00000000e+00   0.00000000e+00  -2.62393697e-13  -3.90132730e-25   5.15954604e-25  -1.88430076e-54
  9.20000000e-06   0.00000000e+00   0.00000000e+00  -2.17229909e-13  -3.22982215e-25   4.27147347e-25  -1.29123632e-54
  9.28000000e-06   0.00000000e+00   0.00000000e+00  -3.88291193e-13  -5.77319900e-25   7.63511588e-25  -4.12590515e-54
  9.36000000e-06   0.00000000e+00   0.00000000e+00  -1.91067461e-13  -2.84083311e-25   3.75703140e-25  -9.99546608e-55
  9.44000000e-06   0.00000000e+00   0.00000000e+00  -9.25743059e-13  -1.37641518e-24   1.82032342e-24  -2.34518755e-53
  9.52000000e-06   0.00000000e+00   0.00000000e+00  -6.51367502e-13  -9.68467553e-25   1.28080844e-24  -1.16103073e-53
  9.60000000e-06   0.00000000e+00   0.00000000e+00  -2.65685904e-13  -3.95027656e-25   5.22428194e-25  -1.93227727e-54
  9.68000000e-06   0.00000000e+00   0.00000000e+00  -7.76610107e-13  -1.15468102e-24   1.52707768e-24  -1.65053816e-53
  9.76000000e-06   0.00000000e+00   0.00000000e+00  -7.19864522e-13  -1.07031043e-24   1.41549670e-24  -1.41778348e-53
  9.84000000e-06   1.24266317e-15  -1.43965124e-14   8.94091609e-14   1.94012102e-25  -1.70536653e-25  -3.01560233e-26
  9.92000000e-06   8.47977966e-16  -9.82397278e-15  -1.03412324e-12  -1.49587942e-24   2.03703295e-24  -2.05780398e-26
  1.00000000e-05  -3.63417721e-14   3.29896589e-14  -7.13327833e-13  -1.20054876e-24   1.24846495e-24   1.18902556e-25
  1.00800000e-05  -1.72106431e-14  -1.09844636e-14  -2.08176074e-13  -2.62919654e-25   3.36329029e-25   3.98999914e-27
  1.01600000e-05  -1.32520416e-13  -8.45793914e-14  -1.31596991e-12  -1.59778858e-24   2.02542894e-24   3.07226340e-26
  1.02400000e-05  -4.61560401e-13  -6.91986517e-14   1.83179955e-13   5.65928330e-25  -2.31834401e-24   5.50190261e-25
  1.03200000e-05   6.09878497e-14   1.53663485e-14  -3.95417877e-13  -6.53107091e-25   1.03626341e-24  -6.04626492e-26
  1.04000000e-05   0.00000000e+00   0.00000000e+00  -4.71962301e-13  -7.01723948e-25   9.28037237e-25  -6.09841593e-54
  1.04800000e-05   0.00000000e+00   0.00000000e+00  -7.67300170e-13  -1.14083880e-24   1.50877121e-24  -1.61107164e-53
  1.05600000e-05   0.00000000e+00   0.00000000e+00  -9.57504568e-15  -1.42363889e-26   1.88277727e-26  -2.55221718e-57
  1.06400000e-05   0.00000000e+00   0.00000000e+00  -6.12097240e-13  -9.10079662e-25   1.20358984e-24  -1.02521850e-53
  1.07200000e-05   0.00000000e+00   0.00000000e+00   4.08580882e-13   6.07487058e-25  -8.03407968e-25  -4.56629019e-54
  1.08000000e-05   0.00000000e+00   0.00000000e+00  -3.17964633e-13  -4.72756822e-25   6.25225827e-25  -2.76606606e-54
  1.08800000e-05   0.00000000e+00   0.00000000e+00  -8.57049680e-13  -1.27428035e-24   1.68524905e-24  -2.01081951e-53
  1.09600000e-05   0.00000000e+00   0.00000000e+00  -5.49695092e-13  -8.17298775e-25   1.08088615e-24  -8.26960950e-54
  1.10400000e-05   0.00000000e+00   0.00000000e+00  -2.19824477e-13  -3.26839875e-25   4.32249143e-25  -1.32334247e-54
  1.11200000e-05   0.00000000e+00   0.00000000e+00   1.12212941e-14   1.66840673e-26  -2.20648529e-26  -3.41402963e-57
  1.12000000e-05   0.00000000e+00   0.00000000e+00  -1.02954403e-12  -1.53074875e-24   2.02443118e-24  -2.90054056e-53
  1.12800000e-05   0.00000000e+00   0.00000000e+00  -2.97520426e-13  -4.42359924e-25   5.85025612e-25  -2.42328101e-54
  1.13600000e-05   0.00000000e+00   0.00000000e+00  -7.42538940e-13  -1.10402326e-24   1.46008227e-24  -1.50904687e-53
  1.14400000e-05   0.00000000e+00   0.00000000e+00  -8.23877039e-13  -1.22495853e-24   1.62002043e-24  -1.85770582e-53
  1.15200000e-05   0.00000000e+00   0.00000000e+00  -4.02142898e-13  -5.97914921e-25   7.90748717e-25  -4.42711155e-54
  1.16000000e-05   0.00000000e+00   0.00000000e+00  -4.44207277e-13  -6.60457166e-25   8.73461488e-25  -5.40037117e-54
  1.16800000e-05   0.00000000e+00   0.00000000e+00  -2.97725599e-13  -4.42664980e-25   5.85429051e-25  -2.42654428e-54
  1.17600000e-05   0.00000000e+00   0.00000000e+00  -6.16138342e-13  -9.16088063e-25   1.21153601e-24  -1.03927525e-53
  1.18400000e-05   0.00000000e+00   0.00000000e+00  -1.08925601e-12  -1.61952984e-24   2.14184509e-24  -3.24664708e-53
  1.19200000e-05   0.00000000e+00   0.00000000e+00  -6.51879383e-13  -9.69228629e-25   1.28181497e-24  -1.16310087e-53
  1.20000000e-05   0.00000000e+00   0.00000000e+00  -8.69967621e-13  -1.29348703e-24   1.71065008e-24  -2.07130997e-53
  1.20800000e-05   0.00000000e+00   0.00000000e+00  -6.53794951e-13  -9.72076738e-25   1.28558162e-24  -1.16986842e-53
  1.21600000e-05   0.00000000e+00   0.00000000e+00  -4.22621773e-13  -6.28363363e-25   8.31017099e-25  -4.88925782e-54
  1.22400000e-05   0.00000000e+00   0.00000000e+00  -4.27165572e-13  -6.35119184e-25   8.39951743e-25  -4.99398673e-54
  1.23200000e-05   0.00000000e+00   0.00000000e+00  -1.14289210e-12  -1.69927715e-24   2.24731175e-24  -3.57431899e-53
  1.24000000e-05   0.00000000e+00   0.00000000e+00  -3.63598220e-13  -5.40605845e-25   7.14956866e-25  -3.61947485e-54
  1.24800000e-05   0.00000000e+00   0.00000000e+00  -1.75964481e-12  -2.61627868e-24   3.46005583e-24  -8.47338839e-53
  1.25600000e-05   0.00000000e+00   0.00000000e+00  -9.25280160e-13  -1.37572693e-24   1.81941321e-24  -2.34335386e-53
  1.26400000e-05   0.00000000e+00   0.00000000e+00  -7.85451501e-13  -1.16782660e-24   1.54446285e-24  -1.68830142e-53
  1.27200000e-05   0.00000000e+00   0.00000000e+00  -6.72703065e-13  -1.00018974e-24   1.32276136e-24  -1.23883691e-53
  1.28000000e-05   0.00000000e+00   0.00000000e+00   4.19139533e-14   6.23185893e-26  -8.24169840e-26  -4.78758094e-56
  1.28800000e-05   0.00000000e+00   0.00000000e+00  -3.75602118e-13  -5.58453505e-25   7.38560582e-25  -3.86294205e-54
  1.29600000e-05   0.00000000e+00   0.00000000e+00  -9.86312562e-13  -1.46647125e-24   1.93942352e-24  -2.66255862e-53
  1.30400000e-05   0.00000000e+00   0.00000000e+00  -1.02114669e-12  -1.51826340e-24   2.00791917e-24  -2.85368208e-53
  1.31200000e-05   0.00000000e+00   0.00000000e+00  -1.10819259e-12  -1.64768515e-24   2.17908079e-24  -3.36111825e-53
  1.32000000e-05   0.00000000e+00   0.00000000e+00  -1.48919139e-12  -2.21416257e-24   2.92825309e-24  -6.06927076e-53
  1.32800000e-05   0.00000000e+00   0.00000000e+00   3.24059944e-13   4.81819465e-25  -6.37211265e-25  -2.87113605e-54
  1.33600000e-05   0.00000000e+00   0.00000000e+00  -1.10389981e-12  -1.64130257e-24   2.17063976e-24  -3.33481370e-53
  1.34400000e-05   0.00000000e+00   0.00000000e+00  -7.88838829e-13  -1.17286295e-24   1.55112348e-24  -1.70314162e-53
  1.35200000e-05   0.00000000e+00   0.00000000e+00  -7.15737949e-13  -1.06417495e-24   1.40738247e-24  -1.40217424e-53
  1.36000000e-05   0.00000000e+00   0.00000000e+00  -7.98814781e-13  -1.18769542e-24   1.57073957e-24  -1.74660961e-53
  1.36800000e-05   0.00000000e+00   0.00000000e+00  -1.06485538e-12  -1.58325044e-24   2.09386522e-24  -3.10403839e-53
  1.37600000e-05   0.00000000e+00   0.00000000e+00  -1.53673078e-12  -2.28484518e-24   3.02173158e-24  -6.46267536e-53
  1.38400000e-05   0.00000000e+00   0.00000000e+00  -3.39203257e-13  -5.04334877e-25   6.66988132e-25  -3.15127389e-54
  1.39200000e-05   0.00000000e+00   0.00000000e+00  -9.06693575e-13  -1.34809198e-24   1.78286570e-24  -2.24977522e-53
  1.40000000e-05   0.00000000e+00   0.00000000e+00  -1.34702269e-12  -2.00278301e-24   2.64870141e-24  -4.96658009e-53
  1.40800000e-05   0.00000000e+00   0.00000000e+00  -6.56815868e-13  -9.76568305e-25   1.29152176e-24  -1.18100939e-53
  1.41600000e-05   0.00000000e+00   0.00000000e+00  -1.99711017e-12  -2.96934740e-24   3.92699290e-24  -1.09146448e-52
  1.42400000e-05   0.00000000e+00   0.00000000e+00  -1.51877852e-12  -2.25815337e-24   2.98643137e-24  -6.31189584e-53
  1.43200000e-05   0.00000000e+00   0.00000000e+00  -1.41063848e-12  -2.09736837e-24   2.77379154e-24  -5.44662360e-53
  1.44000000e-05   0.00000000e+00   0.00000000e+00  -2.34560673e-12  -3.48749977e-24   4.61225481e-24  -1.50560104e-52
  1.44800000e-05   0.00000000e+00   0.00000000e+00  -5.50188543e-13  -8.18032447e-25   1.08185644e-24  -8.28684499e-54
  1.45600000e-05   0.00000000e+00   0.00000000e+00  -1.32388871e-12  -1.96838690e-24   2.60321219e-24  -4.79658077e-53
  1.46400000e-05   0.00000000e+00   0.00000000e+00  -1.66287056e-12  -2.47239259e-24   3.26976498e-24  -7.56723721e-53
  1.47200000e-05   0.00000000e+00   0.00000000e+00  -1.79951402e-12  -2.67555709e-24   3.53845215e-24  -8.86263426e-53
  1.48000000e-05   0.00000000e+00   0.00000000e+00  -1.60474508e-12  -2.38597034e-24   3.15547065e-24  -7.04797095e-53
  1.48800000e-05   0.00000000e+00   0.00000000e+00  -1.59122994e-12  -2.36587573e-24   3.12889532e-24  -6.92999362e-53
  1.49600000e-05   0.00000000e+00   0.00000000e+00  -1.37199315e-12  -2.03990965e-24   2.69780178e-24  -5.15196887e-53
  1.50400000e-05   0.00000000e+00   0.00000000e+00  -1.66631269e-12  -2.47751042e-24   3.27653336e-24  -7.59907008e-53
  1.51200000e-05   0.00000000e+00   0.00000000e+00  -1.12833730e-12  -1.67763676e-24   2.21869211e-24  -3.48565510e-53
  1.52000000e-05   0.00000000e+00   0.00000000e+00  -1.47807653e-12  -2.19763676e-24   2.90639752e-24  -5.97881463e-53
  1.52800000e-05   0.00000000e+00   0.00000000e+00  -1.56914646e-12  -2.33304154e-24   3.08547175e-24  -6.73851830e-53
  1.53600000e-05   0.00000000e+00   0.00000000e+00  -2.81418232e-12  -4.18418828e-24   5.53363263e-24  -2.16724668e-52
  1.54400000e-05   0.00000000e+00   0.00000000e+00  -1.17574495e-12  -1.74812349e-24   2.31191154e-24  -3.78399283e-53
  1.55200000e-05   0.00000000e+00   0.00000000e+00  -1.02979995e-12  -1.53112925e-24   2.02493440e-24  -2.90337669e-53
  1.56000000e-05   0.00000000e+00   0.00000000e+00  -1.82010484e-12  -2.70617198e-24   3.57894065e-24  -9.06566035e-53
  1.56800000e-05   0.00000000e+00   0.00000000e+00  -1.44296498e-12  -2.14543212e-24   2.83735635e-24  -5.69757858e-53
  1.57600000e-05   0.00000000e+00   0.00000000e+00  -2.41643362e-12  -3.59280675e-24   4.75152438e-24  -1.59793089e-52
  1.58400000e-05   0.00000000e+00   0.00000000e+00  -2.52787855e-12  -3.75850552e-24   4.97066273e-24  -1.74882130e-52
  1.59200000e-05   0.00000000e+00   0.00000000e+00  -1.91474296e-12  -2.84688202e-24   3.76503115e-24  -1.00342827e-52
  1.60000000e-05   0.00000000e+00   0.00000000e+00  -1.70825949e-12  -2.53987785e-24   3.35901494e-24  -7.98680734e-53
  1.60800000e-05   0.00000000e+00   0.00000000e+00  -1.44284205e-12  -2.14524935e-24   2.83711463e-24  -5.69780164e-53
  1.61600000e-05   0.00000000e+00   0.00000000e+00  -2.19132015e-12  -3.25810308e-24   4.30887529e-24  -1.31422597e-52
  1.62400000e-05   0.00000000e+00   0.00000000e+00  -1.33606465e-12  -1.98649037e-24   2.62715422e-24  -4.88623485e-53
  1.63200000e-05   0.00000000e+00   0.00000000e+00  -2.42882802e-12  -3.61123501e-24   4.77589595e-24  -1.61440182e-52
  1.64000000e-05   0.00000000e+00   0.00000000e+00  -1.30472538e-12  -1.93989444e-24   2.56553062e-24  -4.65979947e-53
  1.64800000e-05   0.00000000e+00   0.00000000e+00  -2.24270362e-12  -3.33450116e-24   4.40991254e-24  -1.37663315e-52
  1.65600000e-05   0.00000000e+00   0.00000000e+00  -1.98299081e-12  -2.94835443e-24   3.89922947e-24  -1.07631893e-52
  1.66400000e-05   0.00000000e+00   0.00000000e+00  -1.11395532e-12  -1.65625332e-24   2.19041228e-24  -3.39681768e-53
  1.67200000e-05   0.00000000e+00   0.00000000e+00  -9.52333810e-13  -1.41595089e-24   1.87260982e-24  -2.48240917e-53
  1.68000000e-05   0.00000000e+00   0.00000000e+00  -2.39997854e-12  -3.56834097e-24   4.71916814e-24  -1.57636288e-52
  1.68800000e-05   0.00000000e+00   0.00000000e+00  -2.49487909e-12  -3.70944121e-24   4.90577467e-24  -1.70357275e-52
  1.69600000e-05   0.00000000e+00   0.00000000e+00  -3.02244947e-12  -4.49384447e-24   5.94315616e-24  -2.50016574e-52
  1.70400000e-05   0.00000000e+00   0.00000000e+00  -2.31914550e-12  -3.44815662e-24   4.56022308e-24  -1.47217352e-52
  1.71200000e-05   0.00000000e+00   0.00000000e+00  -1.22941859e-12  -1.82792665e-24   2.41745205e-24  -4.13759309e-53
  1.72000000e-05   0.00000000e+00   0.00000000e+00  -2.10158743e-12  -3.12468650e-24   4.13243047e-24  -1.20886103e-52
  1.72800000e-05   0.00000000e+00   0.00000000e+00  -3.15634816e-12  -4.69292798e-24   6.20644618e-24  -2.72638997e-52
  1.73600000e-05   0.00000000e+00   0.00000000e+00  -2.86295426e-12  -4.25670348e-24   5.62953472e-24  -2.24322453e-52
  1.74400000e-05   0.00000000e+00   0.00000000e+00  -2.65061773e-12  -3.94099684e-24   5.21200940e-24  -1.92309413e-52
  1.75200000e-05   0.00000000e+00   0.00000000e+00  -1.32364359e-12  -1.96802246e-24   2.60273022e-24  -4.79626265e-53
  1.76000000e-05   0.00000000e+00   0.00000000e+00  -1.31439652e-12  -1.95427370e-24   2.58454734e-24  -4.72817066e-53
  1.76800000e-05   0.00000000e+00   0.00000000e+00  -2.79956312e-12  -4.16245213e-24   5.50488633e-24  -2.14467806e-52
  1.77600000e-05   0.00000000e+00   0.00000000e+00  -3.15256814e-12  -4.68730777e-24   6.19901339e-24  -2.72004507e-52
  1.78400000e-05   0.00000000e+00   0.00000000e+00  -3.98666352e-12  -5.92745916e-24   7.83912653e-24  -4.34958258e-52
  1.79200000e-05   0.00000000e+00   0.00000000e+00  -1.48554728e-12  -2.20874442e-24   2.92108752e-24  -6.04169449e-53
  1.80000000e-05   0.00000000e+00   0.00000000e+00  -4.63407191e-12  -6.89004022e-24   9.11215001e-24  -5.87679649e-52
  1.80800000e-05   0.00000000e+00   0.00000000e+00  -3.37924142e-12  -5.02433060e-24   6.64472960e-24  -3.12509179e-52
  1.81600000e-05   0.00000000e+00   0.00000000e+00  -2.19222383e-12  -3.25944670e-24   4.31065224e-24  -1.31539562e-52
  1.82400000e-05   0.00000000e+00   0.00000000e+00  -2.93755737e-12  -4.36762502e-24   5.77622962e-24  -2.36196368e-52
  1.83200000e-05   0.00000000e+00   0.00000000e+00  -3.50555799e-12  -5.21214086e-24   6.89311062e-24  -3.36286885e-52
  1.84000000e-05   0.00000000e+00   0.00000000e+00  -5.32564801e-12  -7.91829081e-24   1.04720221e-23  -7.76175277e-52
  1.84800000e-05   0.00000000e+00   0.00000000e+00  -4.01098605e-12  -5.96362243e-24   7.88695283e-24  -4.40296447e-52
  1.85600000e-05   0.00000000e+00   0.00000000e+00  -2.52230385e-12  -3.75021694e-24   4.95970100e-24  -1.74139917e-52
  1.86400000e-05   0.00000000e+00   0.00000000e+00  -3.80159513e-12  -5.65229540e-24   7.47521959e-24  -3.95525148e-52
  1.87200000e-05   0.00000000e+00   0.00000000e+00  -3.66182536e-12  -5.44448263e-24   7.20038504e-24  -3.66981067e-52
  1.88000000e-05   0.00000000e+00   0.00000000e+00  -3.78291743e-12  -5.62452499e-24   7.43849294e-24  -3.91653708e-52
  1.88800000e-05   0.00000000e+00   0.00000000e+00  -3.62113108e-12  -5.38397748e-24   7.12036634e-24  -3.58875313e-52
  1.89600000e-05   0.00000000e+00   0.00000000e+00  -2.11048261e-12  -3.13791204e-24   4.14992139e-24  -1.21917809e-52
  1.90400000e-05   0.00000000e+00   0.00000000e+00  -3.98814507e-12  -5.92966196e-24   7.84203976e-24  -4.35302427e-52
  1.91200000e-05   0.00000000e+00   0.00000000e+00  -3.78580591e-12  -5.62881964e-24   7.44417265e-24  -3.92262853e-52
  1.92000000e-05   0.00000000e+00   0.00000000e+00  -4.43456008e-12  -6.59340163e-24   8.71984239e-24  -5.38199135e-52
  1.92800000e-05   0.00000000e+00   0.00000000e+00  -3.65176353e-12  -5.42952248e-24   7.18060008e-24  -3.64938660e-52
  1.93600000e-05   0.00000000e+00   0.00000000e+00  -3.78828166e-12  -5.63250064e-24   7.44904081e-24  -3.92766357e-52
  1.94400000e-05   0.00000000e+00   0.00000000e+00  -5.20661008e-12  -7.74130259e-24   1.02379534e-23  -7.41883755e-52
  1.95200000e-05   0.00000000e+00   0.00000000e+00  -4.06645343e-12  -6.04609257e-24   7.99602045e-24  -4.52568254e-52
  1.96000000e-05   0.00000000e+00   0.00000000e+00  -4.07183489e-12  -6.05409384e-24   8.00660221e-24  -4.53792124e-52
  1.96800000e-05   0.00000000e+00   0.00000000e+00  -3.14767342e-12  -4.68003020e-24   6.18938872e-24  -2.71183464e-52
  1.97600000e-05   0.00000000e+00   0.00000000e+00  -3.85024270e-12  -5.72462569e-24   7.57087715e-24  -4.05737923e-52
  1.98400000e-05   0.00000000e+00   0.00000000e+00  -4.39146343e-12  -6.52932459e-24   8.63509984e-24  -5.27807990e-52
  1.99200000e-05   0.00000000e+00   0.00000000e+00  -4.47858928e-12  -6.65886523e-24   8.80641868e-24  -5.48942149e-52
  2.00000000e-05   0.00000000e+00   0.00000000e+00  -4.88699630e-12  -7.26609379e-24   9.60948477e-24  -6.53632585e-52
  2.00800000e-05   0.00000000e+00   0.00000000e+00  -4.99141741e-12  -7.42134939e-24   9.81481193e-24  -6.81863591e-52
  2.01600000e-05   0.00000000e+00   0.00000000e+00  -4.73936878e-12  -7.04659793e-24   9.31919922e-24  -6.14758582e-52
  2.02400000e-05   0.00000000e+00   0.00000000e+00  -4.48685865e-12  -6.67116031e-24   8.82267904e-24  -5.50987483e-52
  2.03200000e-05   0.00000000e+00   0.00000000e+00  -4.06190342e-12  -6.03932751e-24   7.98707359e-24  -4.51569618e-52
  2.04000000e-05   0.00000000e+00   0.00000000e+00  -5.55445830e-12  -8.25849098e-24   1.09219404e-23  -8.44376822e-52
  2.04800000e-05   0.00000000e+00   0.00000000e+00  -5.21964360e-12  -7.76068111e-24   1.02635817e-23  -7.45668434e-52
  2.05600000e-05   0.00000000e+00   0.00000000e+00  -5.07771290e-12  -7.54965542e-24   9.98449799e-24  -7.05650550e-52
  2.06400000e-05   0.00000000e+00   0.00000000e+00  -4.81957226e-12  -7.16584623e-24   9.47690633e-24  -6.35744339e-52
  2.07200000e-05   0.00000000e+00   0.00000000e+00  -6.00130206e-12  -8.92286814e-24   1.18005861e-23  -9.85647659e-52
  2.08000000e-05   0.00000000e+00   0.00000000e+00  -5.72075468e-12  -8.50574412e-24   1.12489353e-23  -8.95716791e-52
  2.08800000e-05   0.00000000e+00   0.00000000e+00  -5.72248509e-12  -8.50831692e-24   1.12523378e-23  -8.96232123e-52
  2.09600000e-05   0.00000000e+00   0.00000000e+00  -5.21664632e-12  -7.75622469e-24   1.02576880e-23  -7.44822827e-52
  2.10400000e-05   0.00000000e+00   0.00000000e+00  -5.55889594e-12  -8.26508897e-24   1.09306663e-23  -8.45719314e-52
  2.11200000e-05   0.00000000e+00   0.00000000e+00  -5.62269953e-12  -8.35995356e-24   1.10561257e-23  -8.65250967e-52
  2.12000000e-05   0.00000000e+00   0.00000000e+00  -6.72724412e-12  -1.00022148e-23   1.32280333e-23  -1.23857108e-51
  2.12800000e-05   0.00000000e+00   0.00000000e+00  -5.93639868e-12  -8.82636837e-24   1.16729642e-23  -9.64515904e-52
  2.13600000e-05   0.00000000e+00   0.00000000e+00  -6.08484791e-12  -9.04708596e-24   1.19648655e-23  -1.01334533e-51
  2.14400000e-05   0.00000000e+00   0.00000000e+00  -5.27299199e-12  -7.84000069e-24   1.03684826e-23  -7.61002836e-52
  2.15200000e-05   0.00000000e+00   0.00000000e+00  -7.27426532e-12  -1.08155380e-23   1.43036617e-23  -1.44815487e-51
  2.16000000e-05   0.00000000e+00   0.00000000e+00  -8.10929069e-12  -1.20570721e-23   1.59456035e-23  -1.79970507e-51
  2.16800000e-05   0.00000000e+00   0.00000000e+00  -6.56651196e-12  -9.76323467e-24   1.29119796e-23  -1.18017043e-51
  2.17600000e-05   0.00000000e+00   0.00000000e+00  -5.92156271e-12  -8.80430992e-24   1.16437916e-23  -9.59673457e-52
  2.18400000e-05   0.00000000e+00   0.00000000e+00  -6.50475985e-12  -9.67142028e-24   1.27905541e-23  -1.15797758e-51
  2.19200000e-05   0.00000000e+00   0.00000000e+00  -7.68508048e-12  -1.14263470e-23   1.51114630e-23  -1.61633110e-51
  2.20000000e-05   0.00000000e+00   0.00000000e+00  -8.84571980e-12  -1.31520111e-23   1.73936718e-23  -2.14144921e-51
  2.20800000e-05   0.00000000e+00   0.00000000e+00  -7.86347703e-12  -1.16915909e-23   1.54622508e-23  -1.69242306e-51
  2.21600000e-05   0.00000000e+00   0.00000000e+00  -6.86069377e-12  -1.02006307e-23   1.34904404e-23  -1.28819044e-51
  2.22400000e-05   0.00000000e+00   0.00000000e+00  -7.36559947e-12  -1.09513356e-23   1.44832555e-23  -1.48477535e-51
  2.23200000e-05   0.00000000e+00   0.00000000e+00  -6.16485307e-12  -9.16603938e-24   1.21221826e-23  -1.04020169e-51
  2.24000000e-05   0.00000000e+00   0.00000000e+00  -7.99935000e-12  -1.18936098e-23   1.57294230e-23  -1.75130665e-51
  2.24800000e-05   0.00000000e+00   0.00000000e+00  -8.95633322e-12  -1.33164736e-23   1.76111751e-23  -2.19532002e-51
  2.25600000e-05   0.00000000e+00   0.00000000e+00  -8.18079384e-12  -1.21633845e-23   1.60862028e-23  -1.83166943e-51
  2.26400000e-05   0.00000000e+00   0.00000000e+00  -7.92433220e-12  -1.17820717e-23   1.55819127e-23  -1.71870824e-51
  2.27200000e-05   0.00000000e+00   0.00000000e+00  -8.25853047e-12  -1.22789651e-23   1.62390593e-23  -1.86661156e-51
  2.28000000e-05   0.00000000e+00   0.00000000e+00  -7.65636291e-12  -1.13836491e-23   1.50549946e-23  -1.60438267e-51
  2.28800000e-05   0.00000000e+00   0.00000000e+00  -9.16506426e-12  -1.36268195e-23   1.80216108e-23  -2.29882275e-51
  2.29600000e-05   0.00000000e+00   0.00000000e+00  -8.88236846e-12  -1.32065012e-23   1.74657354e-23  -2.15932302e-51
  2.30400000e-05   0.00000000e+00   0.00000000e+00  -9.45628299e-12  -1.40598099e-23   1.85942451e-23  -2.44728842e-51
  2.31200000e-05   0.00000000e+00   0.00000000e+00  -9.12086648e-12  -1.35611053e-23   1.79347030e-23  -2.27678064e-51
  2.32000000e-05   0.00000000e+00   0.00000000e+00  -8.88804875e-12  -1.32149467e-23   1.74769048e-23  -2.16206094e-51
  2.32800000e-05   0.00000000e+00   0.00000000e+00  -8.96059628e-12  -1.33228120e-23   1.76195577e-23  -2.19748914e-51
  2.33600000e-05   0.00000000e+00   0.00000000e+00  -1.07588420e-11  -1.59964834e-23   2.11555160e-23  -3.16787071e-51
  2.34400000e-05   0.00000000e+00   0.00000000e+00  -1.16748871e-11  -1.73584793e-23   2.29567698e-23  -3.73034525e-51
  2.35200000e-05   0.00000000e+00   0.00000000e+00  -9.87066071e-12  -1.46759159e-23   1.94090517e-23  -2.66645982e-51
  2.36000000e-05   0.00000000e+00   0.00000000e+00  -9.09647822e-12  -1.35248443e-23   1.78867475e-23  -2.26466298e-51
  2.36800000e-05   0.00000000e+00   0.00000000e+00  -1.08177632e-11  -1.60840888e-23   2.12713750e-23  -3.20271551e-51
  2.37600000e-05   0.00000000e+00   0.00000000e+00  -1.07642188e-11  -1.60044778e-23   2.11660886e-23  -3.17104888e-51
  2.38400000e-05   0.00000000e+00   0.00000000e+00  -1.03167359e-11  -1.53391502e-23   2.02861860e-23  -2.91300795e-51
  2.39200000e-05   0.00000000e+00   0.00000000e+00  -1.26794261e-11  -1.88520502e-23   2.49320328e-23  -4.39986373e-51
  2.40000000e-05   0.00000000e+00   0.00000000e+00  -8.72162137e-12  -1.29674988e-23   1.71496524e-23  -2.08195543e-51
  2.40800000e-05   0.00000000e+00   0.00000000e+00  -1.09962739e-11  -1.63495023e-23   2.16223872e-23  -3.30937098e-51
  2.41600000e-05   0.00000000e+00   0.00000000e+00  -1.15594357e-11  -1.71868237e-23   2.27297534e-23  -3.65688215e-51
  2.42400000e-05   0.00000000e+00   0.00000000e+00  -1.03103421e-11  -1.53296439e-23   2.02736138e-23  -2.90944054e-51
  2.43200000e-05   0.00000000e+00   0.00000000e+00  -1.13271529e-11  -1.68414606e-23   2.22730072e-23  -3.51153568e-51
  2.44000000e-05   0.00000000e+00   0.00000000e+00  -1.23937540e-11  -1.84273066e-23   2.43703050e-23  -4.20385582e-51
  2.44800000e-05   0.00000000e+00   0.00000000e+00  -1.24098047e-11  -1.84511712e-23   2.44018661e-23  -4.21483907e-51
  2.45600000e-05   0.00000000e+00   0.00000000e+00  -1.34267265e-11  -1.99631529e-23   2.64014777e-23  -4.93381792e-51
  2.46400000e-05   0.00000000e+00   0.00000000e+00  -1.28597132e-11  -1.91201050e-23   2.52865381e-23  -4.52592571e-51
  2.47200000e-05   0.00000000e+00   0.00000000e+00  -1.29453238e-11  -1.92473927e-23   2.54548774e-23  -4.58647232e-51
  2.48000000e-05   0.00000000e+00   0.00000000e+00  -1.30170158e-11  -1.93539859e-23   2.55958480e-23  -4.63725117e-51
  2.48800000e-05   0.00000000e+00   0.00000000e+00  -1.29366582e-11  -1.92345085e-23   2.54378378e-23  -4.58033798e-51
  2.49600000e-05   0.00000000e+00   0.00000000e+00  -1.46232348e-11  -2.17421477e-23   2.87542169e-23  -5.85229382e-51
  2.50400000e-05   0.00000000e+00   0.00000000e+00  -1.45502843e-11  -2.16336834e-23   2.86107716e-23  -5.79423286e-51
  2.51200000e-05   0.00000000e+00   0.00000000e+00  -1.64157214e-11  -2.44072563e-23   3.22788508e-23  -7.37497930e-51
  2.52000000e-05   0.00000000e+00   0.00000000e+00  -1.43309387e-11  -2.13075555e-23   2.81794641e-23  -5.62086440e-51
  2.52800000e-05   0.00000000e+00   0.00000000e+00  -1.45793065e-11  -2.16768343e-23   2.86678391e-23  -5.81736414e-51
  2.53600000e-05   0.00000000e+00   0.00000000e+00  -1.48325999e-11  -2.20534364e-23   2.91658994e-23  -6.02121861e-51
  2.54400000e-05   0.00000000e+00   0.00000000e+00  -1.56315459e-11  -2.32413270e-23   3.07368970e-23  -6.68732354e-51
  2.55200000e-05   0.00000000e+00   0.00000000e+00  -1.53792416e-11  -2.28661954e-23   3.02407816e-23  -6.47330578e-51
  2.56000000e-05   0.00000000e+00   0.00000000e+00  -1.56503726e-11  -2.32693189e-23   3.07739167e-23  -6.70344179e-51
  2.56800000e-05   0.00000000e+00   0.00000000e+00  -1.58741446e-11  -2.36020280e-23   3.12139279e-23  -6.89648317e-51
  2.57600000e-05   0.00000000e+00   0.00000000e+00  -1.63598634e-11  -2.43242054e-23   3.21690150e-23  -7.32500666e-51
  2.58400000e-05   0.00000000e+00   0.00000000e+00  -1.78606775e-11  -2.65556490e-23   3.51201224e-23  -8.73052408e-51
  2.59200000e-05   0.00000000e+00   0.00000000e+00  -1.58489429e-11  -2.35645576e-23   3.11643729e-23  -6.87474259e-51
  2.60000000e-05   0.00000000e+00   0.00000000e+00  -1.73656418e-11  -2.58196190e-23   3.41467151e-23  -8.25334394e-51
  2.60800000e-05   0.00000000e+00   0.00000000e+00  -1.77443489e-11  -2.63826890e-23   3.48913811e-23  -8.61736985e-51
  2.61600000e-05   0.00000000e+00   0.00000000e+00  -1.73188391e-11  -2.57500317e-23   3.40546852e-23  -8.20903708e-51
  2.62400000e-05   0.00000000e+00   0.00000000e+00  -1.86946847e-11  -2.77956693e-23   3.67600622e-23  -9.56500225e-51
  2.63200000e-05   0.00000000e+00   0.00000000e+00  -1.82807577e-11  -2.71802335e-23   3.59461419e-23  -9.14602782e-51
  2.64000000e-05   0.00000000e+00   0.00000000e+00  -1.83095417e-11  -2.72230302e-23   3.60027410e-23  -9.17503203e-51
  2.64800000e-05   0.00000000e+00   0.00000000e+00  -1.98444318e-11  -2.95051386e-23   3.90208532e-23  -1.07776007e-50
  2.65600000e-05   0.00000000e+00   0.00000000e+00  -1.93953514e-11  -2.88374359e-23   3.81378093e-23  -1.02954730e-50
  2.66400000e-05   0.00000000e+00   0.00000000e+00  -2.02563313e-11  -3.01175599e-23   3.98307866e-23  -1.12297519e-50
  2.67200000e-05   0.00000000e+00   0.00000000e+00  -2.03015462e-11  -3.01847864e-23   3.99196944e-23  -1.12799945e-50
  2.68000000e-05   0.00000000e+00   0.00000000e+00  -1.96782360e-11  -2.92580349e-23   3.86940559e-23  -1.05981058e-50
  2.68800000e-05   0.00000000e+00   0.00000000e+00  -2.05541487e-11  -3.05603613e-23   4.04163961e-23  -1.15624447e-50
  2.69600000e-05   0.00000000e+00   0.00000000e+00  -2.09133928e-11  -3.10944934e-23   4.11227914e-23  -1.19699987e-50
  2.70400000e-05   0.00000000e+00   0.00000000e+00  -2.22384290e-11  -3.30645864e-23   4.37282598e-23  -1.35348589e-50
  2.71200000e-05   0.00000000e+00   0.00000000e+00  -2.20058522e-11  -3.27187861e-23   4.32709354e-23  -1.32533894e-50
  2.72000000e-05   0.00000000e+00   0.00000000e+00  -2.17640011e-11  -3.23591966e-23   4.27953744e-23  -1.29637576e-50
  2.72800000e-05   0.00000000e+00   0.00000000e+00  -2.21225853e-11  -3.28923475e-23   4.35004721e-23  -1.33943714e-50
  2.73600000e-05   0.00000000e+00   0.00000000e+00  -2.28495289e-11  -3.39731833e-23   4.49298887e-23  -1.42890249e-50
  2.74400000e-05   0.00000000e+00   0.00000000e+00  -2.34520587e-11  -3.48690378e-23   4.61146656e-23  -1.50525535e-50
  2.75200000e-05   0.00000000e+00   0.00000000e+00  -2.25964416e-11  -3.35968874e-23   4.44322334e-23  -1.39744461e-50
  2.76000000e-05   0.00000000e+00   0.00000000e+00  -2.46794461e-11  -3.66939445e-23   4.85281237e-23  -1.66693468e-50
  2.76800000e-05   0.00000000e+00   0.00000000e+00  -2.42326852e-11  -3.60296905e-23   4.76496409e-23  -1.60715506e-50
  2.77600000e-05   0.00000000e+00   0.00000000e+00  -2.48639022e-11  -3.69681979e-23   4.88908267e-23  -1.69194237e-50
  2.78400000e-05   0.00000000e+00   0.00000000e+00  -2.60104229e-11  -3.86728701e-23   5.11452734e-23  -1.85157810e-50
  2.79200000e-05   0.00000000e+00   0.00000000e+00  -2.63669458e-11  -3.92029562e-23   5.18463177e-23  -1.90269093e-50
  2.80000000e-05   0.00000000e+00   0.00000000e+00  -2.61576328e-11  -3.88917450e-23   5.14347377e-23  -1.87260480e-50
  2.80800000e-05   0.00000000e+00   0.00000000e+00  -2.59787812e-11  -3.86258245e-23   5.10830551e-23  -1.84709865e-50
  2.81600000e-05   0.00000000e+00   0.00000000e+00  -2.70602914e-11  -4.02338377e-23   5.32096693e-23  -2.00407645e-50
  2.82400000e-05   0.00000000e+00   0.00000000e+00  -2.78154055e-11  -4.13565580e-23   5.46944786e-23  -2.11749503e-50
  2.83200000e-05   0.00000000e+00   0.00000000e+00  -2.79136119e-11  -4.15025735e-23   5.48875856e-23  -2.13247370e-50
  2.84000000e-05   0.00000000e+00   0.00000000e+00  -2.86875806e-11  -4.26533273e-23   5.64094694e-23  -2.25235686e-50
  2.84800000e-05   0.00000000e+00   0.00000000e+00  -2.84286685e-11  -4.22683711e-23   5.59003607e-23  -2.21189987e-50
  2.85600000e-05   0.00000000e+00   0.00000000e+00  -2.98025783e-11  -4.43111304e-23   5.86019312e-23  -2.43085105e-50
  2.86400000e-05   0.00000000e+00   0.00000000e+00  -3.02316137e-11  -4.49490297e-23   5.94455597e-23  -2.50133154e-50
  2.87200000e-05   0.00000000e+00   0.00000000e+00  -3.11760806e-11  -4.63532839e-23   6.13027005e-23  -2.66006185e-50
  2.88000000e-05   0.00000000e+00   0.00000000e+00  -2.96011849e-11  -4.40116943e-23   5.82059238e-23  -2.39812813e-50
  2.88800000e-05   0.00000000e+00   0.00000000e+00  -3.06131982e-11  -4.55163779e-23   6.01958836e-23  -2.56489687e-50
  2.89600000e-05   0.00000000e+00   0.00000000e+00  -3.21501847e-11  -4.78016034e-23   6.32181180e-23  -2.82887520e-50
  2.90400000e-05   0.00000000e+00   0.00000000e+00  -3.28224225e-11  -4.88011014e-23   6.45399645e-23  -2.94840982e-50
  2.91200000e-05   0.00000000e+00   0.00000000e+00  -3.25046698e-11  -4.83286597e-23   6.39151555e-23  -2.89163422e-50
  2.92000000e-05   0.00000000e+00   0.00000000e+00  -3.25511810e-11  -4.83978135e-23   6.40066120e-23  -2.89991546e-50
  2.92800000e-05   0.00000000e+00   0.00000000e+00  -3.34476248e-11  -4.97306659e-23   6.57693232e-23  -3.06183575e-50
  2.93600000e-05   0.00000000e+00   0.00000000e+00  -3.49018075e-11  -5.18927582e-23   6.86287383e-23  -3.33385411e-50
  2.94400000e-05  -4.22608349e-06  -1.49812241e-07  -3.46457452e-11   6.35521331e-19  -1.79289334e-17   5.98878624e-18
  2.95200000e-05  -9.56299460e-06  -2.98345739e-07  -2.79389014e-11   1.26568404e-18  -4.05707504e-17   1.36312015e-17
  2.96000000e-05  -1.81447084e-05  -5.91298156e-07  -2.17524224e-12   2.50860847e-18  -7.69798196e-17   2.58102736e-17
  2.96800000e-05  -3.16299665e-06  -6.31566296e-08  -7.80247113e-12   2.67936042e-19  -1.34192803e-17   4.57738394e-18
  2.97600000e-05   0.00000000e+00   0.00000000e+00   0.00000000e+00   0.00000000e+00   0.00000000e+00   0.00000000e+00
