       time             b_x              b_y              b_z              F_x              F_y              F_z
  0.00000000e+00   9.36565790e-07   3.40846202e-07  -4.64076210e-07  -2.53136135e-18   4.13477067e-18  -2.07178377e-18
  8.00000000e-08  -1.60282783e-07  -5.94694972e-08  -1.78479103e-06  -3.76616142e-18  -4.86591259e-19   3.54432627e-19
  1.60000000e-07   1.57134461e-07   5.84540913e-08  -9.19387294e-07  -2.32810395e-18   7.93480373e-19  -3.47452252e-19
  2.40000000e-07   9.22357693e-15   5.58415622e-15  -2.09835862e-06  -4.73238865e-18   2.48727461e-19  -2.01398452e-26
  3.20000000e-07   0.00000000e+00   0.00000000e+00  -2.96287758e-06  -6.68212354e-18   3.51171992e-19  -2.06998575e-40
  4.00000000e-07   0.00000000e+00   0.00000000e+00  -9.01691873e-07  -2.03357033e-18   1.06849853e-19  -1.91889580e-41
  4.80000000e-07   0.00000000e+00   0.00000000e+00  -3.97149484e-06  -8.95684926e-18   4.70532628e-19  -3.71937933e-40
  5.60000000e-07   0.00000000e+00   0.00000000e+00   2.96599591e-07   6.68916542e-19  -3.51366967e-20  -2.07033315e-42
  6.40000000e-07   0.00000000e+00   0.00000000e+00  -1.04374136e-06  -2.35393500e-18   1.23627609e-19  -2.57086893e-41
  7.20000000e-07   0.00000000e+00   0.00000000e+00  -3.54584334e-06  -7.99689188e-18   4.19956334e-19  -2.96478592e-40
  8.00000000e-07   0.00000000e+00   0.00000000e+00  -2.10306446e-06  -4.74301427e-18   2.49044219e-19  -1.04281577e-40
  8.80000000e-07   0.00000000e+00   0.00000000e+00  -4.56099816e-06  -1.02863670e-17   5.39989675e-19  -4.90558275e-40
  9.60000000e-07   0.00000000e+00   0.00000000e+00  -3.11709721e-06  -7.02995543e-18   3.69009308e-19  -2.29110074e-40
  1.04000000e-06   0.00000000e+00   0.00000000e+00   2.15956910e-08   4.87045407e-20  -2.55628722e-21  -1.06758122e-44
  1.12000000e-06   0.00000000e+00   0.00000000e+00  -1.32978049e-06  -2.99904122e-18   1.57389243e-19  -4.17252252e-41
  1.20000000e-06   0.00000000e+00   0.00000000e+00  -2.68574675e-06  -6.05714029e-18   3.17851959e-19  -1.70082477e-40
  1.28000000e-06   0.00000000e+00   0.00000000e+00  -1.19332665e-07  -2.69130030e-19   1.41198335e-20  -3.37659618e-43
  1.36000000e-06   0.00000000e+00   0.00000000e+00  -3.70621224e-06  -8.35859481e-18   4.38470420e-19  -3.23904773e-40
  1.44000000e-06   0.00000000e+00   0.00000000e+00   1.09748131e-06   2.47514208e-18  -1.29837920e-19  -2.83902429e-41
  1.52000000e-06   0.00000000e+00   0.00000000e+00  -2.58015708e-07  -5.81901198e-19   3.05220429e-20  -1.57400420e-42
  1.60000000e-06   0.00000000e+00   0.00000000e+00  -3.27398164e-06  -7.38379212e-18   3.87258755e-19  -2.52754838e-40
  1.68000000e-06   0.00000000e+00   0.00000000e+00  -1.81229510e-06  -4.08726070e-18   2.14328578e-19  -7.74351350e-41
  1.76000000e-06   0.00000000e+00   0.00000000e+00  -4.00811699e-07  -9.03949154e-19   4.73939403e-20  -3.79498388e-42
  1.84000000e-06   0.00000000e+00   0.00000000e+00  -2.83951412e-06  -6.40394483e-18   3.35775837e-19  -1.90117560e-40
  1.92000000e-06   0.00000000e+00   0.00000000e+00   8.24140251e-07   1.85868047e-18  -9.74506706e-20  -1.60062720e-41
  2.00000000e-06   0.00000000e+00   0.00000000e+00  -3.86763293e-06  -8.72266182e-18   4.57261838e-19  -3.52736008e-40
  2.08000000e-06   0.00000000e+00   0.00000000e+00  -2.40023316e-06  -5.41324165e-18   2.83727331e-19  -1.35838562e-40
  2.16000000e-06   0.00000000e+00   0.00000000e+00   6.83178771e-07   1.54077238e-18  -8.07480260e-20  -1.09972786e-41
  2.24000000e-06   0.00000000e+00   0.00000000e+00  -6.86657853e-07  -1.54861846e-18   8.11646018e-20  -1.11306779e-41
  2.32000000e-06   0.00000000e+00   0.00000000e+00  -1.96028510e-06  -4.42102780e-18   2.31717360e-19  -9.06001628e-41
  2.40000000e-06   0.00000000e+00   0.00000000e+00  -4.46656484e-06  -1.00734425e-17   5.27859062e-19  -4.70452397e-40
  2.48000000e-06   0.00000000e+00   0.00000000e+00  -2.99350897e-06  -6.75126255e-18   3.53723687e-19  -2.11299920e-40
  2.56000000e-06   0.00000000e+00   0.00000000e+00   1.77732265e-06   4.00839725e-18  -2.10006528e-19  -7.44736200e-41
  2.64000000e-06   0.00000000e+00   0.00000000e+00   4.03526380e-07   9.10073296e-19  -4.76818617e-20  -3.83415105e-42
  2.72000000e-06   0.00000000e+00   0.00000000e+00  -2.55270332e-06  -5.75711294e-18   3.01643483e-19  -1.53646584e-40
  2.80000000e-06   0.00000000e+00   0.00000000e+00  -1.06829966e-06  -2.40933775e-18   1.26217268e-19  -2.69004152e-41
  2.88000000e-06   0.00000000e+00   0.00000000e+00  -3.59197644e-06  -8.10099307e-18   4.24316821e-19  -3.04242581e-40
  2.96000000e-06   0.00000000e+00   0.00000000e+00   2.88141228e-06   6.49845476e-18  -3.40402727e-19  -1.95767841e-40
  3.04000000e-06   0.00000000e+00   0.00000000e+00   1.50367688e-06   3.39124558e-18  -1.77637447e-19  -5.33026306e-41
  3.12000000e-06   0.00000000e+00   0.00000000e+00  -3.15029589e-06  -7.10486896e-18   3.72158916e-19  -2.34015616e-40
  3.20000000e-06   0.00000000e+00   0.00000000e+00  -1.66045315e-06  -3.74482419e-18   1.96143497e-19  -6.50005153e-41
  3.28000000e-06   0.00000000e+00   0.00000000e+00   1.36201715e-06   3.07176213e-18  -1.60863601e-19  -4.37305103e-41
  3.36000000e-06   0.00000000e+00   0.00000000e+00  -2.70462810e-06  -6.09975667e-18   3.19448742e-19  -1.72481468e-40
  3.44000000e-06   0.00000000e+00   0.00000000e+00   2.61358098e-06   5.89441671e-18  -3.08715822e-19  -1.61061450e-40
  3.52000000e-06   0.00000000e+00   0.00000000e+00   1.22569771e-06   2.76432003e-18  -1.44770538e-19  -3.54129213e-41
  3.60000000e-06   0.00000000e+00   0.00000000e+00  -5.08149135e-08  -1.14603046e-19   6.00176438e-21  -6.10946783e-44
  3.68000000e-06   0.00000000e+00   0.00000000e+00  -5.79367144e-07  -1.30664869e-18   6.84290867e-20  -7.91438073e-42
  3.76000000e-06   0.00000000e+00   0.00000000e+00  -2.10837077e-07  -4.75501595e-19   2.49016145e-20  -1.04759276e-42
  3.84000000e-06   0.00000000e+00   0.00000000e+00  -8.53110992e-07  -1.92402439e-18   1.00755861e-19  -1.71616348e-41
  3.92000000e-06   0.00000000e+00   0.00000000e+00  -4.84369915e-07  -1.09240130e-18   5.72053851e-20  -5.53145466e-42
  4.00000000e-06   0.00000000e+00   0.00000000e+00   1.82922327e-07   4.12545430e-19  -2.16033270e-20  -7.88449881e-43
  4.08000000e-06   0.00000000e+00   0.00000000e+00  -1.75911070e-07  -3.96732923e-19   2.07751597e-20  -7.30500459e-43
  4.16000000e-06   0.00000000e+00   0.00000000e+00  -3.88785068e-07  -8.76828491e-19   4.59154490e-20  -3.56343083e-42
  4.24000000e-06   0.00000000e+00   0.00000000e+00   1.20923770e-07   2.72719881e-19  -1.42805279e-20  -3.44400226e-43
  4.32000000e-06   0.00000000e+00   0.00000000e+00  -6.63832044e-07  -1.49714326e-18   7.83938826e-20  -1.03905857e-41
  4.40000000e-06   0.00000000e+00   0.00000000e+00   4.18631617e-07   9.44141670e-19  -4.94376560e-20  -4.13164359e-42
  4.48000000e-06   0.00000000e+00   0.00000000e+00   5.87798295e-08   1.32566401e-19  -6.94148577e-21  -8.12583979e-44
  4.56000000e-06   0.00000000e+00   0.00000000e+00  -5.68179920e-07  -1.28141864e-18   6.70975036e-20  -7.61162378e-42
  4.64000000e-06   0.00000000e+00   0.00000000e+00  -1.95710347e-07  -4.41386436e-19   2.31110453e-20  -9.02603027e-43
  4.72000000e-06   0.00000000e+00   0.00000000e+00  -3.87658953e-09  -8.74289066e-21   4.57766227e-22  -3.69677915e-46
  4.80000000e-06   0.00000000e+00   0.00000000e+00   6.56252408e-07   1.48004906e-18  -7.74951442e-20  -1.01545790e-41
  4.88000000e-06   0.00000000e+00   0.00000000e+00   2.95393817e-07   6.66203030e-19  -3.48822475e-20  -2.05678534e-42
  4.96000000e-06   0.00000000e+00   0.00000000e+00  -7.48978458e-07  -1.68917465e-18   8.84430132e-20  -1.32273762e-41
  5.04000000e-06   0.00000000e+00   0.00000000e+00  -3.75353582e-07  -8.46536780e-19   4.43221133e-20  -3.32140595e-42
  5.12000000e-06   0.00000000e+00   0.00000000e+00   2.32951750e-07   5.25377259e-19  -2.75065734e-20  -1.27894633e-42
  5.20000000e-06   0.00000000e+00   0.00000000e+00  -1.30206800e-07  -2.93656039e-19   1.53748966e-20  -4.00359579e-43
  5.28000000e-06   0.00000000e+00   0.00000000e+00   5.33869888e-07   1.20403935e-18  -6.30405413e-20  -6.71993561e-42
  5.36000000e-06   0.00000000e+00   0.00000000e+00  -9.31128218e-07  -2.09997822e-18   1.09945220e-19  -2.04442966e-41
  5.44000000e-06   0.00000000e+00   0.00000000e+00  -5.56366295e-07  -1.25477580e-18   6.56932551e-20  -7.29832654e-42
  5.52000000e-06   0.00000000e+00   0.00000000e+00   4.71626322e-07   1.06366132e-18  -5.56871092e-20  -5.24411501e-42
  5.60000000e-06   0.00000000e+00   0.00000000e+00   1.07511113e-07   2.42470375e-19  -1.26944004e-20  -2.72183981e-43
  5.68000000e-06   0.00000000e+00   0.00000000e+00  -4.59225603e-07  -1.03569386e-18   5.42239582e-20  -4.97194771e-42
  5.76000000e-06   0.00000000e+00   0.00000000e+00  -8.21137986e-08  -1.85191683e-19   9.69551554e-21  -1.58705879e-43
  5.84000000e-06   0.00000000e+00   0.00000000e+00  -7.38700611e-07  -1.66599551e-18   8.72189950e-20  -1.28667757e-41
  5.92000000e-06   0.00000000e+00   0.00000000e+00  -3.61403077e-07  -8.15074300e-19   4.26716824e-20  -3.07904031e-42
  6.00000000e-06   0.00000000e+00   0.00000000e+00   3.47023166e-07   7.82643224e-19  -4.09735424e-20  -2.83881363e-42
  6.08000000e-06   0.00000000e+00   0.00000000e+00  -6.41489917e-07  -1.44675566e-18   7.57421611e-20  -9.70281279e-42
  6.16000000e-06   0.00000000e+00   0.00000000e+00  -2.63305428e-07  -5.93834156e-19   3.10888899e-20  -1.63409450e-42
  6.24000000e-06   0.00000000e+00   0.00000000e+00   2.83904256e-07   6.40290870e-19  -3.35197695e-20  -1.89983870e-42
  6.32000000e-06   0.00000000e+00   0.00000000e+00  -5.43934285e-07  -1.22673803e-18   6.42212675e-20  -6.97574192e-42
  6.40000000e-06   0.00000000e+00   0.00000000e+00   5.88263613e-07   1.32671418e-18  -6.94559128e-20  -8.15923309e-42
  6.48000000e-06   0.00000000e+00   0.00000000e+00   2.20938672e-07   4.98284212e-19  -2.60860167e-20  -1.15038215e-42
  6.56000000e-06   0.00000000e+00   0.00000000e+00  -4.45775903e-07  -1.00536085e-18   5.26326539e-20  -4.68491168e-42
  6.64000000e-06   0.00000000e+00   0.00000000e+00   5.25325797e-07   1.18477025e-18  -6.20233833e-20  -6.50650437e-42
  6.72000000e-06   0.00000000e+00   0.00000000e+00   1.57229399e-07   3.54600370e-19  -1.85632745e-20  -5.82413363e-43
  6.80000000e-06   0.00000000e+00   0.00000000e+00   8.31162128e-07   1.87452456e-18  -9.81343846e-20  -1.62896884e-41
  6.88000000e-06   0.00000000e+00   0.00000000e+00   4.62943841e-07   1.04407980e-18  -5.46594632e-20  -5.05274758e-42
  6.96000000e-06   0.00000000e+00   0.00000000e+00  -6.29472998e-07  -1.41965395e-18   7.43210321e-20  -9.34262811e-42
  7.04000000e-06   0.00000000e+00   0.00000000e+00  -2.47895380e-07  -5.59079861e-19   2.92680833e-20  -1.44835490e-42
  7.12000000e-06   0.00000000e+00   0.00000000e+00  -9.25055990e-13  -2.08628405e-24   1.09217661e-25  -2.01812023e-53
  7.20000000e-06   0.00000000e+00   0.00000000e+00  -8.80881119e-13  -1.98665621e-24   1.04002111e-25  -1.83014404e-53
  7.28000000e-06   0.00000000e+00   0.00000000e+00  -9.38688271e-13  -2.11702901e-24   1.10827170e-25  -2.07809598e-53
  7.36000000e-06   0.00000000e+00   0.00000000e+00  -8.00429878e-13  -1.80521407e-24   9.45035543e-26  -1.51107783e-53
  7.44000000e-06   0.00000000e+00   0.00000000e+00  -8.22787930e-13  -1.85563831e-24   9.71432800e-26  -1.59672538e-53
  7.52000000e-06   0.00000000e+00   0.00000000e+00  -1.06360117e-12  -2.39874578e-24   1.25575136e-25  -2.66785108e-53
  7.60000000e-06   0.00000000e+00   0.00000000e+00  -9.00779257e-13  -2.03153259e-24   1.06351404e-25  -1.91354522e-53
  7.68000000e-06   0.00000000e+00   0.00000000e+00  -7.89932266e-13  -1.78153874e-24   9.32641432e-26  -1.47187557e-53
  7.76000000e-06   0.00000000e+00   0.00000000e+00  -3.38356652e-13  -7.63097686e-25   3.99484166e-26  -2.70099422e-54
  7.84000000e-06   0.00000000e+00   0.00000000e+00  -7.91230232e-13  -1.78446605e-24   9.34173889e-26  -1.47651930e-53
  7.92000000e-06   0.00000000e+00   0.00000000e+00  -7.15779929e-13  -1.61430255e-24   8.45092733e-26  -1.20833751e-53
  8.00000000e-06   0.00000000e+00   0.00000000e+00  -8.53171734e-13  -1.92416308e-24   1.00730574e-25  -1.71665606e-53
  8.08000000e-06   0.00000000e+00   0.00000000e+00  -9.08177226e-13  -2.04821728e-24   1.07224853e-25  -1.94510136e-53
  8.16000000e-06   0.00000000e+00   0.00000000e+00  -9.92335005e-13  -2.23801879e-24   1.17161025e-25  -2.32275625e-53
  8.24000000e-06   0.00000000e+00   0.00000000e+00  -4.65045818e-13  -1.04882049e-24   5.49060997e-26  -5.10204058e-54
  8.32000000e-06   0.00000000e+00   0.00000000e+00  -5.74099769e-13  -1.29477048e-24   6.77816635e-26  -7.77429714e-54
  8.40000000e-06   0.00000000e+00   0.00000000e+00  -1.24511156e-12  -2.80810719e-24   1.47005342e-25  -3.65589962e-53
  8.48000000e-06   0.00000000e+00   0.00000000e+00  -7.04239268e-13  -1.58827484e-24   8.31467136e-26  -1.16981267e-53
  8.56000000e-06   0.00000000e+00   0.00000000e+00  -7.83726869e-13  -1.76754368e-24   9.25314968e-26  -1.44876518e-53
  8.64000000e-06   0.00000000e+00   0.00000000e+00  -7.42326995e-13  -1.67417430e-24   8.76435792e-26  -1.29956237e-53
  8.72000000e-06   0.00000000e+00   0.00000000e+00  -9.92818756e-13  -2.23910980e-24   1.17218139e-25  -2.32461268e-53
  8.80000000e-06   0.00000000e+00   0.00000000e+00  -7.34220797e-13  -1.65589235e-24   8.66865128e-26  -1.27147727e-53
  8.88000000e-06   0.00000000e+00   0.00000000e+00  -1.14186394e-12  -2.57525225e-24   1.34815308e-25  -3.07500555e-53
  8.96000000e-06   0.00000000e+00   0.00000000e+00  -1.01449605e-12  -2.28799873e-24   1.19777491e-25  -2.42737199e-53
  9.04000000e-06   0.00000000e+00   0.00000000e+00  -1.08760423e-12  -2.45288002e-24   1.28409081e-25  -2.78970551e-53
  9.12000000e-06   0.00000000e+00   0.00000000e+00  -9.13152836e-13  -2.05943880e-24   1.07812303e-25  -1.96677862e-53
  9.20000000e-06   0.00000000e+00   0.00000000e+00  -5.83366984e-13  -1.31567089e-24   6.88758065e-26  -8.02739056e-54
  9.28000000e-06   0.00000000e+00   0.00000000e+00  -8.34275205e-13  -1.88154563e-24   9.84995366e-26  -1.64162066e-53
  9.36000000e-06   0.00000000e+00   0.00000000e+00  -9.78533465e-13  -2.20689210e-24   1.15531532e-25  -2.25824569e-53
  9.44000000e-06  -5.07188885e-14  -2.21680985e-14  -9.06615377e-13  -1.94812935e-24  -1.13893876e-25   1.11769300e-25
  9.52000000e-06   3.91238115e-13   2.60759416e-14  -9.10158223e-13  -2.16627329e-24   1.81171395e-24  -8.79282868e-25
  9.60000000e-06   2.03924008e-14   8.91306530e-15  -1.10325736e-12  -2.52700843e-24   2.19087627e-25  -4.49387678e-26
  9.68000000e-06  -1.60043371e-13  -2.76923893e-14  -1.13752064e-12  -2.44482718e-24  -5.62855403e-25   3.57677198e-25
  9.76000000e-06   4.94152055e-14  -1.94846598e-14  -1.24387260e-12  -2.72043669e-24   3.62114473e-25  -1.13746870e-25
  9.84000000e-06   2.00991041e-15   4.45862568e-17  -9.50055007e-13  -2.14285869e-24   1.20924477e-25  -4.52769828e-27
  9.92000000e-06   0.00000000e+00   0.00000000e+00  -9.69089645e-13  -2.18559340e-24   1.14416538e-25  -2.21504635e-53
  1.00000000e-05   0.00000000e+00   0.00000000e+00  -1.20624680e-12  -2.72045529e-24   1.42416735e-25  -3.43145578e-53
  1.00800000e-05   0.00000000e+00   0.00000000e+00  -1.46961648e-12  -3.31443442e-24   1.73511739e-25  -5.09346003e-53
  1.01600000e-05   0.00000000e+00   0.00000000e+00  -1.88102860e-12  -4.24229453e-24   2.22085523e-25  -8.34459385e-53
  1.02400000e-05   0.00000000e+00   0.00000000e+00  -3.22551156e-13  -7.27451461e-25   3.80823248e-26  -2.45451249e-54
  1.03200000e-05   0.00000000e+00   0.00000000e+00  -8.48251575e-13  -1.91306661e-24   1.00149671e-25  -1.69689406e-53
  1.04000000e-05   0.00000000e+00   0.00000000e+00  -1.23346370e-12  -2.78183771e-24   1.45630125e-25  -3.58808144e-53
  1.04800000e-05   0.00000000e+00   0.00000000e+00  -8.24020611e-13  -1.85841838e-24   9.72888175e-26  -1.60159690e-53
  1.05600000e-05   0.00000000e+00   0.00000000e+00  -7.71802529e-13  -1.74065064e-24   9.11236375e-26  -1.40478793e-53
  1.06400000e-05   0.00000000e+00   0.00000000e+00  -9.81292128e-13  -2.21311373e-24   1.15857236e-25  -2.27093536e-53
  1.07200000e-05   0.00000000e+00   0.00000000e+00  -1.40444094e-12  -3.16744366e-24   1.65816724e-25  -4.65184978e-53
  1.08000000e-05   0.00000000e+00   0.00000000e+00  -9.79863369e-13  -2.20989144e-24   1.15688549e-25  -2.26470534e-53
  1.08800000e-05   0.00000000e+00   0.00000000e+00  -1.16372869e-12  -2.62456395e-24   1.37396792e-25  -3.19389041e-53
  1.09600000e-05   0.00000000e+00   0.00000000e+00  -1.01088037e-12  -2.27984425e-24   1.19350601e-25  -2.40995731e-53
  1.10400000e-05   0.00000000e+00   0.00000000e+00  -1.09922699e-12  -2.47909290e-24   1.29781334e-25  -2.84974971e-53
  1.11200000e-05   0.00000000e+00   0.00000000e+00  -1.07053999e-12  -2.41439494e-24   1.26394374e-25  -2.70295258e-53
  1.12000000e-05   0.00000000e+00   0.00000000e+00  -1.03788000e-12  -2.34073668e-24   1.22538340e-25  -2.54054579e-53
  1.12800000e-05   0.00000000e+00   0.00000000e+00  -1.01489154e-12  -2.28889067e-24   1.19824184e-25  -2.42932850e-53
  1.13600000e-05   0.00000000e+00   0.00000000e+00  -1.16593191e-12  -2.62953289e-24   1.37656917e-25  -3.20598919e-53
  1.14400000e-05   0.00000000e+00   0.00000000e+00  -9.18149493e-13  -2.07070779e-24   1.08402238e-25  -1.98827130e-53
  1.15200000e-05   0.00000000e+00   0.00000000e+00  -1.02911793e-12  -2.32097553e-24   1.21503838e-25  -2.49791637e-53
  1.16000000e-05   0.00000000e+00   0.00000000e+00  -1.34493529e-12  -3.03324023e-24   1.58791130e-25  -4.26592166e-53
  1.16800000e-05   0.00000000e+00   0.00000000e+00  -8.73761305e-13  -1.97059885e-24   1.03161502e-25  -1.80073027e-53
  1.17600000e-05   0.00000000e+00   0.00000000e+00  -1.39880955e-12  -3.15474315e-24   1.65151848e-25  -4.61444589e-53
  1.18400000e-05   0.00000000e+00   0.00000000e+00  -1.17764095e-12  -2.65594036e-24   1.39039357e-25  -3.27062785e-53
  1.19200000e-05   0.00000000e+00   0.00000000e+00  -9.52051406e-13  -2.14716696e-24   1.12404901e-25  -2.13783987e-53
  1.20000000e-05   0.00000000e+00   0.00000000e+00  -1.36443581e-12  -3.07721986e-24   1.61093478e-25  -4.39050860e-53
  1.20800000e-05   0.00000000e+00   0.00000000e+00  -1.29669615e-12  -2.92444622e-24   1.53095727e-25  -3.96530252e-53
  1.21600000e-05   0.00000000e+00   0.00000000e+00  -1.64829559e-12  -3.71741043e-24   1.94607667e-25  -6.40731913e-53
  1.22400000e-05   0.00000000e+00   0.00000000e+00  -1.23314480e-12  -2.78111850e-24   1.45592474e-25  -3.58627126e-53
  1.23200000e-05   0.00000000e+00   0.00000000e+00  -8.39676446e-13  -1.89372708e-24   9.91372392e-26  -1.66298339e-53
  1.24000000e-05   0.00000000e+00   0.00000000e+00  -1.08948544e-12  -2.45712272e-24   1.28631188e-25  -2.79965138e-53
  1.24800000e-05   0.00000000e+00   0.00000000e+00  -1.11007594e-12  -2.50356060e-24   1.31062226e-25  -2.90617316e-53
  1.25600000e-05   0.00000000e+00   0.00000000e+00  -8.96232237e-13  -2.02127767e-24   1.05814555e-25  -1.89456308e-53
  1.26400000e-05   0.00000000e+00   0.00000000e+00  -1.54153680e-12  -3.47663674e-24   1.82003084e-25  -5.60423304e-53
  1.27200000e-05   0.00000000e+00   0.00000000e+00  -1.25821695e-12  -2.83766387e-24   1.48552643e-25  -3.73359480e-53
  1.28000000e-05   0.00000000e+00   0.00000000e+00  -1.05898053e-12  -2.38832483e-24   1.25029595e-25  -2.64528355e-53
  1.28800000e-05   0.00000000e+00   0.00000000e+00  -1.91614944e-12  -4.32150275e-24   2.26232099e-25  -8.65875879e-53
  1.29600000e-05   0.00000000e+00   0.00000000e+00  -1.22073184e-12  -2.75312348e-24   1.44126925e-25  -3.51445241e-53
  1.30400000e-05   0.00000000e+00   0.00000000e+00  -9.91825550e-13  -2.23686982e-24   1.17100875e-25  -2.32028033e-53
  1.31200000e-05   0.00000000e+00   0.00000000e+00  -6.21381599e-13  -1.40140546e-24   7.33640398e-26  -9.10774424e-54
  1.32000000e-05   0.00000000e+00   0.00000000e+00  -1.28184913e-12  -2.89096166e-24   1.51342799e-25  -3.87522305e-53
  1.32800000e-05   0.00000000e+00   0.00000000e+00  -1.38937428e-12  -3.13346374e-24   1.64037864e-25  -4.55256321e-53
  1.33600000e-05   0.00000000e+00   0.00000000e+00  -1.46932093e-12  -3.31376788e-24   1.73476845e-25  -5.09174955e-53
  1.34400000e-05   0.00000000e+00   0.00000000e+00  -1.13642172e-12  -2.56297839e-24   1.34172767e-25  -3.04601558e-53
  1.35200000e-05   0.00000000e+00   0.00000000e+00  -1.17860071e-12  -2.65810491e-24   1.39152672e-25  -3.27592354e-53
  1.36000000e-05   0.00000000e+00   0.00000000e+00  -1.49305825e-12  -3.36730278e-24   1.76279415e-25  -5.25726610e-53
  1.36800000e-05   0.00000000e+00   0.00000000e+00  -1.43216967e-12  -3.22998042e-24   1.69090544e-25  -4.83736647e-53
  1.37600000e-05   0.00000000e+00   0.00000000e+00  -1.97985794e-12  -4.46518490e-24   2.33753907e-25  -9.24436834e-53
  1.38400000e-05   0.00000000e+00   0.00000000e+00  -1.76135278e-12  -3.97238897e-24   2.07955877e-25  -7.31668703e-53
  1.39200000e-05   0.00000000e+00   0.00000000e+00  -7.56507743e-13  -1.70615622e-24   8.93178429e-26  -1.35003349e-53
  1.40000000e-05   0.00000000e+00   0.00000000e+00  -9.53790948e-13  -2.15109016e-24   1.12610282e-25  -2.14549411e-53
  1.40800000e-05   0.00000000e+00   0.00000000e+00  -1.42126619e-12  -3.20538974e-24   1.67803214e-25  -4.76398654e-53
  1.41600000e-05   0.00000000e+00   0.00000000e+00  -1.32108474e-12  -2.97944994e-24   1.55975190e-25  -4.11614177e-53
  1.42400000e-05   0.00000000e+00   0.00000000e+00  -1.35915431e-12  -3.06530847e-24   1.60469913e-25  -4.35702188e-53
  1.43200000e-05   0.00000000e+00   0.00000000e+00  -1.50022890e-12  -3.38347479e-24   1.77126024e-25  -5.30792282e-53
  1.44000000e-05   0.00000000e+00   0.00000000e+00  -1.26601825e-12  -2.85525817e-24   1.49473710e-25  -3.78036575e-53
  1.44800000e-05   0.00000000e+00   0.00000000e+00  -1.39926995e-12  -3.15578150e-24   1.65206206e-25  -4.61791625e-53
  1.45600000e-05   0.00000000e+00   0.00000000e+00  -1.39517705e-12  -3.14655076e-24   1.64722973e-25  -4.59068541e-53
  1.46400000e-05   0.00000000e+00   0.00000000e+00  -1.39332973e-12  -3.14238448e-24   1.64504867e-25  -4.57863260e-53
  1.47200000e-05   0.00000000e+00   0.00000000e+00  -1.74304888e-12  -3.93110807e-24   2.05794808e-25  -7.16521300e-53
  1.48000000e-05   0.00000000e+00   0.00000000e+00  -1.65244958e-12  -3.72677896e-24   1.95098112e-25  -6.43986848e-53
  1.48800000e-05   0.00000000e+00   0.00000000e+00  -1.38616654e-12  -3.12622929e-24   1.63659138e-25  -4.53208668e-53
  1.49600000e-05   0.00000000e+00   0.00000000e+00  -1.35231413e-12  -3.04988177e-24   1.59662319e-25  -4.31294371e-53
  1.50400000e-05   0.00000000e+00   0.00000000e+00  -1.28945570e-12  -2.90811679e-24   1.52240876e-25  -3.92131612e-53
  1.51200000e-05   0.00000000e+00   0.00000000e+00  -1.41205275e-12  -3.18461062e-24   1.66715419e-25  -4.70242351e-53
  1.52000000e-05   0.00000000e+00   0.00000000e+00  -1.70094554e-12  -3.83615218e-24   2.00823835e-25  -6.82332915e-53
  1.52800000e-05   0.00000000e+00   0.00000000e+00  -1.42282615e-12  -3.20890793e-24   1.67987392e-25  -4.77471962e-53
  1.53600000e-05   0.00000000e+00   0.00000000e+00  -1.35523056e-12  -3.05645921e-24   1.60006651e-25  -4.33188025e-53
  1.54400000e-05   0.00000000e+00   0.00000000e+00  -1.52906324e-12  -3.44850504e-24   1.80530380e-25  -5.51395444e-53
  1.55200000e-05   0.00000000e+00   0.00000000e+00  -1.29566868e-12  -2.92212896e-24   1.52974418e-25  -3.95948723e-53
  1.56000000e-05   0.00000000e+00   0.00000000e+00  -1.48597223e-12  -3.35132165e-24   1.75442797e-25  -5.20776573e-53
  1.56800000e-05   0.00000000e+00   0.00000000e+00  -1.35685656e-12  -3.06012633e-24   1.60198626e-25  -4.34214995e-53
  1.57600000e-05   0.00000000e+00   0.00000000e+00  -1.53695575e-12  -3.46630506e-24   1.81462217e-25  -5.57127729e-53
  1.58400000e-05   0.00000000e+00   0.00000000e+00  -1.65113433e-12  -3.72381266e-24   1.94942824e-25  -6.42949120e-53
  1.59200000e-05   0.00000000e+00   0.00000000e+00  -1.43731494e-12  -3.24158457e-24   1.69698024e-25  -4.87218218e-53
  1.60000000e-05   0.00000000e+00   0.00000000e+00  -1.35767218e-12  -3.06196580e-24   1.60294922e-25  -4.34736377e-53
  1.60800000e-05   0.00000000e+00   0.00000000e+00  -1.86115080e-12  -4.19746402e-24   2.19738630e-25  -8.16877192e-53
  1.61600000e-05   0.00000000e+00   0.00000000e+00  -1.14226244e-12  -2.57615099e-24   1.34862356e-25  -3.07762745e-53
  1.62400000e-05   0.00000000e+00   0.00000000e+00  -2.08346453e-12  -4.69884944e-24   2.45986322e-25  -1.02369286e-52
  1.63200000e-05   0.00000000e+00   0.00000000e+00  -1.57496488e-12  -3.55202728e-24   1.85949803e-25  -5.85014297e-53
  1.64000000e-05   0.00000000e+00   0.00000000e+00  -1.12542993e-12  -2.53818855e-24   1.32875010e-25  -2.98756646e-53
  1.64800000e-05   0.00000000e+00   0.00000000e+00  -1.41979998e-12  -3.20208298e-24   1.67630103e-25  -4.75405005e-53
  1.65600000e-05   0.00000000e+00   0.00000000e+00  -1.68007075e-12  -3.78907314e-24   1.98359232e-25  -6.65683276e-53
  1.66400000e-05   0.00000000e+00   0.00000000e+00  -1.55824799e-12  -3.51432557e-24   1.83976106e-25  -5.72680787e-53
  1.67200000e-05   0.00000000e+00   0.00000000e+00  -1.35368226e-12  -3.05296733e-24   1.59823849e-25  -4.32186408e-53
  1.68000000e-05   0.00000000e+00   0.00000000e+00  -1.27856314e-12  -2.88355074e-24   1.50954835e-25  -3.85554736e-53
  1.68800000e-05   0.00000000e+00   0.00000000e+00  -1.61925149e-12  -3.65190712e-24   1.91178545e-25  -6.18382326e-53
  1.69600000e-05   0.00000000e+00   0.00000000e+00  -1.88358460e-12  -4.24805908e-24   2.22387297e-25  -8.36737159e-53
  1.70400000e-05   0.00000000e+00   0.00000000e+00  -1.43108167e-12  -3.22752664e-24   1.68962087e-25  -4.83015676e-53
  1.71200000e-05   0.00000000e+00   0.00000000e+00  -1.36506346e-12  -3.07863541e-24   1.61167582e-25  -4.39470444e-53
  1.72000000e-05   0.00000000e+00   0.00000000e+00  -1.51980001e-12  -3.42761364e-24   1.79436707e-25  -5.44736669e-53
  1.72800000e-05   0.00000000e+00   0.00000000e+00  -1.40856327e-12  -3.17674077e-24   1.66303430e-25  -4.67952454e-53
  1.73600000e-05   0.00000000e+00   0.00000000e+00  -1.50970367e-12  -3.40484329e-24   1.78244672e-25  -5.37522986e-53
  1.74400000e-05   0.00000000e+00   0.00000000e+00  -1.17227082e-12  -2.64382906e-24   1.38405326e-25  -3.24109463e-53
  1.75200000e-05   0.00000000e+00   0.00000000e+00  -1.10233549e-12  -2.48610352e-24   1.30148342e-25  -2.86591823e-53
  1.76000000e-05   0.00000000e+00   0.00000000e+00  -1.92047053e-12  -4.33124813e-24   2.26742271e-25  -8.69825932e-53
  1.76800000e-05   0.00000000e+00   0.00000000e+00  -1.58481675e-12  -3.57424626e-24   1.87112973e-25  -5.92361460e-53
  1.77600000e-05   0.00000000e+00   0.00000000e+00  -1.41602161e-12  -3.19356161e-24   1.67184006e-25  -4.72936848e-53
  1.78400000e-05   0.00000000e+00   0.00000000e+00  -1.48119433e-12  -3.34054601e-24   1.74878688e-25  -5.17421211e-53
  1.79200000e-05   0.00000000e+00   0.00000000e+00  -8.25436274e-13  -1.86161114e-24   9.74559584e-26  -1.60714427e-53
  1.80000000e-05   0.00000000e+00   0.00000000e+00  -1.50545262e-12  -3.39525588e-24   1.77742768e-25  -5.34555767e-53
  1.80800000e-05   0.00000000e+00   0.00000000e+00  -1.09625937e-12  -2.47240001e-24   1.29430958e-25  -2.83463071e-53
  1.81600000e-05   0.00000000e+00   0.00000000e+00  -1.54319999e-12  -3.48038773e-24   1.82199448e-25  -5.61670777e-53
  1.82400000e-05   0.00000000e+00   0.00000000e+00  -1.56615149e-12  -3.53215039e-24   1.84909241e-25  -5.78492844e-53
  1.83200000e-05   0.00000000e+00   0.00000000e+00  -1.47911599e-12  -3.33585873e-24   1.74633307e-25  -5.15970348e-53
  1.84000000e-05   0.00000000e+00   0.00000000e+00  -1.25629235e-12  -2.83332331e-24   1.48325412e-25  -3.72249545e-53
  1.84800000e-05   0.00000000e+00   0.00000000e+00  -1.43255333e-12  -3.23084569e-24   1.69135840e-25  -4.84013742e-53
  1.85600000e-05   0.00000000e+00   0.00000000e+00  -1.34320025e-12  -3.02932719e-24   1.58586280e-25  -4.25518139e-53
  1.86400000e-05   0.00000000e+00   0.00000000e+00  -1.95349828e-12  -4.40573581e-24   2.30641726e-25  -8.99982310e-53
  1.87200000e-05   0.00000000e+00   0.00000000e+00  -1.70880387e-12  -3.85387510e-24   2.01751636e-25  -6.88640888e-53
  1.88000000e-05   0.00000000e+00   0.00000000e+00  -1.28473974e-12  -2.89748087e-24   1.51684081e-25  -3.89304717e-53
  1.88800000e-05   0.00000000e+00   0.00000000e+00  -1.43518910e-12  -3.23679016e-24   1.69447035e-25  -4.85800416e-53
  1.89600000e-05   0.00000000e+00   0.00000000e+00  -1.36389429e-12  -3.07599856e-24   1.61029541e-25  -4.38728995e-53
  1.90400000e-05   0.00000000e+00   0.00000000e+00  -1.64963481e-12  -3.72043080e-24   1.94765782e-25  -6.41757357e-53
  1.91200000e-05   0.00000000e+00   0.00000000e+00  -1.60619262e-12  -3.62245537e-24   1.89636736e-25  -6.08458665e-53
  1.92000000e-05   0.00000000e+00   0.00000000e+00  -2.13137549e-12  -4.80690331e-24   2.51642977e-25  -1.07132903e-52
  1.92800000e-05   0.00000000e+00   0.00000000e+00  -1.24533837e-12  -2.80861874e-24   1.47032119e-25  -3.65793486e-53
  1.93600000e-05   0.00000000e+00   0.00000000e+00  -1.08634414e-12  -2.45003814e-24   1.28260306e-25  -2.78354909e-53
  1.94400000e-05   0.00000000e+00   0.00000000e+00  -1.33841093e-12  -3.01852581e-24   1.58020824e-25  -4.22435541e-53
  1.95200000e-05   0.00000000e+00   0.00000000e+00  -1.92795511e-12  -4.34812815e-24   2.27625946e-25  -8.76576772e-53
  1.96000000e-05   0.00000000e+00   0.00000000e+00  -1.63265589e-12  -3.68213814e-24   1.92761148e-25  -6.28630703e-53
  1.96800000e-05   0.00000000e+00   0.00000000e+00  -1.20254971e-12  -2.71211722e-24   1.41980233e-25  -3.41081893e-53
  1.97600000e-05   0.00000000e+00   0.00000000e+00  -1.85470099e-12  -4.18291771e-24   2.18977125e-25  -8.11253972e-53
  1.98400000e-05   0.00000000e+00   0.00000000e+00  -1.52204506e-12  -3.43267690e-24   1.79701770e-25  -5.46341497e-53
  1.99200000e-05   0.00000000e+00   0.00000000e+00  -1.39184256e-12  -3.13903045e-24   1.64329281e-25  -4.56909688e-53
  2.00000000e-05   0.00000000e+00   0.00000000e+00  -1.69666902e-12  -3.82650732e-24   2.00318923e-25  -6.78908805e-53
  2.00800000e-05   0.00000000e+00   0.00000000e+00  -9.08714467e-13  -2.04942892e-24   1.07288281e-25  -1.94770626e-53
  2.01600000e-05   0.00000000e+00   0.00000000e+00  -8.72268765e-13  -1.96723272e-24   1.02985283e-25  -1.79456762e-53
  2.02400000e-05   0.00000000e+00   0.00000000e+00  -1.56402482e-12  -3.52735410e-24   1.84658153e-25  -5.76880521e-53
  2.03200000e-05   0.00000000e+00   0.00000000e+00  -1.06956216e-12  -2.41218964e-24   1.26278925e-25  -2.69814782e-53
  2.04000000e-05   0.00000000e+00   0.00000000e+00  -1.53424656e-12  -3.46019501e-24   1.81142352e-25  -5.55172706e-53
  2.04800000e-05   0.00000000e+00   0.00000000e+00  -1.41459699e-12  -3.19034866e-24   1.67015807e-25  -4.71958669e-53
  2.05600000e-05   0.00000000e+00   0.00000000e+00  -8.92159137e-13  -2.01209159e-24   1.05333660e-25  -1.87738358e-53
  2.06400000e-05   0.00000000e+00   0.00000000e+00  -1.86225395e-12  -4.19995195e-24   2.19868872e-25  -8.17855955e-53
  2.07200000e-05   0.00000000e+00   0.00000000e+00  -1.41395675e-12  -3.18890472e-24   1.66940216e-25  -4.71516837e-53
  2.08000000e-05   0.00000000e+00   0.00000000e+00  -1.11043382e-12  -2.50436773e-24   1.31104478e-25  -2.90815350e-53
  2.08800000e-05   0.00000000e+00   0.00000000e+00  -1.04319450e-12  -2.35272251e-24   1.23165801e-25  -2.56670317e-53
  2.09600000e-05   0.00000000e+00   0.00000000e+00  -8.91918189e-13  -2.01154818e-24   1.05305212e-25  -1.87628057e-53
  2.10400000e-05   0.00000000e+00   0.00000000e+00  -1.39053009e-12  -3.13607043e-24   1.64174323e-25  -4.56015627e-53
  2.11200000e-05   0.00000000e+00   0.00000000e+00  -1.59263084e-12  -3.59186942e-24   1.88035551e-25  -5.98238868e-53
  2.12000000e-05   0.00000000e+00   0.00000000e+00  -1.44573617e-12  -3.26057704e-24   1.70692285e-25  -4.92935361e-53
  2.12800000e-05   0.00000000e+00   0.00000000e+00  -1.27146849e-12  -2.86755013e-24   1.50117197e-25  -3.81264394e-53
  2.13600000e-05   0.00000000e+00   0.00000000e+00  -1.22666145e-12  -2.76649656e-24   1.44827009e-25  -3.54880298e-53
  2.14400000e-05   0.00000000e+00   0.00000000e+00  -1.49394423e-12  -3.36930095e-24   1.76384018e-25  -5.26349708e-53
  2.15200000e-05   0.00000000e+00   0.00000000e+00  -1.16185368e-12  -2.62033523e-24   1.37175415e-25  -3.18393313e-53
  2.16000000e-05   0.00000000e+00   0.00000000e+00  -1.55250151e-12  -3.50136552e-24   1.83297642e-25  -5.68421600e-53
  2.16800000e-05   0.00000000e+00   0.00000000e+00  -1.43308189e-12  -3.23203776e-24   1.69198245e-25  -4.84352393e-53
  2.17600000e-05   0.00000000e+00   0.00000000e+00  -1.30465210e-12  -2.94238932e-24   1.54035053e-25  -4.01450805e-53
  2.18400000e-05   0.00000000e+00   0.00000000e+00  -1.25613253e-12  -2.83296287e-24   1.48306542e-25  -3.72156068e-53
  2.19200000e-05   0.00000000e+00   0.00000000e+00  -9.68611285e-13  -2.18451455e-24   1.14360059e-25  -2.21289395e-53
  2.20000000e-05   0.00000000e+00   0.00000000e+00  -1.20673760e-12  -2.72156218e-24   1.42474679e-25  -3.43441056e-53
  2.20800000e-05   0.00000000e+00   0.00000000e+00  -1.41857507e-12  -3.19932043e-24   1.67485482e-25  -4.74588358e-53
  2.21600000e-05   0.00000000e+00   0.00000000e+00  -1.54831606e-12  -3.49192605e-24   1.82803482e-25  -5.65387732e-53
  2.22400000e-05   0.00000000e+00   0.00000000e+00  -1.49410851e-12  -3.36967143e-24   1.76403413e-25  -5.26477905e-53
  2.23200000e-05   0.00000000e+00   0.00000000e+00  -1.34946137e-12  -3.04344792e-24   1.59325504e-25  -4.29511394e-53
  2.24000000e-05   0.00000000e+00   0.00000000e+00  -1.24337214e-12  -2.80418429e-24   1.46799974e-25  -3.64605227e-53
  2.24800000e-05   0.00000000e+00   0.00000000e+00  -1.34301948e-12  -3.02891949e-24   1.58564936e-25  -4.25388645e-53
  2.25600000e-05   0.00000000e+00   0.00000000e+00  -1.29327808e-12  -2.91673744e-24   1.52692168e-25  -3.94444778e-53
  2.26400000e-05   0.00000000e+00   0.00000000e+00  -1.03029050e-12  -2.32362004e-24   1.21642277e-25  -2.50361174e-53
  2.27200000e-05   0.00000000e+00   0.00000000e+00  -1.52322432e-12  -3.43533649e-24   1.79841000e-25  -5.47184987e-53
  2.28000000e-05   0.00000000e+00   0.00000000e+00  -1.35051013e-12  -3.04581319e-24   1.59449326e-25  -4.30150758e-53
  2.28800000e-05   0.00000000e+00   0.00000000e+00  -1.02491489e-12  -2.31149638e-24   1.21007599e-25  -2.47764708e-53
  2.29600000e-05   0.00000000e+00   0.00000000e+00  -1.51681942e-12  -3.42089148e-24   1.79084799e-25  -5.42577383e-53
  2.30400000e-05   0.00000000e+00   0.00000000e+00  -1.06237609e-12  -2.39598285e-24   1.25430493e-25  -2.66205199e-53
  2.31200000e-05   0.00000000e+00   0.00000000e+00  -1.09453147e-12  -2.46850306e-24   1.29226951e-25  -2.82559090e-53
  2.32000000e-05   0.00000000e+00   0.00000000e+00  -1.40195914e-12  -3.16184643e-24   1.65523705e-25  -4.63527902e-53
  2.32800000e-05   0.00000000e+00   0.00000000e+00  -1.30868740e-12  -2.95149016e-24   1.54511485e-25  -4.03927955e-53
  2.33600000e-05   0.00000000e+00   0.00000000e+00  -1.57759632e-12  -3.55796197e-24   1.86260484e-25  -5.86959462e-53
  2.34400000e-05   0.00000000e+00   0.00000000e+00  -1.76625034e-12  -3.98343447e-24   2.08534110e-25  -7.35736406e-53
  2.35200000e-05   0.00000000e+00   0.00000000e+00  -9.59865044e-13  -2.16478911e-24   1.13327425e-25  -2.17330703e-53
  2.36000000e-05   0.00000000e+00   0.00000000e+00  -1.22540028e-12  -2.76365223e-24   1.44678107e-25  -3.54138095e-53
  2.36800000e-05   0.00000000e+00   0.00000000e+00  -1.42602115e-12  -3.21611362e-24   1.68364610e-25  -4.79546400e-53
  2.37600000e-05   0.00000000e+00   0.00000000e+00  -8.93839198e-13  -2.01588064e-24   1.05532017e-25  -1.88443903e-53
  2.38400000e-05   0.00000000e+00   0.00000000e+00  -1.27574651e-12  -2.87719838e-24   1.50622285e-25  -3.83892463e-53
  2.39200000e-05   0.00000000e+00   0.00000000e+00  -6.70797019e-13  -1.51285234e-24   7.91983197e-26  -1.06147430e-53
  2.40000000e-05   0.00000000e+00   0.00000000e+00  -1.03009543e-12  -2.32318009e-24   1.21619245e-25  -2.50256917e-53
  2.40800000e-05   0.00000000e+00   0.00000000e+00  -1.46723550e-12  -3.30906458e-24   1.73230624e-25  -5.07671515e-53
  2.41600000e-05   0.00000000e+00   0.00000000e+00  -1.37568852e-12  -3.10259816e-24   1.62422038e-25  -4.46355349e-53
  2.42400000e-05   0.00000000e+00   0.00000000e+00  -1.35163322e-12  -3.04834610e-24   1.59581925e-25  -4.30873791e-53
  2.43200000e-05   0.00000000e+00   0.00000000e+00  -1.25542502e-12  -2.83136720e-24   1.48223008e-25  -3.71714395e-53
  2.44000000e-05   0.00000000e+00   0.00000000e+00  -1.11604028e-12  -2.51701201e-24   1.31766410e-25  -2.93752028e-53
  2.44800000e-05   0.00000000e+00   0.00000000e+00  -9.60377897e-13  -2.16594575e-24   1.13387975e-25  -2.17525980e-53
  2.45600000e-05   0.00000000e+00   0.00000000e+00  -1.28988978e-12  -2.90909578e-24   1.52292125e-25  -3.92398596e-53
  2.46400000e-05   0.00000000e+00   0.00000000e+00  -1.09925373e-12  -2.47915320e-24   1.29784489e-25  -2.84980885e-53
  2.47200000e-05   0.00000000e+00   0.00000000e+00  -1.27601247e-12  -2.87779820e-24   1.50653686e-25  -3.83998374e-53
  2.48000000e-05   0.00000000e+00   0.00000000e+00  -1.09682217e-12  -2.47366930e-24   1.29497405e-25  -2.83682730e-53
  2.48800000e-05   0.00000000e+00   0.00000000e+00  -1.79250917e-12  -4.04265615e-24   2.11634384e-25  -7.57722105e-53
  2.49600000e-05   0.00000000e+00   0.00000000e+00  -1.52225056e-12  -3.43314037e-24   1.79726032e-25  -5.46460037e-53
  2.50400000e-05   0.00000000e+00   0.00000000e+00  -9.15066013e-13  -2.06375360e-24   1.08038182e-25  -1.97523400e-53
  2.51200000e-05   0.00000000e+00   0.00000000e+00  -1.53859524e-12  -3.47000263e-24   1.81655783e-25  -5.58258509e-53
  2.52000000e-05   0.00000000e+00   0.00000000e+00  -1.04329872e-12  -2.35295754e-24   1.23178104e-25  -2.56712875e-53
  2.52800000e-05   0.00000000e+00   0.00000000e+00  -8.54990214e-13  -1.92826430e-24   1.00945273e-25  -1.72416025e-53
  2.53600000e-05   0.00000000e+00   0.00000000e+00  -1.12008588e-12  -2.52613607e-24   1.32244057e-25  -2.95877200e-53
  2.54400000e-05   0.00000000e+00   0.00000000e+00  -1.13563783e-12  -2.56121048e-24   1.34080214e-25  -3.04161789e-53
  2.55200000e-05   0.00000000e+00   0.00000000e+00  -1.10068403e-12  -2.48237898e-24   1.29953359e-25  -2.85743939e-53
  2.56000000e-05   0.00000000e+00   0.00000000e+00  -1.11640550e-12  -2.51783569e-24   1.31809530e-25  -2.93953771e-53
  2.56800000e-05   0.00000000e+00   0.00000000e+00  -7.17459384e-13  -1.61809024e-24   8.47075583e-26  -1.21411069e-53
  2.57600000e-05   0.00000000e+00   0.00000000e+00  -1.10154011e-12  -2.48430970e-24   1.30054433e-25  -2.86176277e-53
  2.58400000e-05   0.00000000e+00   0.00000000e+00  -1.06428546e-12  -2.40028907e-24   1.25655925e-25  -2.67146436e-53
  2.59200000e-05   0.00000000e+00   0.00000000e+00  -9.53467038e-13  -2.15035965e-24   1.12572037e-25  -2.14427406e-53
  2.60000000e-05   0.00000000e+00   0.00000000e+00  -6.86647468e-13  -1.54859995e-24   8.10697186e-26  -1.11208639e-53
  2.60800000e-05   0.00000000e+00   0.00000000e+00  -7.16826410e-13  -1.61666269e-24   8.46328255e-26  -1.21184716e-53
  2.61600000e-05   0.00000000e+00   0.00000000e+00  -8.81943478e-13  -1.98905215e-24   1.04127537e-25  -1.83434424e-53
  2.62400000e-05   0.00000000e+00   0.00000000e+00  -1.00236434e-12  -2.26063802e-24   1.18345146e-25  -2.36968802e-53
  2.63200000e-05   0.00000000e+00   0.00000000e+00  -1.12656648e-12  -2.54075182e-24   1.33009196e-25  -2.99323351e-53
  2.64000000e-05   0.00000000e+00   0.00000000e+00  -1.15126310e-12  -2.59645024e-24   1.35925027e-25  -3.12590782e-53
  2.64800000e-05   0.00000000e+00   0.00000000e+00  -1.07145498e-12  -2.41645853e-24   1.26502402e-25  -2.70743021e-53
  2.65600000e-05   0.00000000e+00   0.00000000e+00  -1.00472592e-12  -2.26596410e-24   1.18623969e-25  -2.38081153e-53
  2.66400000e-05   0.00000000e+00   0.00000000e+00  -7.85532882e-13  -1.77161679e-24   9.27447237e-26  -1.45547212e-53
  2.67200000e-05   0.00000000e+00   0.00000000e+00  -6.46810155e-13  -1.45875463e-24   7.63662865e-26  -9.86661232e-54
  2.68000000e-05   0.00000000e+00   0.00000000e+00  -7.45312610e-13  -1.68090778e-24   8.79960771e-26  -1.31004514e-53
  2.68800000e-05   0.00000000e+00   0.00000000e+00  -8.82628779e-13  -1.99059772e-24   1.04208448e-25  -1.83725146e-53
  2.69600000e-05   0.00000000e+00   0.00000000e+00  -8.79666657e-13  -1.98391723e-24   1.03858722e-25  -1.82501017e-53
  2.70400000e-05   0.00000000e+00   0.00000000e+00  -7.63079946e-13  -1.72097855e-24   9.00937953e-26  -1.37338239e-53
  2.71200000e-05   0.00000000e+00   0.00000000e+00  -8.57819911e-13  -1.93464614e-24   1.01279364e-25  -1.73554171e-53
  2.72000000e-05   0.00000000e+00   0.00000000e+00  -9.36173497e-13  -2.11135743e-24   1.10530258e-25  -2.06682281e-53
  2.72800000e-05   0.00000000e+00   0.00000000e+00  -9.25848230e-13  -2.08807079e-24   1.09311195e-25  -2.02163174e-53
  2.73600000e-05   0.00000000e+00   0.00000000e+00  -1.08279370e-12  -2.44203081e-24   1.27841119e-25  -2.76523387e-53
  2.74400000e-05   0.00000000e+00   0.00000000e+00  -6.02679902e-13  -1.35922742e-24   7.11560040e-26  -8.56778864e-54
  2.75200000e-05   0.00000000e+00   0.00000000e+00  -6.07728353e-13  -1.37061322e-24   7.17520545e-26  -8.71100169e-54
  2.76000000e-05   0.00000000e+00   0.00000000e+00  -4.93234130e-13  -1.11239375e-24   5.82341797e-26  -5.73765533e-54
  2.76800000e-05   0.00000000e+00   0.00000000e+00  -5.59705488e-13  -1.26230698e-24   6.60821869e-26  -7.38834949e-54
  2.77600000e-05   0.00000000e+00   0.00000000e+00  -9.74054639e-13  -2.19679098e-24   1.15002733e-25  -2.23776228e-53
  2.78400000e-05   0.00000000e+00   0.00000000e+00  -8.12694463e-13  -1.83287446e-24   9.59515827e-26  -1.55777770e-53
  2.79200000e-05   0.00000000e+00   0.00000000e+00  -2.18898532e-13  -4.93683106e-25   2.58444736e-26  -1.13057958e-54
  2.80000000e-05   0.00000000e+00   0.00000000e+00  -7.24347505e-13  -1.63362506e-24   8.55208110e-26  -1.23728596e-53
  2.80800000e-05   0.00000000e+00   0.00000000e+00  -5.95278981e-14  -1.34253608e-25   7.02822069e-27  -8.37056199e-56
  2.81600000e-05   0.00000000e+00   0.00000000e+00  -2.34364144e-13  -5.28562790e-25   2.76704365e-26  -1.29595262e-54
  2.82400000e-05   0.00000000e+00   0.00000000e+00  -7.25094086e-13  -1.63530883e-24   8.56089568e-26  -1.23976113e-53
  2.83200000e-05   0.00000000e+00   0.00000000e+00  -8.07325518e-13  -1.82076584e-24   9.53176929e-26  -1.53720354e-53
  2.84000000e-05   0.00000000e+00   0.00000000e+00  -3.03341625e-13  -6.84128096e-25   3.58143316e-26  -2.17088922e-54
  2.84800000e-05  -1.05902065e-06   2.69167744e-07  -3.65460042e-13  -1.17251222e-18  -4.61315962e-18   2.42018223e-18
  2.85600000e-05  -4.26831540e-06   1.09446326e-06  -7.07563265e-13  -4.76757253e-18  -1.85931288e-17   9.75535733e-18
  2.86400000e-05  -3.49862878e-06   9.04755537e-07  -4.63550965e-13  -3.94122681e-18  -1.52404548e-17   7.99682817e-18
  2.87200000e-05   0.00000000e+00   0.00000000e+00   0.00000000e+00   0.00000000e+00   0.00000000e+00   0.00000000e+00
  2.88000000e-05   0.00000000e+00   0.00000000e+00   0.00000000e+00   0.00000000e+00   0.00000000e+00   0.00000000e+00
