       time             b_x              b_y              b_z              F_x              F_y              F_z
  0.00000000e+00   0.00000000e+00   0.00000000e+00   0.00000000e+00   0.00000000e+00   0.00000000e+00   0.00000000e+00
  8.00000000e-08   0.00000000e+00   0.00000000e+00   0.00000000e+00   0.00000000e+00   0.00000000e+00   0.00000000e+00
  1.60000000e-07   0.00000000e+00   0.00000000e+00   0.00000000e+00   0.00000000e+00   0.00000000e+00   0.00000000e+00
  2.40000000e-07   0.00000000e+00   0.00000000e+00   0.00000000e+00   0.00000000e+00   0.00000000e+00   0.00000000e+00
  3.20000000e-07   0.00000000e+00   0.00000000e+00   0.00000000e+00   0.00000000e+00   0.00000000e+00   0.00000000e+00
  4.00000000e-07   0.00000000e+00   0.00000000e+00   0.00000000e+00   0.00000000e+00   0.00000000e+00   0.00000000e+00
  4.80000000e-07   0.00000000e+00   0.00000000e+00   0.00000000e+00   0.00000000e+00   0.00000000e+00   0.00000000e+00
  5.60000000e-07   0.00000000e+00   0.00000000e+00   0.00000000e+00   0.00000000e+00   0.00000000e+00   0.00000000e+00
  6.40000000e-07   0.00000000e+00   0.00000000e+00   0.00000000e+00   0.00000000e+00   0.00000000e+00   0.00000000e+00
  7.20000000e-07   0.00000000e+00   0.00000000e+00   0.00000000e+00   0.00000000e+00   0.00000000e+00   0.00000000e+00
  8.00000000e-07   0.00000000e+00   0.00000000e+00   0.00000000e+00   0.00000000e+00   0.00000000e+00   0.00000000e+00
  8.80000000e-07   0.00000000e+00   0.00000000e+00   0.00000000e+00   0.00000000e+00   0.00000000e+00   0.00000000e+00
  9.60000000e-07   0.00000000e+00   0.00000000e+00   0.00000000e+00   0.00000000e+00   0.00000000e+00   0.00000000e+00
  1.04000000e-06   0.00000000e+00   0.00000000e+00   0.00000000e+00   0.00000000e+00   0.00000000e+00   0.00000000e+00
  1.12000000e-06   0.00000000e+00   0.00000000e+00   0.00000000e+00   0.00000000e+00   0.00000000e+00   0.00000000e+00
  1.20000000e-06   0.00000000e+00   0.00000000e+00   0.00000000e+00   0.00000000e+00   0.00000000e+00   0.00000000e+00
  1.28000000e-06   0.00000000e+00   0.00000000e+00   0.00000000e+00   0.00000000e+00   0.00000000e+00   0.00000000e+00
  1.36000000e-06   0.00000000e+00   0.00000000e+00   0.00000000e+00   0.00000000e+00   0.00000000e+00   0.00000000e+00
  1.44000000e-06   0.00000000e+00   0.00000000e+00   0.00000000e+00   0.00000000e+00   0.00000000e+00   0.00000000e+00
  1.52000000e-06   0.00000000e+00   0.00000000e+00   0.00000000e+00   0.00000000e+00   0.00000000e+00   0.00000000e+00
  1.60000000e-06   0.00000000e+00   0.00000000e+00   0.00000000e+00   0.00000000e+00   0.00000000e+00   0.00000000e+00
  1.68000000e-06   0.00000000e+00   0.00000000e+00   0.00000000e+00   0.00000000e+00   0.00000000e+00   0.00000000e+00
  1.76000000e-06   0.00000000e+00   0.00000000e+00   0.00000000e+00   0.00000000e+00   0.00000000e+00   0.00000000e+00
  1.84000000e-06   0.00000000e+00   0.00000000e+00   0.00000000e+00   0.00000000e+00   0.00000000e+00   0.00000000e+00
  1.92000000e-06   0.00000000e+00   0.00000000e+00   0.00000000e+00   0.00000000e+00   0.00000000e+00   0.00000000e+00
  2.00000000e-06   0.00000000e+00   0.00000000e+00   0.00000000e+00   0.00000000e+00   0.00000000e+00   0.00000000e+00
  2.08000000e-06   0.00000000e+00   0.00000000e+00   0.00000000e+00   0.00000000e+00   0.00000000e+00   0.00000000e+00
  2.16000000e-06   0.00000000e+00   0.00000000e+00   0.00000000e+00   0.00000000e+00   0.00000000e+00   0.00000000e+00
  2.24000000e-06   0.00000000e+00   0.00000000e+00   0.00000000e+00   0.00000000e+00   0.00000000e+00   0.00000000e+00
  2.32000000e-06   0.00000000e+00   0.00000000e+00   0.00000000e+00   0.00000000e+00   0.00000000e+00   0.00000000e+00
  2.40000000e-06   0.00000000e+00   0.00000000e+00   0.00000000e+00   0.00000000e+00   0.00000000e+00   0.00000000e+00
  2.48000000e-06   0.00000000e+00   0.00000000e+00   0.00000000e+00   0.00000000e+00   0.00000000e+00   0.00000000e+00
  2.56000000e-06   0.00000000e+00   0.00000000e+00   0.00000000e+00   0.00000000e+00   0.00000000e+00   0.00000000e+00
  2.64000000e-06   0.00000000e+00   0.00000000e+00   0.00000000e+00   0.00000000e+00   0.00000000e+00   0.00000000e+00
  2.72000000e-06   0.00000000e+00   0.00000000e+00   0.00000000e+00   0.00000000e+00   0.00000000e+00   0.00000000e+00
  2.80000000e-06   0.00000000e+00   0.00000000e+00   0.00000000e+00   0.00000000e+00   0.00000000e+00   0.00000000e+00
  2.88000000e-06   0.00000000e+00   0.00000000e+00   0.00000000e+00   0.00000000e+00   0.00000000e+00   0.00000000e+00
  2.96000000e-06   0.00000000e+00   0.00000000e+00   0.00000000e+00   0.00000000e+00   0.00000000e+00   0.00000000e+00
  3.04000000e-06   0.00000000e+00   0.00000000e+00   0.00000000e+00   0.00000000e+00   0.00000000e+00   0.00000000e+00
  3.12000000e-06   0.00000000e+00   0.00000000e+00   0.00000000e+00   0.00000000e+00   0.00000000e+00   0.00000000e+00
  3.20000000e-06   0.00000000e+00   0.00000000e+00   0.00000000e+00   0.00000000e+00   0.00000000e+00   0.00000000e+00
  3.28000000e-06   0.00000000e+00   0.00000000e+00   0.00000000e+00   0.00000000e+00   0.00000000e+00   0.00000000e+00
  3.36000000e-06   0.00000000e+00   0.00000000e+00   0.00000000e+00   0.00000000e+00   0.00000000e+00   0.00000000e+00
  3.44000000e-06   0.00000000e+00   0.00000000e+00   0.00000000e+00   0.00000000e+00   0.00000000e+00   0.00000000e+00
  3.52000000e-06   0.00000000e+00   0.00000000e+00   0.00000000e+00   0.00000000e+00   0.00000000e+00   0.00000000e+00
  3.60000000e-06   0.00000000e+00   0.00000000e+00   0.00000000e+00   0.00000000e+00   0.00000000e+00   0.00000000e+00
  3.68000000e-06   0.00000000e+00   0.00000000e+00   0.00000000e+00   0.00000000e+00   0.00000000e+00   0.00000000e+00
  3.76000000e-06   0.00000000e+00   0.00000000e+00   0.00000000e+00   0.00000000e+00   0.00000000e+00   0.00000000e+00
  3.84000000e-06   0.00000000e+00   0.00000000e+00   0.00000000e+00   0.00000000e+00   0.00000000e+00   0.00000000e+00
  3.92000000e-06   0.00000000e+00   0.00000000e+00   0.00000000e+00   0.00000000e+00   0.00000000e+00   0.00000000e+00
  4.00000000e-06   0.00000000e+00   0.00000000e+00   0.00000000e+00   0.00000000e+00   0.00000000e+00   0.00000000e+00
  4.08000000e-06   0.00000000e+00   0.00000000e+00   0.00000000e+00   0.00000000e+00   0.00000000e+00   0.00000000e+00
  4.16000000e-06   0.00000000e+00   0.00000000e+00   0.00000000e+00   0.00000000e+00   0.00000000e+00   0.00000000e+00
  4.24000000e-06   0.00000000e+00   0.00000000e+00   0.00000000e+00   0.00000000e+00   0.00000000e+00   0.00000000e+00
  4.32000000e-06   0.00000000e+00   0.00000000e+00   0.00000000e+00   0.00000000e+00   0.00000000e+00   0.00000000e+00
  4.40000000e-06   0.00000000e+00   0.00000000e+00   0.00000000e+00   0.00000000e+00   0.00000000e+00   0.00000000e+00
  4.48000000e-06   0.00000000e+00   0.00000000e+00   0.00000000e+00   0.00000000e+00   0.00000000e+00   0.00000000e+00
  4.56000000e-06   0.00000000e+00   0.00000000e+00   0.00000000e+00   0.00000000e+00   0.00000000e+00   0.00000000e+00
  4.64000000e-06   0.00000000e+00   0.00000000e+00   0.00000000e+00   0.00000000e+00   0.00000000e+00   0.00000000e+00
  4.72000000e-06   0.00000000e+00   0.00000000e+00   0.00000000e+00   0.00000000e+00   0.00000000e+00   0.00000000e+00
  4.80000000e-06   0.00000000e+00   0.00000000e+00   0.00000000e+00   0.00000000e+00   0.00000000e+00   0.00000000e+00
  4.88000000e-06   0.00000000e+00   0.00000000e+00   0.00000000e+00   0.00000000e+00   0.00000000e+00   0.00000000e+00
  4.96000000e-06   0.00000000e+00   0.00000000e+00   0.00000000e+00   0.00000000e+00   0.00000000e+00   0.00000000e+00
  5.04000000e-06   0.00000000e+00   0.00000000e+00   0.00000000e+00   0.00000000e+00   0.00000000e+00   0.00000000e+00
  5.12000000e-06   0.00000000e+00   0.00000000e+00   0.00000000e+00   0.00000000e+00   0.00000000e+00   0.00000000e+00
  5.20000000e-06   0.00000000e+00   0.00000000e+00   0.00000000e+00   0.00000000e+00   0.00000000e+00   0.00000000e+00
  5.28000000e-06   0.00000000e+00   0.00000000e+00   0.00000000e+00   0.00000000e+00   0.00000000e+00   0.00000000e+00
  5.36000000e-06   0.00000000e+00   0.00000000e+00   0.00000000e+00   0.00000000e+00   0.00000000e+00   0.00000000e+00
  5.44000000e-06   0.00000000e+00   0.00000000e+00   0.00000000e+00   0.00000000e+00   0.00000000e+00   0.00000000e+00
  5.52000000e-06   0.00000000e+00   0.00000000e+00   0.00000000e+00   0.00000000e+00   0.00000000e+00   0.00000000e+00
  5.60000000e-06   0.00000000e+00   0.00000000e+00   0.00000000e+00   0.00000000e+00   0.00000000e+00   0.00000000e+00
  5.68000000e-06   0.00000000e+00   0.00000000e+00   0.00000000e+00   0.00000000e+00   0.00000000e+00   0.00000000e+00
  5.76000000e-06   0.00000000e+00   0.00000000e+00   0.00000000e+00   0.00000000e+00   0.00000000e+00   0.00000000e+00
  5.84000000e-06   0.00000000e+00   0.00000000e+00   0.00000000e+00   0.00000000e+00   0.00000000e+00   0.00000000e+00
  5.92000000e-06   0.00000000e+00   0.00000000e+00   0.00000000e+00   0.00000000e+00   0.00000000e+00   0.00000000e+00
  6.00000000e-06   0.00000000e+00   0.00000000e+00   0.00000000e+00   0.00000000e+00   0.00000000e+00   0.00000000e+00
  6.08000000e-06   0.00000000e+00   0.00000000e+00   0.00000000e+00   0.00000000e+00   0.00000000e+00   0.00000000e+00
  6.16000000e-06   0.00000000e+00   0.00000000e+00   0.00000000e+00   0.00000000e+00   0.00000000e+00   0.00000000e+00
  6.24000000e-06   0.00000000e+00   0.00000000e+00   0.00000000e+00   0.00000000e+00   0.00000000e+00   0.00000000e+00
  6.32000000e-06   0.00000000e+00   0.00000000e+00   0.00000000e+00   0.00000000e+00   0.00000000e+00   0.00000000e+00
  6.40000000e-06   0.00000000e+00   0.00000000e+00   0.00000000e+00   0.00000000e+00   0.00000000e+00   0.00000000e+00
  6.48000000e-06   0.00000000e+00   0.00000000e+00   0.00000000e+00   0.00000000e+00   0.00000000e+00   0.00000000e+00
  6.56000000e-06   0.00000000e+00   0.00000000e+00   0.00000000e+00   0.00000000e+00   0.00000000e+00   0.00000000e+00
  6.64000000e-06   0.00000000e+00   0.00000000e+00   0.00000000e+00   0.00000000e+00   0.00000000e+00   0.00000000e+00
  6.72000000e-06   0.00000000e+00   0.00000000e+00   0.00000000e+00   0.00000000e+00   0.00000000e+00   0.00000000e+00
  6.80000000e-06   0.00000000e+00   0.00000000e+00   0.00000000e+00   0.00000000e+00   0.00000000e+00   0.00000000e+00
  6.88000000e-06   0.00000000e+00   0.00000000e+00   0.00000000e+00   0.00000000e+00   0.00000000e+00   0.00000000e+00
  6.96000000e-06   0.00000000e+00   0.00000000e+00   0.00000000e+00   0.00000000e+00   0.00000000e+00   0.00000000e+00
  7.04000000e-06   0.00000000e+00   0.00000000e+00   0.00000000e+00   0.00000000e+00   0.00000000e+00   0.00000000e+00
  7.12000000e-06   0.00000000e+00   0.00000000e+00   0.00000000e+00   0.00000000e+00   0.00000000e+00   0.00000000e+00
  7.20000000e-06   0.00000000e+00   0.00000000e+00   0.00000000e+00   0.00000000e+00   0.00000000e+00   0.00000000e+00
  7.28000000e-06   0.00000000e+00   0.00000000e+00   0.00000000e+00   0.00000000e+00   0.00000000e+00   0.00000000e+00
  7.36000000e-06   0.00000000e+00   0.00000000e+00   0.00000000e+00   0.00000000e+00   0.00000000e+00   0.00000000e+00
  7.44000000e-06   0.00000000e+00   0.00000000e+00   0.00000000e+00   0.00000000e+00   0.00000000e+00   0.00000000e+00
  7.52000000e-06   0.00000000e+00   0.00000000e+00   0.00000000e+00   0.00000000e+00   0.00000000e+00   0.00000000e+00
  7.60000000e-06   0.00000000e+00   0.00000000e+00   0.00000000e+00   0.00000000e+00   0.00000000e+00   0.00000000e+00
  7.68000000e-06   0.00000000e+00   0.00000000e+00   0.00000000e+00   0.00000000e+00   0.00000000e+00   0.00000000e+00
  7.76000000e-06   0.00000000e+00   0.00000000e+00   0.00000000e+00   0.00000000e+00   0.00000000e+00   0.00000000e+00
  7.84000000e-06   0.00000000e+00   0.00000000e+00   0.00000000e+00   0.00000000e+00   0.00000000e+00   0.00000000e+00
  7.92000000e-06   0.00000000e+00   0.00000000e+00   0.00000000e+00   0.00000000e+00   0.00000000e+00   0.00000000e+00
  8.00000000e-06   0.00000000e+00   0.00000000e+00   0.00000000e+00   0.00000000e+00   0.00000000e+00   0.00000000e+00
  8.08000000e-06   0.00000000e+00   0.00000000e+00   0.00000000e+00   0.00000000e+00   0.00000000e+00   0.00000000e+00
  8.16000000e-06   0.00000000e+00   0.00000000e+00   0.00000000e+00   0.00000000e+00   0.00000000e+00   0.00000000e+00
  8.24000000e-06   0.00000000e+00   0.00000000e+00   0.00000000e+00   0.00000000e+00   0.00000000e+00   0.00000000e+00
  8.32000000e-06   0.00000000e+00   0.00000000e+00   0.00000000e+00   0.00000000e+00   0.00000000e+00   0.00000000e+00
  8.40000000e-06   0.00000000e+00   0.00000000e+00   0.00000000e+00   0.00000000e+00   0.00000000e+00   0.00000000e+00
  8.48000000e-06   0.00000000e+00   0.00000000e+00   0.00000000e+00   0.00000000e+00   0.00000000e+00   0.00000000e+00
  8.56000000e-06   0.00000000e+00   0.00000000e+00   0.00000000e+00   0.00000000e+00   0.00000000e+00   0.00000000e+00
  8.64000000e-06   0.00000000e+00   0.00000000e+00   0.00000000e+00   0.00000000e+00   0.00000000e+00   0.00000000e+00
  8.72000000e-06   0.00000000e+00   0.00000000e+00   0.00000000e+00   0.00000000e+00   0.00000000e+00   0.00000000e+00
  8.80000000e-06   0.00000000e+00   0.00000000e+00   0.00000000e+00   0.00000000e+00   0.00000000e+00   0.00000000e+00
  8.88000000e-06   0.00000000e+00   0.00000000e+00   0.00000000e+00   0.00000000e+00   0.00000000e+00   0.00000000e+00
  8.96000000e-06   0.00000000e+00   0.00000000e+00   0.00000000e+00   0.00000000e+00   0.00000000e+00   0.00000000e+00
  9.04000000e-06   0.00000000e+00   0.00000000e+00   0.00000000e+00   0.00000000e+00   0.00000000e+00   0.00000000e+00
  9.12000000e-06   0.00000000e+00   0.00000000e+00   0.00000000e+00   0.00000000e+00   0.00000000e+00   0.00000000e+00
  9.20000000e-06   0.00000000e+00   0.00000000e+00   0.00000000e+00   0.00000000e+00   0.00000000e+00   0.00000000e+00
  9.28000000e-06   0.00000000e+00   0.00000000e+00   0.00000000e+00   0.00000000e+00   0.00000000e+00   0.00000000e+00
  9.36000000e-06   0.00000000e+00   0.00000000e+00   0.00000000e+00   0.00000000e+00   0.00000000e+00   0.00000000e+00
  9.44000000e-06   0.00000000e+00   0.00000000e+00   0.00000000e+00   0.00000000e+00   0.00000000e+00   0.00000000e+00
  9.52000000e-06   0.00000000e+00   0.00000000e+00   0.00000000e+00   0.00000000e+00   0.00000000e+00   0.00000000e+00
  9.60000000e-06   0.00000000e+00   0.00000000e+00   0.00000000e+00   0.00000000e+00   0.00000000e+00   0.00000000e+00
  9.68000000e-06   0.00000000e+00   0.00000000e+00   0.00000000e+00   0.00000000e+00   0.00000000e+00   0.00000000e+00
  9.76000000e-06   0.00000000e+00   0.00000000e+00   0.00000000e+00   0.00000000e+00   0.00000000e+00   0.00000000e+00
  9.84000000e-06   0.00000000e+00   0.00000000e+00   0.00000000e+00   0.00000000e+00   0.00000000e+00   0.00000000e+00
  9.92000000e-06   0.00000000e+00   0.00000000e+00   0.00000000e+00   0.00000000e+00   0.00000000e+00   0.00000000e+00
  1.00000000e-05   0.00000000e+00   0.00000000e+00   0.00000000e+00   0.00000000e+00   0.00000000e+00   0.00000000e+00
  1.00800000e-05   0.00000000e+00   0.00000000e+00   0.00000000e+00   0.00000000e+00   0.00000000e+00   0.00000000e+00
  1.01600000e-05   0.00000000e+00   0.00000000e+00   0.00000000e+00   0.00000000e+00   0.00000000e+00   0.00000000e+00
  1.02400000e-05   0.00000000e+00   0.00000000e+00   0.00000000e+00   0.00000000e+00   0.00000000e+00   0.00000000e+00
  1.03200000e-05   0.00000000e+00   0.00000000e+00   0.00000000e+00   0.00000000e+00   0.00000000e+00   0.00000000e+00
  1.04000000e-05   0.00000000e+00   0.00000000e+00   0.00000000e+00   0.00000000e+00   0.00000000e+00   0.00000000e+00
  1.04800000e-05   0.00000000e+00   0.00000000e+00   0.00000000e+00   0.00000000e+00   0.00000000e+00   0.00000000e+00
  1.05600000e-05   0.00000000e+00   0.00000000e+00   0.00000000e+00   0.00000000e+00   0.00000000e+00   0.00000000e+00
  1.06400000e-05   0.00000000e+00   0.00000000e+00   0.00000000e+00   0.00000000e+00   0.00000000e+00   0.00000000e+00
  1.07200000e-05   0.00000000e+00   0.00000000e+00   0.00000000e+00   0.00000000e+00   0.00000000e+00   0.00000000e+00
  1.08000000e-05   0.00000000e+00   0.00000000e+00   0.00000000e+00   0.00000000e+00   0.00000000e+00   0.00000000e+00
  1.08800000e-05   0.00000000e+00   0.00000000e+00   0.00000000e+00   0.00000000e+00   0.00000000e+00   0.00000000e+00
  1.09600000e-05   0.00000000e+00   0.00000000e+00   0.00000000e+00   0.00000000e+00   0.00000000e+00   0.00000000e+00
  1.10400000e-05   0.00000000e+00   0.00000000e+00   0.00000000e+00   0.00000000e+00   0.00000000e+00   0.00000000e+00
  1.11200000e-05   0.00000000e+00   0.00000000e+00   0.00000000e+00   0.00000000e+00   0.00000000e+00   0.00000000e+00
  1.12000000e-05   0.00000000e+00   0.00000000e+00   0.00000000e+00   0.00000000e+00   0.00000000e+00   0.00000000e+00
  1.12800000e-05   0.00000000e+00   0.00000000e+00   0.00000000e+00   0.00000000e+00   0.00000000e+00   0.00000000e+00
  1.13600000e-05   0.00000000e+00   0.00000000e+00   0.00000000e+00   0.00000000e+00   0.00000000e+00   0.00000000e+00
  1.14400000e-05   0.00000000e+00   0.00000000e+00   0.00000000e+00   0.00000000e+00   0.00000000e+00   0.00000000e+00
  1.15200000e-05   0.00000000e+00   0.00000000e+00   0.00000000e+00   0.00000000e+00   0.00000000e+00   0.00000000e+00
  1.16000000e-05   0.00000000e+00   0.00000000e+00   0.00000000e+00   0.00000000e+00   0.00000000e+00   0.00000000e+00
  1.16800000e-05   0.00000000e+00   0.00000000e+00   0.00000000e+00   0.00000000e+00   0.00000000e+00   0.00000000e+00
  1.17600000e-05   0.00000000e+00   0.00000000e+00   0.00000000e+00   0.00000000e+00   0.00000000e+00   0.00000000e+00
  1.18400000e-05   0.00000000e+00   0.00000000e+00   0.00000000e+00   0.00000000e+00   0.00000000e+00   0.00000000e+00
  1.19200000e-05   0.00000000e+00   0.00000000e+00   0.00000000e+00   0.00000000e+00   0.00000000e+00   0.00000000e+00
  1.20000000e-05   0.00000000e+00   0.00000000e+00   0.00000000e+00   0.00000000e+00   0.00000000e+00   0.00000000e+00
  1.20800000e-05   0.00000000e+00   0.00000000e+00   0.00000000e+00   0.00000000e+00   0.00000000e+00   0.00000000e+00
  1.21600000e-05   0.00000000e+00   0.00000000e+00   0.00000000e+00   0.00000000e+00   0.00000000e+00   0.00000000e+00
  1.22400000e-05   0.00000000e+00   0.00000000e+00   0.00000000e+00   0.00000000e+00   0.00000000e+00   0.00000000e+00
  1.23200000e-05   0.00000000e+00   0.00000000e+00   0.00000000e+00   0.00000000e+00   0.00000000e+00   0.00000000e+00
  1.24000000e-05   0.00000000e+00   0.00000000e+00   0.00000000e+00   0.00000000e+00   0.00000000e+00   0.00000000e+00
  1.24800000e-05   0.00000000e+00   0.00000000e+00   0.00000000e+00   0.00000000e+00   0.00000000e+00   0.00000000e+00
  1.25600000e-05   0.00000000e+00   0.00000000e+00   0.00000000e+00   0.00000000e+00   0.00000000e+00   0.00000000e+00
  1.26400000e-05   0.00000000e+00   0.00000000e+00   0.00000000e+00   0.00000000e+00   0.00000000e+00   0.00000000e+00
  1.27200000e-05   0.00000000e+00   0.00000000e+00   0.00000000e+00   0.00000000e+00   0.00000000e+00   0.00000000e+00
  1.28000000e-05   0.00000000e+00   0.00000000e+00   0.00000000e+00   0.00000000e+00   0.00000000e+00   0.00000000e+00
  1.28800000e-05  -1.05823937e-07  -4.71798360e-07   0.00000000e+00   1.00572769e-18  -2.25583793e-19  -3.50176980e-18
  1.29600000e-05  -2.22082992e-07  -9.59398544e-07   0.00000000e+00   2.04512391e-18  -4.73408305e-19  -7.07846453e-18
  1.30400000e-05  -7.56034000e-07  -3.03659927e-06  -3.93157751e-13   6.47297360e-18  -1.61159870e-18  -2.20775571e-17
  1.31200000e-05  -3.82040132e-07  -1.44911770e-06   0.00000000e+00   3.08886531e-18  -8.14337245e-19  -1.04052113e-17
  1.32000000e-05  -3.32410410e-06  -1.21314568e-05  -3.16817833e-12   2.58575217e-17  -7.08511940e-18  -8.63353620e-17
  1.32800000e-05  -2.63319303e-06  -9.16786842e-06  -5.07283750e-12   1.95390838e-17  -5.61197540e-18  -6.45003760e-17
  1.33600000e-05  -2.09048553e-06  -6.99297785e-06  -2.36229389e-12   1.49025215e-17  -4.45495341e-18  -4.86955050e-17
  1.34400000e-05  -1.98663703e-06  -6.32589131e-06  -9.13733267e-12   1.34797998e-17  -4.23324888e-18  -4.34630639e-17
  1.35200000e-05  -2.79379974e-06  -8.64680366e-06  -2.90030045e-12   1.84238009e-17  -5.95274755e-18  -5.89285698e-17
  1.36000000e-05  -2.39223727e-06  -7.16901478e-06  -5.93037722e-12   1.52737880e-17  -5.09668888e-18  -4.83910680e-17
  1.36800000e-05  -5.20623313e-07  -1.51003517e-06  -4.70991781e-12   3.21698614e-18  -1.10910692e-18  -1.00899412e-17
  1.37600000e-05  -1.48057411e-06  -4.13699676e-06  -4.27143988e-12   8.81326878e-18  -3.15411920e-18  -2.73097485e-17
  1.38400000e-05  -1.69296281e-13  -4.61255419e-13  -3.08882515e-12  -1.80067626e-23   2.68258038e-23  -3.01896966e-24
  1.39200000e-05  -1.91947436e-13   7.79064937e-14  -2.56934977e-12  -1.59617475e-23   2.22053579e-23   1.86574757e-24
  1.40000000e-05   7.77857232e-14   5.66439060e-14  -7.31390907e-13  -4.61709659e-24   6.60308763e-24   2.03454508e-26
  1.40800000e-05   6.69925006e-15   3.03880609e-14  -4.60066118e-13  -2.89311926e-24   4.06356882e-24   2.26276710e-25
  1.41600000e-05   2.23295137e-14   8.09673287e-14  -5.85021962e-13  -3.76907083e-24   5.19667241e-24   5.75361586e-25
  1.42400000e-05   0.00000000e+00   0.00000000e+00  -4.58295897e-13  -2.81749924e-24   4.03371641e-24  -5.46827087e-53
  1.43200000e-05   0.00000000e+00   0.00000000e+00   1.36084869e-12   8.36618912e-24  -1.19775842e-23  -4.82689193e-52
  1.44000000e-05   0.00000000e+00   0.00000000e+00   9.81538365e-13   6.03427528e-24  -8.63906361e-24  -2.51279587e-52
  1.44800000e-05   0.00000000e+00   0.00000000e+00   8.85764665e-13   5.44548029e-24  -7.79610615e-24  -2.04555364e-52
  1.45600000e-05   0.00000000e+00   0.00000000e+00   2.81800942e-12   1.73244828e-23  -2.48028640e-23  -2.07008180e-51
  1.46400000e-05   0.00000000e+00   0.00000000e+00   1.86044608e-12   1.14376006e-23  -1.63748180e-23  -9.02356606e-52
  1.47200000e-05   0.00000000e+00   0.00000000e+00   2.07551300e-12   1.27597833e-23  -1.82677412e-23  -1.12315503e-51
  1.48000000e-05   0.00000000e+00   0.00000000e+00   1.30890337e-12   8.04684111e-24  -1.15203846e-23  -4.46679348e-52
  1.48800000e-05   0.00000000e+00   0.00000000e+00   2.06414909e-12   1.26899205e-23  -1.81677211e-23  -1.11065635e-51
  1.49600000e-05   0.00000000e+00   0.00000000e+00   2.26712975e-12   1.39377996e-23  -1.99542665e-23  -1.33925713e-51
  1.50400000e-05   0.00000000e+00   0.00000000e+00   2.35673049e-12   1.44886446e-23  -2.07428923e-23  -1.44749533e-51
  1.51200000e-05   0.00000000e+00   0.00000000e+00   2.80099060e-12   1.72198550e-23  -2.46530720e-23  -2.04459175e-51
  1.52000000e-05   0.00000000e+00   0.00000000e+00   2.75647443e-12   1.69461797e-23  -2.42612605e-23  -1.98023008e-51
  1.52800000e-05   0.00000000e+00   0.00000000e+00   2.06340229e-12   1.26853294e-23  -1.81611481e-23  -1.11004884e-51
  1.53600000e-05   0.00000000e+00   0.00000000e+00   2.87502969e-12   1.76750305e-23  -2.53047311e-23  -2.15481556e-51
  1.54400000e-05   0.00000000e+00   0.00000000e+00   2.81399038e-12   1.72997747e-23  -2.47674902e-23  -2.06418242e-51
  1.55200000e-05   0.00000000e+00   0.00000000e+00   2.30727425e-12   1.41845989e-23  -2.03076005e-23  -1.38816571e-51
  1.56000000e-05   0.00000000e+00   0.00000000e+00   2.32061695e-12   1.42666268e-23  -2.04250370e-23  -1.40414960e-51
  1.56800000e-05   0.00000000e+00   0.00000000e+00   3.51186656e-12   2.15901592e-23  -3.09098856e-23  -3.21438506e-51
  1.57600000e-05   0.00000000e+00   0.00000000e+00   2.03033647e-12   1.24820482e-23  -1.78701175e-23  -1.07471758e-51
  1.58400000e-05   0.00000000e+00   0.00000000e+00   2.39160195e-12   1.47030264e-23  -2.10498154e-23  -1.49122496e-51
  1.59200000e-05   0.00000000e+00   0.00000000e+00   2.42098843e-12   1.48836878e-23  -2.13084621e-23  -1.52751089e-51
  1.60000000e-05   0.00000000e+00   0.00000000e+00   2.06968078e-12   1.27239281e-23  -1.82164086e-23  -1.11661257e-51
  1.60800000e-05   0.00000000e+00   0.00000000e+00   3.23495408e-12   1.98877641e-23  -2.84726253e-23  -2.72780540e-51
  1.61600000e-05   0.00000000e+00   0.00000000e+00   3.40527208e-12   2.09348405e-23  -2.99716884e-23  -3.02232201e-51
  1.62400000e-05   0.00000000e+00   0.00000000e+00   2.70334329e-12   1.66195415e-23  -2.37936238e-23  -1.90469882e-51
  1.63200000e-05   0.00000000e+00   0.00000000e+00   2.11015040e-12   1.29727261e-23  -1.85726042e-23  -1.16070133e-51
  1.64000000e-05   0.00000000e+00   0.00000000e+00   2.37063653e-12   1.45741358e-23  -2.08652871e-23  -1.46489630e-51
  1.64800000e-05   0.00000000e+00   0.00000000e+00   2.56783363e-12   1.57864588e-23  -2.26009281e-23  -1.71887799e-51
  1.65600000e-05   0.00000000e+00   0.00000000e+00   1.64570028e-12   1.01173921e-23  -1.44847210e-23  -7.06179721e-52
  1.66400000e-05   0.00000000e+00   0.00000000e+00   1.86738653e-12   1.14802689e-23  -1.64359047e-23  -9.09124553e-52
  1.67200000e-05   0.00000000e+00   0.00000000e+00   2.05457562e-12   1.26310650e-23  -1.80834597e-23  -1.10064797e-51
  1.68000000e-05   0.00000000e+00   0.00000000e+00   3.05304089e-12   1.87694030e-23  -2.68715064e-23  -2.42955950e-51
  1.68800000e-05   0.00000000e+00   0.00000000e+00   2.37778241e-12   1.46180670e-23  -2.09281819e-23  -1.47373024e-51
  1.69600000e-05   0.00000000e+00   0.00000000e+00   1.57229958e-12   9.66614127e-24  -1.38386808e-23  -6.44583495e-52
  1.70400000e-05   0.00000000e+00   0.00000000e+00   1.43142888e-12   8.80010011e-24  -1.25987996e-23  -5.34283258e-52
  1.71200000e-05   0.00000000e+00   0.00000000e+00   2.56001766e-12   1.57384080e-23  -2.25321354e-23  -1.70829321e-51
  1.72000000e-05   0.00000000e+00   0.00000000e+00   1.90731050e-12   1.17257124e-23  -1.67872977e-23  -9.48357091e-52
  1.72800000e-05   0.00000000e+00   0.00000000e+00   1.75626899e-12   1.07971434e-23  -1.54578975e-23  -8.04115980e-52
  1.73600000e-05   0.00000000e+00   0.00000000e+00   1.58947636e-12   9.77174017e-24  -1.39898631e-23  -6.58794929e-52
  1.74400000e-05   0.00000000e+00   0.00000000e+00   1.65789946e-12   1.01923899e-23  -1.45920928e-23  -7.16674633e-52
  1.75200000e-05   0.00000000e+00   0.00000000e+00   1.61434525e-12   9.92462848e-24  -1.42087480e-23  -6.79410345e-52
  1.76000000e-05   0.00000000e+00   0.00000000e+00   1.71148335e-12   1.05218115e-23  -1.50637143e-23  -7.63580831e-52
  1.76800000e-05   0.00000000e+00   0.00000000e+00   1.54226886e-12   9.48151916e-24  -1.35743637e-23  -6.20012014e-52
  1.77600000e-05   0.00000000e+00   0.00000000e+00   1.38725980e-12   8.52855865e-24  -1.22100430e-23  -5.01731770e-52
  1.78400000e-05   0.00000000e+00   0.00000000e+00   1.55728551e-12   9.57383816e-24  -1.37065336e-23  -6.32258253e-52
  1.79200000e-05   0.00000000e+00   0.00000000e+00   9.89220641e-13   6.08150416e-24  -8.70667958e-24  -2.55233729e-52
  1.80000000e-05   0.00000000e+00   0.00000000e+00   1.25064699e-12   7.68869406e-24  -1.10076379e-23  -4.07827579e-52
  1.80800000e-05   0.00000000e+00   0.00000000e+00   1.39887361e-12   8.59995769e-24  -1.23122626e-23  -5.10026588e-52
  1.81600000e-05   0.00000000e+00   0.00000000e+00   1.28033668e-12   7.87121956e-24  -1.12689533e-23  -4.27484417e-52
  1.82400000e-05   0.00000000e+00   0.00000000e+00   1.29547178e-12   7.96426673e-24  -1.14021658e-23  -4.37468868e-52
  1.83200000e-05   0.00000000e+00   0.00000000e+00   1.26007727e-12   7.74666931e-24  -1.10906390e-23  -4.13959337e-52
  1.84000000e-05   0.00000000e+00   0.00000000e+00   1.51878183e-12   9.33712623e-24  -1.33676413e-23  -6.01251443e-52
  1.84800000e-05   0.00000000e+00   0.00000000e+00   1.95291078e-12   1.20060526e-23  -1.71886511e-23  -9.93864693e-52
  1.85600000e-05   0.00000000e+00   0.00000000e+00   1.31861356e-12   8.10653711e-24  -1.16058494e-23  -4.53318536e-52
  1.86400000e-05   0.00000000e+00   0.00000000e+00   1.43316122e-12   8.81075017e-24  -1.26140469e-23  -5.35386910e-52
  1.87200000e-05   0.00000000e+00   0.00000000e+00   9.55064181e-13   5.87151799e-24  -8.40604963e-24  -2.37888680e-52
  1.88000000e-05   0.00000000e+00   0.00000000e+00   1.45106930e-12   8.92084495e-24  -1.27716658e-23  -5.48847947e-52
  1.88800000e-05   0.00000000e+00   0.00000000e+00   1.37102531e-12   8.42875267e-24  -1.20671542e-23  -4.89935747e-52
  1.89600000e-05   0.00000000e+00   0.00000000e+00   1.30432322e-12   8.01868335e-24  -1.14800722e-23  -4.43425509e-52
  1.90400000e-05   0.00000000e+00   0.00000000e+00   1.23861227e-12   7.61470732e-24  -1.09017136e-23  -3.99972502e-52
  1.91200000e-05   0.00000000e+00   0.00000000e+00   1.19158517e-12   7.32559541e-24  -1.04878021e-23  -3.70104550e-52
  1.92000000e-05   0.00000000e+00   0.00000000e+00   1.33938167e-12   8.23421476e-24  -1.17886410e-23  -4.67609160e-52
  1.92800000e-05   0.00000000e+00   0.00000000e+00   5.40152762e-13   3.32073668e-24  -4.75418408e-24  -7.61355058e-53
  1.93600000e-05   0.00000000e+00   0.00000000e+00   8.87755653e-13   5.45772043e-24  -7.81362994e-24  -2.05470127e-52
  1.94400000e-05   0.00000000e+00   0.00000000e+00   1.31897905e-12   8.10878408e-24  -1.16090663e-23  -4.53393782e-52
  1.95200000e-05   0.00000000e+00   0.00000000e+00   1.29885752e-12   7.98508149e-24  -1.14319655e-23  -4.39844744e-52
  1.96000000e-05   0.00000000e+00   0.00000000e+00   1.23101304e-12   7.56798901e-24  -1.08348286e-23  -3.94934902e-52
  1.96800000e-05   0.00000000e+00   0.00000000e+00   1.90184807e-12   1.16921306e-23  -1.67392198e-23  -9.42508461e-52
  1.97600000e-05   0.00000000e+00   0.00000000e+00   1.42208652e-12   8.74266542e-24  -1.25165723e-23  -5.27040194e-52
  1.98400000e-05   0.00000000e+00   0.00000000e+00   7.79003581e-13   4.78913735e-24  -6.85644263e-24  -1.58257488e-52
  1.99200000e-05   0.00000000e+00   0.00000000e+00   7.78260818e-13   4.78457101e-24  -6.84990516e-24  -1.57907715e-52
  2.00000000e-05   0.00000000e+00   0.00000000e+00   7.54650718e-13   4.63942147e-24  -6.64209958e-24  -1.48475685e-52
  2.00800000e-05   0.00000000e+00   0.00000000e+00   5.80530836e-13   3.56897192e-24  -5.10957391e-24  -8.78775860e-53
  2.01600000e-05   0.00000000e+00   0.00000000e+00   2.60693845e-13   1.60268664e-24  -2.29451114e-24  -1.77463733e-53
  2.02400000e-05   0.00000000e+00   0.00000000e+00   7.60953642e-13   4.67817042e-24  -6.69757510e-24  -1.50923558e-52
  2.03200000e-05   0.00000000e+00   0.00000000e+00   4.93859224e-13   3.03613451e-24  -4.34672898e-24  -6.36124297e-53
  2.04000000e-05   0.00000000e+00   0.00000000e+00   8.84801549e-13   5.43955927e-24  -7.78762923e-24  -2.04113651e-52
  2.04800000e-05   0.00000000e+00   0.00000000e+00   7.28704105e-13   4.47990758e-24  -6.41372904e-24  -1.38389928e-52
  2.05600000e-05   0.00000000e+00   0.00000000e+00   5.57432216e-13   3.42696685e-24  -4.90627014e-24  -8.10414424e-53
  2.06400000e-05   0.00000000e+00   0.00000000e+00   8.87412709e-13   5.45561209e-24  -7.81061151e-24  -2.05289722e-52
  2.07200000e-05   0.00000000e+00   0.00000000e+00   1.93219133e-12   1.18786741e-23  -1.70062877e-23  -9.72827076e-52
  2.08000000e-05   0.00000000e+00   0.00000000e+00   1.15921747e-12   7.12660610e-24  -1.02029159e-23  -3.50315713e-52
  2.08800000e-05   0.00000000e+00   0.00000000e+00   6.92663891e-13   4.25834052e-24  -6.09651913e-24  -1.25046522e-52
  2.09600000e-05   0.00000000e+00   0.00000000e+00   4.15800078e-14   2.55624458e-25  -3.65968713e-25  -4.54167987e-55
  2.10400000e-05   0.00000000e+00   0.00000000e+00   3.06740860e-13   1.88577324e-24  -2.69979646e-24  -2.45452402e-53
  2.11200000e-05   0.00000000e+00   0.00000000e+00   1.80792694e-13   1.11147248e-24  -1.59125678e-24  -8.54086289e-54
  2.12000000e-05   0.00000000e+00   0.00000000e+00   3.65983614e-13   2.24998426e-24  -3.22122479e-24  -3.49098792e-53
  2.12800000e-05   0.00000000e+00   0.00000000e+00   7.00989062e-13   4.30952178e-24  -6.16979357e-24  -1.28073345e-52
  2.13600000e-05   0.00000000e+00   0.00000000e+00   4.46777055e-13   2.74668401e-24  -3.93233269e-24  -5.19980904e-53
  2.14400000e-05   0.00000000e+00   0.00000000e+00  -3.15528049e-13  -1.93979489e-24   2.77713739e-24  -2.59241232e-53
  2.15200000e-05   0.00000000e+00   0.00000000e+00   2.60186498e-13   1.59956758e-24  -2.29004569e-24  -1.76581001e-53
  2.16000000e-05   0.00000000e+00   0.00000000e+00   8.53175702e-13   5.24513073e-24  -7.50927261e-24  -1.89704437e-52
  2.16800000e-05   0.00000000e+00   0.00000000e+00   4.01642403e-13   2.46920641e-24  -3.53507758e-24  -4.20132450e-53
  2.17600000e-05   0.00000000e+00   0.00000000e+00   1.77363432e-14   1.09039016e-25  -1.56107395e-25  -8.33873614e-56
  2.18400000e-05   0.00000000e+00   0.00000000e+00   4.40819236e-13   2.71005669e-24  -3.87989462e-24  -5.06071585e-53
  2.19200000e-05   0.00000000e+00   0.00000000e+00   8.19591732e-14   5.03866410e-25  -7.21368146e-25  -1.75460199e-54
  2.20000000e-05   0.00000000e+00   0.00000000e+00  -1.17876227e-13  -7.24676312e-25   1.03749406e-24  -3.61066565e-54
  2.20800000e-05   0.00000000e+00   0.00000000e+00   3.26171652e-13   2.00522935e-24  -2.87081764e-24  -2.77961865e-53
  2.21600000e-05   0.00000000e+00   0.00000000e+00   6.68224708e-13   4.10809396e-24  -5.88141632e-24  -1.16456523e-52
  2.22400000e-05   0.00000000e+00   0.00000000e+00   7.85218838e-13   4.82734734e-24  -6.91114656e-24  -1.60651880e-52
  2.23200000e-05   0.00000000e+00   0.00000000e+00  -1.76123878e-07  -1.08276988e-18   1.55016379e-18  -8.08193657e-42
  2.24000000e-05   0.00000000e+00   0.00000000e+00  -1.71572152e-06  -1.05479105e-17   1.51009863e-17  -7.67000800e-40
  2.24800000e-05   0.00000000e+00   0.00000000e+00  -4.09410942e-06  -2.51700519e-17   3.60342516e-17  -4.36822645e-39
  2.25600000e-05   0.00000000e+00   0.00000000e+00   0.00000000e+00   0.00000000e+00   0.00000000e+00   0.00000000e+00
