       time             b_x              b_y              b_z              F_x              F_y              F_z
  0.00000000e+00   0.00000000e+00   0.00000000e+00   0.00000000e+00   0.00000000e+00   0.00000000e+00   0.00000000e+00
  8.00000000e-08   0.00000000e+00   0.00000000e+00   0.00000000e+00   0.00000000e+00   0.00000000e+00   0.00000000e+00
  1.60000000e-07   0.00000000e+00   0.00000000e+00   0.00000000e+00   0.00000000e+00   0.00000000e+00   0.00000000e+00
  2.40000000e-07   0.00000000e+00   0.00000000e+00   0.00000000e+00   0.00000000e+00   0.00000000e+00   0.00000000e+00
  3.20000000e-07   0.00000000e+00   0.00000000e+00   0.00000000e+00   0.00000000e+00   0.00000000e+00   0.00000000e+00
  4.00000000e-07   0.00000000e+00   0.00000000e+00   0.00000000e+00   0.00000000e+00   0.00000000e+00   0.00000000e+00
  4.80000000e-07   0.00000000e+00   0.00000000e+00   0.00000000e+00   0.00000000e+00   0.00000000e+00   0.00000000e+00
  5.60000000e-07   0.00000000e+00   0.00000000e+00   0.00000000e+00   0.00000000e+00   0.00000000e+00   0.00000000e+00
  6.40000000e-07   0.00000000e+00   0.00000000e+00   0.00000000e+00   0.00000000e+00   0.00000000e+00   0.00000000e+00
  7.20000000e-07   0.00000000e+00   0.00000000e+00   0.00000000e+00   0.00000000e+00   0.00000000e+00   0.00000000e+00
  8.00000000e-07   0.00000000e+00   0.00000000e+00   0.00000000e+00   0.00000000e+00   0.00000000e+00   0.00000000e+00
  8.80000000e-07   0.00000000e+00   0.00000000e+00   0.00000000e+00   0.00000000e+00   0.00000000e+00   0.00000000e+00
  9.60000000e-07   0.00000000e+00   0.00000000e+00   0.00000000e+00   0.00000000e+00   0.00000000e+00   0.00000000e+00
  1.04000000e-06   0.00000000e+00   0.00000000e+00   0.00000000e+00   0.00000000e+00   0.00000000e+00   0.00000000e+00
  1.12000000e-06   0.00000000e+00   0.00000000e+00   0.00000000e+00   0.00000000e+00   0.00000000e+00   0.00000000e+00
  1.20000000e-06   0.00000000e+00   0.00000000e+00   0.00000000e+00   0.00000000e+00   0.00000000e+00   0.00000000e+00
  1.28000000e-06   0.00000000e+00   0.00000000e+00   0.00000000e+00   0.00000000e+00   0.00000000e+00   0.00000000e+00
  1.36000000e-06   0.00000000e+00   0.00000000e+00   0.00000000e+00   0.00000000e+00   0.00000000e+00   0.00000000e+00
  1.44000000e-06   0.00000000e+00   0.00000000e+00   0.00000000e+00   0.00000000e+00   0.00000000e+00   0.00000000e+00
  1.52000000e-06   0.00000000e+00   0.00000000e+00   0.00000000e+00   0.00000000e+00   0.00000000e+00   0.00000000e+00
  1.60000000e-06   0.00000000e+00   0.00000000e+00   0.00000000e+00   0.00000000e+00   0.00000000e+00   0.00000000e+00
  1.68000000e-06   0.00000000e+00   0.00000000e+00   0.00000000e+00   0.00000000e+00   0.00000000e+00   0.00000000e+00
  1.76000000e-06   0.00000000e+00   0.00000000e+00   0.00000000e+00   0.00000000e+00   0.00000000e+00   0.00000000e+00
  1.84000000e-06   0.00000000e+00   0.00000000e+00   0.00000000e+00   0.00000000e+00   0.00000000e+00   0.00000000e+00
  1.92000000e-06   0.00000000e+00   0.00000000e+00   0.00000000e+00   0.00000000e+00   0.00000000e+00   0.00000000e+00
  2.00000000e-06   0.00000000e+00   0.00000000e+00   0.00000000e+00   0.00000000e+00   0.00000000e+00   0.00000000e+00
  2.08000000e-06   0.00000000e+00   0.00000000e+00   0.00000000e+00   0.00000000e+00   0.00000000e+00   0.00000000e+00
  2.16000000e-06   0.00000000e+00   0.00000000e+00   0.00000000e+00   0.00000000e+00   0.00000000e+00   0.00000000e+00
  2.24000000e-06   0.00000000e+00   0.00000000e+00   0.00000000e+00   0.00000000e+00   0.00000000e+00   0.00000000e+00
  2.32000000e-06   0.00000000e+00   0.00000000e+00   0.00000000e+00   0.00000000e+00   0.00000000e+00   0.00000000e+00
  2.40000000e-06   0.00000000e+00   0.00000000e+00   0.00000000e+00   0.00000000e+00   0.00000000e+00   0.00000000e+00
  2.48000000e-06   0.00000000e+00   0.00000000e+00   0.00000000e+00   0.00000000e+00   0.00000000e+00   0.00000000e+00
  2.56000000e-06   0.00000000e+00   0.00000000e+00   0.00000000e+00   0.00000000e+00   0.00000000e+00   0.00000000e+00
  2.64000000e-06   0.00000000e+00   0.00000000e+00   0.00000000e+00   0.00000000e+00   0.00000000e+00   0.00000000e+00
  2.72000000e-06   0.00000000e+00   0.00000000e+00   0.00000000e+00   0.00000000e+00   0.00000000e+00   0.00000000e+00
  2.80000000e-06   0.00000000e+00   0.00000000e+00   0.00000000e+00   0.00000000e+00   0.00000000e+00   0.00000000e+00
  2.88000000e-06   0.00000000e+00   0.00000000e+00   0.00000000e+00   0.00000000e+00   0.00000000e+00   0.00000000e+00
  2.96000000e-06   0.00000000e+00   0.00000000e+00   0.00000000e+00   0.00000000e+00   0.00000000e+00   0.00000000e+00
  3.04000000e-06   0.00000000e+00   0.00000000e+00   0.00000000e+00   0.00000000e+00   0.00000000e+00   0.00000000e+00
  3.12000000e-06   0.00000000e+00   0.00000000e+00   0.00000000e+00   0.00000000e+00   0.00000000e+00   0.00000000e+00
  3.20000000e-06   0.00000000e+00   0.00000000e+00   0.00000000e+00   0.00000000e+00   0.00000000e+00   0.00000000e+00
  3.28000000e-06   0.00000000e+00   0.00000000e+00   0.00000000e+00   0.00000000e+00   0.00000000e+00   0.00000000e+00
  3.36000000e-06   0.00000000e+00   0.00000000e+00   0.00000000e+00   0.00000000e+00   0.00000000e+00   0.00000000e+00
  3.44000000e-06   0.00000000e+00   0.00000000e+00   0.00000000e+00   0.00000000e+00   0.00000000e+00   0.00000000e+00
  3.52000000e-06   0.00000000e+00   0.00000000e+00   0.00000000e+00   0.00000000e+00   0.00000000e+00   0.00000000e+00
  3.60000000e-06   0.00000000e+00   0.00000000e+00   0.00000000e+00   0.00000000e+00   0.00000000e+00   0.00000000e+00
  3.68000000e-06   0.00000000e+00   0.00000000e+00   0.00000000e+00   0.00000000e+00   0.00000000e+00   0.00000000e+00
  3.76000000e-06   0.00000000e+00   0.00000000e+00   0.00000000e+00   0.00000000e+00   0.00000000e+00   0.00000000e+00
  3.84000000e-06   0.00000000e+00   0.00000000e+00   0.00000000e+00   0.00000000e+00   0.00000000e+00   0.00000000e+00
  3.92000000e-06   0.00000000e+00   0.00000000e+00   0.00000000e+00   0.00000000e+00   0.00000000e+00   0.00000000e+00
  4.00000000e-06   0.00000000e+00   0.00000000e+00   0.00000000e+00   0.00000000e+00   0.00000000e+00   0.00000000e+00
  4.08000000e-06   0.00000000e+00   0.00000000e+00   0.00000000e+00   0.00000000e+00   0.00000000e+00   0.00000000e+00
  4.16000000e-06   1.06628843e-07   2.37969950e-08   0.00000000e+00  -5.39045350e-20   2.41533783e-19  -2.11160785e-19
  4.24000000e-06   3.52545547e-07   7.74992327e-08   0.00000000e+00  -1.75549777e-19   7.98579421e-19  -7.00034131e-19
  4.32000000e-06  -3.47315392e-08  -7.63495003e-09   0.00000000e+00   1.72945215e-20  -7.86731215e-20   6.89649987e-20
  4.40000000e-06   2.49467244e-06   5.37675646e-07  -7.07816351e-14  -1.21792846e-18   5.65086447e-18  -4.97061820e-18
  4.48000000e-06   1.24089670e-06   2.68592355e-07   0.00000000e+00  -6.08402963e-19   2.81082174e-18  -2.47069184e-18
  4.56000000e-06   3.41716190e-06   7.25074837e-07  -1.34310365e-13  -1.64238585e-18   7.74030095e-18  -6.82701381e-18
  4.64000000e-06   2.22605268e-06   4.69564434e-07  -1.47263225e-13  -1.06361329e-18   5.04224424e-18  -4.45180225e-18
  4.72000000e-06   4.90843555e-06   1.02419479e-06  -2.19570257e-13  -2.31988832e-18   1.11180219e-17  -9.83410439e-18
  4.80000000e-06   2.12619081e-06   4.36971382e-07  -8.05641914e-13  -9.89768727e-19   4.81595321e-18  -4.27051724e-18
  4.88000000e-06   4.41663685e-06   9.10828325e-07  -1.45093979e-12  -2.06307191e-18   1.00038902e-17  -8.86605191e-18
  4.96000000e-06  -1.16421040e-06  -2.38463801e-07  -1.26407167e-12   5.40126065e-19  -2.63697609e-18   2.33966121e-18
  5.04000000e-06   2.25510865e-06   4.52137520e-07  -1.10056042e-12  -1.02410736e-18   5.10788920e-18  -4.54753315e-18
  5.12000000e-06   9.93162778e-14   5.00048031e-15  -1.24404541e-12  -2.91623990e-24   2.20124484e-24  -2.23965146e-25
  5.20000000e-06  -9.30878545e-14  -4.95951424e-14  -1.15196416e-12  -2.57756455e-24   1.61916372e-24   1.38578355e-25
  5.28000000e-06  -5.40574851e-15  -4.51738156e-16  -1.47625165e-12  -3.44610467e-24   2.33292932e-24   1.19050855e-26
  5.36000000e-06  -1.99354577e-14  -4.11552993e-15  -1.52198174e-12  -3.54458834e-24   2.37266595e-24   4.00124465e-26
  5.44000000e-06   0.00000000e+00   0.00000000e+00  -1.71097754e-12  -3.99522561e-24   2.71805908e-24  -5.61410378e-53
  5.52000000e-06   0.00000000e+00   0.00000000e+00  -1.53057189e-12  -3.57396861e-24   2.43146665e-24  -4.49259180e-53
  5.60000000e-06   0.00000000e+00   0.00000000e+00  -1.14180975e-12  -2.66618785e-24   1.81387906e-24  -2.50043509e-53
  5.68000000e-06   0.00000000e+00   0.00000000e+00  -1.66210242e-12  -3.88109955e-24   2.64041606e-24  -5.29781432e-53
  5.76000000e-06   0.00000000e+00   0.00000000e+00  -1.93863820e-12  -4.52682562e-24   3.07972082e-24  -7.20737760e-53
  5.84000000e-06   0.00000000e+00   0.00000000e+00  -1.44913909e-12  -3.38381858e-24   2.30210249e-24  -4.02710069e-53
  5.92000000e-06   0.00000000e+00   0.00000000e+00  -1.80799038e-12  -4.22175585e-24   2.87217367e-24  -6.26859065e-53
  6.00000000e-06   0.00000000e+00   0.00000000e+00  -1.27038105e-12  -2.96640884e-24   2.01812745e-24  -3.09501550e-53
  6.08000000e-06   0.00000000e+00   0.00000000e+00  -1.34208994e-12  -3.13385299e-24   2.13204419e-24  -3.45421037e-53
  6.16000000e-06   0.00000000e+00   0.00000000e+00  -1.26605605e-12  -2.95630974e-24   2.01125676e-24  -3.07382332e-53
  6.24000000e-06   0.00000000e+00   0.00000000e+00  -1.57154465e-12  -3.66964223e-24   2.49655598e-24  -4.73621683e-53
  6.32000000e-06   0.00000000e+00   0.00000000e+00  -1.99931022e-12  -4.66849808e-24   3.17610439e-24  -7.66564778e-53
  6.40000000e-06   0.00000000e+00   0.00000000e+00  -1.60268493e-12  -3.74235647e-24   2.54602542e-24  -4.92609163e-53
  6.48000000e-06   0.00000000e+00   0.00000000e+00  -1.50012697e-12  -3.50287807e-24   2.38310184e-24  -4.31581376e-53
  6.56000000e-06   0.00000000e+00   0.00000000e+00  -1.51685617e-12  -3.54194165e-24   2.40967785e-24  -4.41247206e-53
  6.64000000e-06   0.00000000e+00   0.00000000e+00  -1.60165051e-12  -3.73994104e-24   2.54438214e-24  -4.91959098e-53
  6.72000000e-06   0.00000000e+00   0.00000000e+00  -1.63565844e-12  -3.81935140e-24   2.59840714e-24  -5.13080575e-53
  6.80000000e-06   0.00000000e+00   0.00000000e+00  -1.61902253e-12  -3.78050565e-24   2.57197934e-24  -5.02696813e-53
  6.88000000e-06   0.00000000e+00   0.00000000e+00  -1.76748452e-12  -4.12717248e-24   2.80782607e-24  -5.99086655e-53
  6.96000000e-06   0.00000000e+00   0.00000000e+00  -1.45904500e-12  -3.40694942e-24   2.31783901e-24  -4.08274514e-53
  7.04000000e-06   0.00000000e+00   0.00000000e+00  -1.24850842e-12  -2.91533506e-24   1.98338059e-24  -2.98951331e-53
  7.12000000e-06   0.00000000e+00   0.00000000e+00  -1.70185903e-12  -3.97393337e-24   2.70357340e-24  -5.55433029e-53
  7.20000000e-06   0.00000000e+00   0.00000000e+00  -1.93217960e-12  -4.51174443e-24   3.06946068e-24  -7.15947658e-53
  7.28000000e-06   0.00000000e+00   0.00000000e+00  -1.34162097e-12  -3.13275792e-24   2.13129919e-24  -3.45194105e-53
  7.36000000e-06   0.00000000e+00   0.00000000e+00  -2.15442048e-12  -5.03068898e-24   3.42251257e-24  -8.90064989e-53
  7.44000000e-06   0.00000000e+00   0.00000000e+00  -1.76746476e-12  -4.12712633e-24   2.80779467e-24  -5.99063288e-53
  7.52000000e-06   0.00000000e+00   0.00000000e+00  -2.22410021e-12  -5.19339494e-24   3.53320579e-24  -9.48605508e-53
  7.60000000e-06   0.00000000e+00   0.00000000e+00  -1.17794410e-12  -2.75056353e-24   1.87128210e-24  -2.66112854e-53
  7.68000000e-06   0.00000000e+00   0.00000000e+00  -1.76563476e-12  -4.12285319e-24   2.80488754e-24  -5.97837484e-53
  7.76000000e-06   0.00000000e+00   0.00000000e+00  -2.05559134e-12  -4.79991757e-24   3.26551259e-24  -8.10321713e-53
  7.84000000e-06   0.00000000e+00   0.00000000e+00  -1.84963830e-12  -4.31900601e-24   2.93833556e-24  -6.56116628e-53
  7.92000000e-06   0.00000000e+00   0.00000000e+00  -1.81096955e-12  -4.22871239e-24   2.87690639e-24  -6.28970295e-53
  8.00000000e-06   0.00000000e+00   0.00000000e+00  -1.89329162e-12  -4.42093888e-24   3.00768323e-24  -6.87418217e-53
  8.08000000e-06   0.00000000e+00   0.00000000e+00  -2.12378100e-12  -4.95914413e-24   3.37383869e-24  -8.64981683e-53
  8.16000000e-06   0.00000000e+00   0.00000000e+00  -1.82104403e-12  -4.25223685e-24   2.89291071e-24  -6.36026782e-53
  8.24000000e-06   0.00000000e+00   0.00000000e+00  -2.09789725e-12  -4.89870417e-24   3.33271976e-24  -8.44044102e-53
  8.32000000e-06   0.00000000e+00   0.00000000e+00  -1.21694015e-12  -2.84162144e-24   1.93323123e-24  -2.84039413e-53
  8.40000000e-06   0.00000000e+00   0.00000000e+00  -1.94161107e-12  -4.53376743e-24   3.08444351e-24  -7.22977748e-53
  8.48000000e-06   0.00000000e+00   0.00000000e+00  -1.76785603e-12  -4.12803996e-24   2.80841624e-24  -5.99377675e-53
  8.56000000e-06   0.00000000e+00   0.00000000e+00  -2.35490290e-12  -5.49882634e-24   3.74099896e-24  -1.06345564e-52
  8.64000000e-06   0.00000000e+00   0.00000000e+00  -2.91585169e-12  -6.80867227e-24   4.63212226e-24  -1.63045646e-52
  8.72000000e-06   0.00000000e+00   0.00000000e+00  -2.39150445e-12  -5.58429294e-24   3.79914418e-24  -1.09672298e-52
  8.80000000e-06   0.00000000e+00   0.00000000e+00  -2.15393292e-12  -5.02955051e-24   3.42173803e-24  -8.89731861e-53
  8.88000000e-06   0.00000000e+00   0.00000000e+00  -1.50969553e-12  -3.52522116e-24   2.39830245e-24  -4.37132034e-53
  8.96000000e-06   0.00000000e+00   0.00000000e+00  -2.16762351e-12  -5.06151877e-24   3.44348690e-24  -9.01066737e-53
  9.04000000e-06   0.00000000e+00   0.00000000e+00  -2.19326548e-12  -5.12139418e-24   3.48422174e-24  -9.22552857e-53
  9.12000000e-06   0.00000000e+00   0.00000000e+00  -2.96189375e-12  -6.91618297e-24   4.70526467e-24  -1.68234090e-52
  9.20000000e-06   0.00000000e+00   0.00000000e+00  -1.72515926e-12  -4.02834069e-24   2.74058815e-24  -5.70751441e-53
  9.28000000e-06   0.00000000e+00   0.00000000e+00  -2.49318004e-12  -5.82171099e-24   3.96066604e-24  -1.19198315e-52
  9.36000000e-06   0.00000000e+00   0.00000000e+00  -3.32901475e-12  -7.77343048e-24   5.28847312e-24  -2.12521763e-52
  9.44000000e-06   0.00000000e+00   0.00000000e+00  -2.60496641e-12  -6.08273822e-24   4.13824986e-24  -1.30136780e-52
  9.52000000e-06   0.00000000e+00   0.00000000e+00  -1.53485658e-12  -3.58397357e-24   2.43827329e-24  -4.51852156e-53
  9.60000000e-06   0.00000000e+00   0.00000000e+00  -2.80000015e-12  -6.53815263e-24   4.44808049e-24  -1.50345036e-52
  9.68000000e-06   0.00000000e+00   0.00000000e+00  -3.16196671e-12  -7.38336422e-24   5.02310059e-24  -1.91734754e-52
  9.76000000e-06   0.00000000e+00   0.00000000e+00  -2.39619977e-12  -5.59525678e-24   3.80660317e-24  -1.10112035e-52
  9.84000000e-06   0.00000000e+00   0.00000000e+00  -1.86794836e-12  -4.36176101e-24   2.96742293e-24  -6.69211045e-53
  9.92000000e-06   0.00000000e+00   0.00000000e+00  -2.62143170e-12  -6.12118557e-24   4.16440663e-24  -1.31777540e-52
  1.00000000e-05   0.00000000e+00   0.00000000e+00  -2.48559871e-12  -5.80400815e-24   3.94862232e-24  -1.18483973e-52
  1.00800000e-05   0.00000000e+00   0.00000000e+00  -1.75152628e-12  -4.08990912e-24   2.78247480e-24  -5.88385604e-53
  1.01600000e-05   0.00000000e+00   0.00000000e+00  -2.66649705e-12  -6.22641561e-24   4.23599744e-24  -1.36352269e-52
  1.02400000e-05   0.00000000e+00   0.00000000e+00  -2.81564891e-12  -6.57469332e-24   4.47294010e-24  -1.52035393e-52
  1.03200000e-05   0.00000000e+00   0.00000000e+00  -2.90095295e-12  -6.77388291e-24   4.60845412e-24  -1.61392768e-52
  1.04000000e-05   0.00000000e+00   0.00000000e+00  -1.92640518e-12  -4.49826087e-24   3.06028744e-24  -7.11777081e-53
  1.04800000e-05   0.00000000e+00   0.00000000e+00  -2.16943879e-12  -5.06575755e-24   3.44637065e-24  -9.02590553e-53
  1.05600000e-05   0.00000000e+00   0.00000000e+00  -3.07170207e-12  -7.17259137e-24   4.87970617e-24  -1.80940256e-52
  1.06400000e-05   0.00000000e+00   0.00000000e+00  -2.82495967e-12  -6.59643445e-24   4.48773117e-24  -1.53049197e-52
  1.07200000e-05   0.00000000e+00   0.00000000e+00  -2.63446177e-12  -6.15161151e-24   4.18510620e-24  -1.33103932e-52
  1.08000000e-05   0.00000000e+00   0.00000000e+00  -2.20228658e-12  -5.14245892e-24   3.49855265e-24  -9.30128131e-53
  1.08800000e-05   0.00000000e+00   0.00000000e+00  -2.28575311e-12  -5.33735782e-24   3.63114759e-24  -1.00196812e-52
  1.09600000e-05   0.00000000e+00   0.00000000e+00  -3.84293392e-12  -8.97345970e-24   6.10488516e-24  -2.83199706e-52
  1.10400000e-05   0.00000000e+00   0.00000000e+00  -2.54647776e-12  -5.94616405e-24   4.04533479e-24  -1.24373424e-52
  1.11200000e-05   0.00000000e+00   0.00000000e+00  -2.87599547e-12  -6.71560581e-24   4.56880665e-24  -1.58617974e-52
  1.12000000e-05   0.00000000e+00   0.00000000e+00  -2.52029639e-12  -5.88502913e-24   4.00374307e-24  -1.21818405e-52
  1.12800000e-05   0.00000000e+00   0.00000000e+00  -2.58653621e-12  -6.03970271e-24   4.10897165e-24  -1.28301040e-52
  1.13600000e-05   0.00000000e+00   0.00000000e+00  -2.76123256e-12  -6.44762818e-24   4.38649428e-24  -1.46213719e-52
  1.14400000e-05   0.00000000e+00   0.00000000e+00  -3.19557242e-12  -7.46183538e-24   5.07648662e-24  -1.95831163e-52
  1.15200000e-05   0.00000000e+00   0.00000000e+00  -2.92969966e-12  -6.84100802e-24   4.65412113e-24  -1.64605012e-52
  1.16000000e-05   0.00000000e+00   0.00000000e+00  -2.66988588e-12  -6.23432872e-24   4.24138094e-24  -1.36706555e-52
  1.16800000e-05   0.00000000e+00   0.00000000e+00  -2.76878447e-12  -6.46526232e-24   4.39849126e-24  -1.47018742e-52
  1.17600000e-05   0.00000000e+00   0.00000000e+00  -3.18523442e-12  -7.43769559e-24   5.06006368e-24  -1.94567488e-52
  1.18400000e-05   0.00000000e+00   0.00000000e+00  -3.08388517e-12  -7.20103958e-24   4.89906025e-24  -1.82388847e-52
  1.19200000e-05   0.00000000e+00   0.00000000e+00  -2.39881630e-12  -5.60136652e-24   3.81075978e-24  -1.10362500e-52
  1.20000000e-05   0.00000000e+00   0.00000000e+00  -1.77321366e-12  -4.14055034e-24   2.81692738e-24  -6.03058821e-53
  1.20800000e-05   0.00000000e+00   0.00000000e+00  -3.00972273e-12  -7.02786626e-24   4.78124580e-24  -1.73718035e-52
  1.21600000e-05   0.00000000e+00   0.00000000e+00  -3.21207316e-12  -7.50036551e-24   5.10269970e-24  -1.97862389e-52
  1.22400000e-05   0.00000000e+00   0.00000000e+00  -2.84100866e-12  -6.63390972e-24   4.51322660e-24  -1.54789391e-52
  1.23200000e-05   0.00000000e+00   0.00000000e+00  -2.92350943e-12  -6.82655350e-24   4.64428733e-24  -1.63909892e-52
  1.24000000e-05   0.00000000e+00   0.00000000e+00  -3.02840583e-12  -7.07149229e-24   4.81092576e-24  -1.75877139e-52
  1.24800000e-05   0.00000000e+00   0.00000000e+00  -3.15246601e-12  -7.36117957e-24   5.00800778e-24  -1.90587741e-52
  1.25600000e-05   0.00000000e+00   0.00000000e+00  -3.30038318e-12  -7.70657421e-24   5.24298901e-24  -2.08892619e-52
  1.26400000e-05   0.00000000e+00   0.00000000e+00  -2.83939567e-12  -6.63014329e-24   4.51066420e-24  -1.54612743e-52
  1.27200000e-05   0.00000000e+00   0.00000000e+00  -2.99042889e-12  -6.98281409e-24   4.75059560e-24  -1.71498651e-52
  1.28000000e-05   0.00000000e+00   0.00000000e+00  -2.79593558e-12  -6.52866162e-24   4.44162350e-24  -1.49921358e-52
  1.28800000e-05   0.00000000e+00   0.00000000e+00  -3.74169590e-12  -8.73706340e-24   5.94405843e-24  -2.68483683e-52
  1.29600000e-05   0.00000000e+00   0.00000000e+00  -2.97686021e-12  -6.95113049e-24   4.72904039e-24  -1.69955529e-52
  1.30400000e-05   0.00000000e+00   0.00000000e+00  -2.45090986e-12  -5.72300781e-24   3.89351562e-24  -1.15206560e-52
  1.31200000e-05   0.00000000e+00   0.00000000e+00  -2.71573272e-12  -6.34138359e-24   4.31421323e-24  -1.41445268e-52
  1.32000000e-05   0.00000000e+00   0.00000000e+00  -3.86834542e-12  -9.03279692e-24   6.14525386e-24  -2.86955779e-52
  1.32800000e-05   0.00000000e+00   0.00000000e+00  -5.10636035e-12  -1.19236291e-23   8.11196449e-24  -5.00029728e-52
  1.33600000e-05   0.00000000e+00   0.00000000e+00  -3.32954158e-12  -7.77466065e-24   5.28931004e-24  -2.12602520e-52
  1.34400000e-05   0.00000000e+00   0.00000000e+00  -3.40914769e-12  -7.96054525e-24   5.41577232e-24  -2.22889303e-52
  1.35200000e-05   0.00000000e+00   0.00000000e+00  -3.57458945e-12  -8.34686076e-24   5.67859311e-24  -2.45050447e-52
  1.36000000e-05   0.00000000e+00   0.00000000e+00  -3.44521300e-12  -8.04475972e-24   5.47306567e-24  -2.27633126e-52
  1.36800000e-05   0.00000000e+00   0.00000000e+00  -3.54069682e-12  -8.26771963e-24   5.62475128e-24  -2.40421250e-52
  1.37600000e-05   0.00000000e+00   0.00000000e+00  -3.07173111e-12  -7.17265919e-24   4.87975231e-24  -1.80958311e-52
  1.38400000e-05   0.00000000e+00   0.00000000e+00  -3.05989117e-12  -7.14501229e-24   4.86094338e-24  -1.79559268e-52
  1.39200000e-05   0.00000000e+00   0.00000000e+00  -3.08593199e-12  -7.20581902e-24   4.90231183e-24  -1.82629241e-52
  1.40000000e-05   0.00000000e+00   0.00000000e+00  -3.13195296e-12  -7.31328048e-24   4.97542074e-24  -1.88117023e-52
  1.40800000e-05   0.00000000e+00   0.00000000e+00  -3.64729455e-12  -8.51663113e-24   5.79409244e-24  -2.55115730e-52
  1.41600000e-05   0.00000000e+00   0.00000000e+00  -3.34740082e-12  -7.81636295e-24   5.31768123e-24  -2.14895409e-52
  1.42400000e-05   0.00000000e+00   0.00000000e+00  -3.97126032e-12  -9.27310881e-24   6.30874448e-24  -3.02447479e-52
  1.43200000e-05   0.00000000e+00   0.00000000e+00  -2.67205943e-12  -6.23940409e-24   4.24483384e-24  -1.36938728e-52
  1.44000000e-05   0.00000000e+00   0.00000000e+00  -4.61114582e-12  -1.07672763e-23   7.32526665e-24  -4.07748107e-52
  1.44800000e-05   0.00000000e+00   0.00000000e+00  -3.18998847e-12  -7.44879656e-24   5.06761596e-24  -1.95162094e-52
  1.45600000e-05   0.00000000e+00   0.00000000e+00  -3.47854762e-12  -8.12259787e-24   5.52602105e-24  -2.32045991e-52
  1.46400000e-05   0.00000000e+00   0.00000000e+00  -3.61579376e-12  -8.44307508e-24   5.74405029e-24  -2.50724014e-52
  1.47200000e-05   0.00000000e+00   0.00000000e+00  -3.74450326e-12  -8.74361876e-24   5.94851821e-24  -2.68892800e-52
  1.48000000e-05   0.00000000e+00   0.00000000e+00  -3.53513705e-12  -8.25473726e-24   5.61591902e-24  -2.39671323e-52
  1.48800000e-05   0.00000000e+00   0.00000000e+00  -3.39409346e-12  -7.92539281e-24   5.39185717e-24  -2.20928293e-52
  1.49600000e-05   0.00000000e+00   0.00000000e+00  -3.64962052e-12  -8.52206238e-24   5.79778747e-24  -2.55464349e-52
  1.50400000e-05   0.00000000e+00   0.00000000e+00  -3.59950030e-12  -8.40502896e-24   5.71816649e-24  -2.48480000e-52
  1.51200000e-05   0.00000000e+00   0.00000000e+00  -3.57864947e-12  -8.35634113e-24   5.68504285e-24  -2.45606476e-52
  1.52000000e-05   0.00000000e+00   0.00000000e+00  -4.09593338e-12  -9.56422718e-24   6.50680011e-24  -3.21731024e-52
  1.52800000e-05   0.00000000e+00   0.00000000e+00  -3.76954510e-12  -8.80209280e-24   5.98829967e-24  -2.72496911e-52
  1.53600000e-05   0.00000000e+00   0.00000000e+00  -3.66493911e-12  -8.55783213e-24   5.82212259e-24  -2.57593871e-52
  1.54400000e-05   0.00000000e+00   0.00000000e+00  -3.96254994e-12  -9.25276960e-24   6.29490717e-24  -3.01118151e-52
  1.55200000e-05   0.00000000e+00   0.00000000e+00  -3.88787006e-12  -9.07838802e-24   6.17627071e-24  -2.89877835e-52
  1.56000000e-05   0.00000000e+00   0.00000000e+00  -4.03704982e-12  -9.42673086e-24   6.41325768e-24  -3.12552575e-52
  1.56800000e-05   0.00000000e+00   0.00000000e+00  -3.54842353e-12  -8.28576192e-24   5.63702592e-24  -2.41479902e-52
  1.57600000e-05   0.00000000e+00   0.00000000e+00  -3.92992455e-12  -9.17658756e-24   6.24307848e-24  -2.96176043e-52
  1.58400000e-05   0.00000000e+00   0.00000000e+00  -3.97017328e-12  -9.27057053e-24   6.30701762e-24  -3.02279903e-52
  1.59200000e-05   0.00000000e+00   0.00000000e+00  -4.47948207e-12  -1.04598342e-23   7.11610559e-24  -3.84808012e-52
  1.60000000e-05   0.00000000e+00   0.00000000e+00  -3.60509463e-12  -8.41809201e-24   5.72705363e-24  -2.49229320e-52
  1.60800000e-05   0.00000000e+00   0.00000000e+00  -3.90702750e-12  -9.12312168e-24   6.20670422e-24  -2.92745222e-52
  1.61600000e-05   0.00000000e+00   0.00000000e+00  -4.23160020e-12  -9.88101658e-24   6.72232043e-24  -3.43398345e-52
  1.62400000e-05   0.00000000e+00   0.00000000e+00  -4.63266455e-12  -1.08175237e-23   7.35945130e-24  -4.11577420e-52
  1.63200000e-05   0.00000000e+00   0.00000000e+00  -4.00694358e-12  -9.35643118e-24   6.36543092e-24  -3.07914069e-52
  1.64000000e-05   0.00000000e+00   0.00000000e+00  -4.05373070e-12  -9.46568165e-24   6.43975694e-24  -3.15146652e-52
  1.64800000e-05   0.00000000e+00   0.00000000e+00  -3.47135906e-12  -8.10581219e-24   5.51460130e-24  -2.31106963e-52
  1.65600000e-05   0.00000000e+00   0.00000000e+00  -3.70637308e-12  -8.65458271e-24   5.88794460e-24  -2.63452178e-52
  1.66400000e-05   0.00000000e+00   0.00000000e+00  -4.45936070e-12  -1.04128497e-23   7.08414079e-24  -3.81353524e-52
  1.67200000e-05   0.00000000e+00   0.00000000e+00  -3.58167338e-12  -8.36340213e-24   5.68984664e-24  -2.46026471e-52
  1.68000000e-05   0.00000000e+00   0.00000000e+00  -3.98622870e-12  -9.30806079e-24   6.33252325e-24  -3.04731083e-52
  1.68800000e-05   0.00000000e+00   0.00000000e+00  -3.41895724e-12  -7.98345109e-24   5.43135576e-24  -2.24184569e-52
  1.69600000e-05   0.00000000e+00   0.00000000e+00  -2.81601965e-12  -6.57555902e-24   4.47352905e-24  -1.52087611e-52
  1.70400000e-05   0.00000000e+00   0.00000000e+00  -4.33395358e-12  -1.01200173e-23   6.88491902e-24  -3.60216872e-52
  1.71200000e-05   0.00000000e+00   0.00000000e+00  -4.32337681e-12  -1.00953200e-23   6.86811677e-24  -3.58466327e-52
  1.72000000e-05   0.00000000e+00   0.00000000e+00  -3.26809201e-12  -7.63117257e-24   5.19169124e-24  -2.04840582e-52
  1.72800000e-05   0.00000000e+00   0.00000000e+00  -4.19745467e-12  -9.80128493e-24   6.66807685e-24  -3.37880396e-52
  1.73600000e-05   0.00000000e+00   0.00000000e+00  -2.75625943e-12  -6.43601566e-24   4.37859396e-24  -1.45700501e-52
  1.74400000e-05   0.00000000e+00   0.00000000e+00  -3.72160854e-12  -8.69015833e-24   5.91214764e-24  -2.65628554e-52
  1.75200000e-05   0.00000000e+00   0.00000000e+00  -3.23667063e-12  -7.55780194e-24   5.14177524e-24  -2.00915070e-52
  1.76000000e-05   0.00000000e+00   0.00000000e+00  -4.18270707e-12  -9.76684847e-24   6.64464880e-24  -3.35540312e-52
  1.76800000e-05   0.00000000e+00   0.00000000e+00  -3.00491435e-12  -7.01663843e-24   4.77360720e-24  -1.73183289e-52
  1.77600000e-05   0.00000000e+00   0.00000000e+00  -3.39401219e-12  -7.92520305e-24   5.39172806e-24  -2.20905117e-52
  1.78400000e-05   0.00000000e+00   0.00000000e+00  -4.05037163e-12  -9.45783803e-24   6.43442071e-24  -3.14606779e-52
  1.79200000e-05   0.00000000e+00   0.00000000e+00  -4.15921003e-12  -9.71198160e-24   6.60732140e-24  -3.31747796e-52
  1.80000000e-05   0.00000000e+00   0.00000000e+00  -4.02504514e-12  -9.39869931e-24   6.39418706e-24  -3.10697872e-52
  1.80800000e-05   0.00000000e+00   0.00000000e+00  -4.11638921e-12  -9.61199266e-24   6.53929624e-24  -3.24959833e-52
  1.81600000e-05   0.00000000e+00   0.00000000e+00  -3.94163039e-12  -9.20392133e-24   6.26167438e-24  -2.97953191e-52
  1.82400000e-05   0.00000000e+00   0.00000000e+00  -4.05002544e-12  -9.45702965e-24   6.43387075e-24  -3.14566034e-52
  1.83200000e-05   0.00000000e+00   0.00000000e+00  -3.68063761e-12  -8.59448900e-24   5.84706123e-24  -2.59814988e-52
  1.84000000e-05   0.00000000e+00   0.00000000e+00  -3.76340849e-12  -8.78776350e-24   5.97855105e-24  -2.71623582e-52
  1.84800000e-05   0.00000000e+00   0.00000000e+00  -3.76623234e-12  -8.79435734e-24   5.98303701e-24  -2.72041146e-52
  1.85600000e-05   0.00000000e+00   0.00000000e+00  -3.03264173e-12  -7.08138336e-24   4.81765491e-24  -1.76387460e-52
  1.86400000e-05   0.00000000e+00   0.00000000e+00  -4.98519416e-12  -1.16406995e-23   7.91947987e-24  -4.76586521e-52
  1.87200000e-05   0.00000000e+00   0.00000000e+00  -4.09322832e-12  -9.55791073e-24   6.50250285e-24  -3.21305441e-52
  1.88000000e-05   0.00000000e+00   0.00000000e+00  -4.58677729e-12  -1.07103744e-23   7.28655479e-24  -4.03462203e-52
  1.88800000e-05   0.00000000e+00   0.00000000e+00  -3.58295691e-12  -8.36639925e-24   5.69188566e-24  -2.46191516e-52
  1.89600000e-05   0.00000000e+00   0.00000000e+00  -3.89049794e-12  -9.08452426e-24   6.18044535e-24  -2.90269248e-52
  1.90400000e-05   0.00000000e+00   0.00000000e+00  -3.66719785e-12  -8.56310641e-24   5.82571081e-24  -2.57909025e-52
  1.91200000e-05   0.00000000e+00   0.00000000e+00  -3.71358169e-12  -8.67141520e-24   5.89939618e-24  -2.64474520e-52
  1.92000000e-05   0.00000000e+00   0.00000000e+00  -3.62939128e-12  -8.47482603e-24   5.76565130e-24  -2.52610161e-52
  1.92800000e-05   0.00000000e+00   0.00000000e+00  -3.50441412e-12  -8.18299756e-24   5.56711257e-24  -2.35520397e-52
  1.93600000e-05   0.00000000e+00   0.00000000e+00  -3.96315614e-12  -9.25418512e-24   6.29587018e-24  -3.01205843e-52
  1.94400000e-05   0.00000000e+00   0.00000000e+00  -3.68804278e-12  -8.61178046e-24   5.85882507e-24  -2.60848280e-52
  1.95200000e-05   0.00000000e+00   0.00000000e+00  -3.79516565e-12  -8.86191820e-24   6.02900048e-24  -2.76221603e-52
  1.96000000e-05   0.00000000e+00   0.00000000e+00  -3.46183897e-12  -8.08358227e-24   5.49947768e-24  -2.29832544e-52
  1.96800000e-05   0.00000000e+00   0.00000000e+00  -3.64015705e-12  -8.49996469e-24   5.78275380e-24  -2.54120369e-52
  1.97600000e-05   0.00000000e+00   0.00000000e+00  -3.84804067e-12  -8.98538424e-24   6.11299773e-24  -2.83963456e-52
  1.98400000e-05   0.00000000e+00   0.00000000e+00  -4.41809739e-12  -1.03164977e-23   7.01858989e-24  -3.74330998e-52
  1.99200000e-05   0.00000000e+00   0.00000000e+00  -2.72149123e-12  -6.35483002e-24   4.32336119e-24  -1.42045707e-52
  2.00000000e-05   0.00000000e+00   0.00000000e+00  -3.06272343e-12  -7.15162578e-24   4.86544270e-24  -1.79891428e-52
  2.00800000e-05   0.00000000e+00   0.00000000e+00  -3.75625385e-12  -8.77105702e-24   5.96718518e-24  -2.70565711e-52
  2.01600000e-05   0.00000000e+00   0.00000000e+00  -4.28753232e-12  -1.00116211e-23   6.81117420e-24  -3.52540898e-52
  2.02400000e-05   0.00000000e+00   0.00000000e+00  -2.05685594e-12  -4.80287048e-24   3.26752152e-24  -8.11507096e-53
  2.03200000e-05   0.00000000e+00   0.00000000e+00  -3.36680552e-12  -7.86167398e-24   5.34850753e-24  -2.17382906e-52
  2.04000000e-05   0.00000000e+00   0.00000000e+00  -3.67385789e-12  -8.57865798e-24   5.83629095e-24  -2.58842069e-52
  2.04800000e-05   0.00000000e+00   0.00000000e+00  -3.08308791e-12  -7.19917793e-24   4.89779370e-24  -1.82291743e-52
  2.05600000e-05   0.00000000e+00   0.00000000e+00  -2.66083132e-12  -6.21318584e-24   4.22699686e-24  -1.35782458e-52
  2.06400000e-05   0.00000000e+00   0.00000000e+00  -3.27237764e-12  -7.64117976e-24   5.19849940e-24  -2.05356915e-52
  2.07200000e-05   0.00000000e+00   0.00000000e+00  -3.07978790e-12  -7.19147223e-24   4.89255131e-24  -1.81902715e-52
  2.08000000e-05   0.00000000e+00   0.00000000e+00  -3.49164456e-12  -8.15317994e-24   5.54682684e-24  -2.33807032e-52
  2.08800000e-05   0.00000000e+00   0.00000000e+00  -2.36812480e-12  -5.52970020e-24   3.76200326e-24  -1.07562616e-52
  2.09600000e-05   0.00000000e+00   0.00000000e+00  -1.21315305e-12  -2.83277835e-24   1.92721504e-24  -2.82314888e-53
  2.10400000e-05   0.00000000e+00   0.00000000e+00  -2.91726446e-12  -6.81197116e-24   4.63436656e-24  -1.63212463e-52
  2.11200000e-05   0.00000000e+00   0.00000000e+00  -3.64458290e-12  -8.51029929e-24   5.78978471e-24  -2.54729806e-52
  2.12000000e-05   0.00000000e+00   0.00000000e+00  -2.93525392e-12  -6.85397754e-24   4.66294462e-24  -1.65229136e-52
  2.12800000e-05   0.00000000e+00   0.00000000e+00  -3.11096892e-12  -7.26428161e-24   4.94208548e-24  -1.85591746e-52
  2.13600000e-05   0.00000000e+00   0.00000000e+00  -2.65377944e-12  -6.19671932e-24   4.21579424e-24  -1.35061138e-52
  2.14400000e-05   0.00000000e+00   0.00000000e+00  -3.53671793e-12  -8.25842872e-24   5.61843041e-24  -2.39869121e-52
  2.15200000e-05   0.00000000e+00   0.00000000e+00  -2.50203373e-12  -5.84238483e-24   3.97473099e-24  -1.20058192e-52
  2.16000000e-05   0.00000000e+00   0.00000000e+00  -2.48216703e-12  -5.79599502e-24   3.94317076e-24  -1.18159021e-52
  2.16800000e-05   0.00000000e+00   0.00000000e+00  -2.49243698e-12  -5.81997590e-24   3.95948560e-24  -1.19154622e-52
  2.17600000e-05   0.00000000e+00   0.00000000e+00  -1.03953947e-12  -2.42738120e-24   1.65141249e-24  -2.07316053e-53
  2.18400000e-05   0.00000000e+00   0.00000000e+00  -1.86083307e-12  -4.34514641e-24   2.95611957e-24  -6.64144448e-53
  2.19200000e-05   0.00000000e+00   0.00000000e+00  -2.92610607e-12  -6.83261681e-24   4.64841235e-24  -1.64194616e-52
  2.20000000e-05   0.00000000e+00   0.00000000e+00  -1.43066239e-12  -3.34067449e-24   2.27275039e-24  -3.92597361e-53
  2.20800000e-05   0.00000000e+00   0.00000000e+00  -2.38939267e-12  -5.57936184e-24   3.79578940e-24  -1.09494177e-52
  2.21600000e-05   0.00000000e+00   0.00000000e+00  -2.54074891e-12  -5.93278687e-24   4.03623392e-24  -1.23795641e-52
  2.22400000e-05   0.00000000e+00   0.00000000e+00  -1.72380865e-12  -4.02518695e-24   2.73844257e-24  -5.69975670e-53
  2.23200000e-05   0.00000000e+00   0.00000000e+00  -2.74375709e-12  -6.40682203e-24   4.35873275e-24  -1.44369007e-52
  2.24000000e-05   0.00000000e+00   0.00000000e+00  -2.76147702e-12  -6.44819901e-24   4.38688262e-24  -1.46254578e-52
  2.24800000e-05   0.00000000e+00   0.00000000e+00  -2.06530473e-12  -4.82259885e-24   3.28094326e-24  -8.18095692e-53
  2.25600000e-05   0.00000000e+00   0.00000000e+00  -1.97277448e-12  -4.60653571e-24   3.13394971e-24  -7.46363557e-53
  2.26400000e-05   0.00000000e+00   0.00000000e+00  -1.81942734e-12  -4.24846178e-24   2.89034242e-24  -6.34841430e-53
  2.27200000e-05   2.19022682e-14  -9.97780759e-16  -2.35418860e-12  -5.49489841e-24   3.78947346e-24  -5.27280619e-26
  2.28000000e-05   0.00000000e+00   0.00000000e+00  -1.79179163e-12  -4.18393089e-24   2.84644033e-24  -6.15696564e-53
  2.28800000e-05  -2.21746920e-13   5.43122251e-14  -1.87793489e-12  -4.50809883e-24   2.48102443e-24   6.04071523e-25
  2.29600000e-05  -2.99086198e-14   3.21740969e-14  -1.19152026e-12  -2.85513985e-24   1.82510531e-24   1.20950027e-25
  2.30400000e-05  -1.03752460e-13   8.00924875e-14  -1.12025952e-12  -2.79727866e-24   1.54464208e-24   3.69502569e-25
  2.31200000e-05   8.06391033e-15   2.72148151e-15  -1.43003108e-12  -3.34536457e-24   2.29001247e-24  -1.45063234e-26
  2.32000000e-05  -7.07578790e-13   2.19987562e-13  -1.95679355e-12  -5.06749745e-24   1.50587627e-24   2.00170722e-24
  2.32800000e-05  -3.22936857e-14   7.73502108e-15  -5.24527862e-13  -1.24232113e-24   7.60118887e-25   8.76953676e-26
  2.33600000e-05   2.35258348e-13  -6.06671065e-14  -3.19005058e-13  -6.07481436e-25   1.03963832e-24  -6.45716807e-25
  2.34400000e-05   3.43928506e-13  -1.89787969e-13  -1.69299199e-12  -3.52335321e-24   3.46849508e-24  -1.10458895e-24
  2.35200000e-05  -7.91567523e-13   1.79662393e-13  -8.22775990e-13  -2.32816712e-24  -4.85860985e-25   2.13376491e-24
  2.36000000e-05   2.68200743e-13   8.65907093e-14  -7.08554307e-13  -1.85064326e-24   1.73309175e-24  -4.88705314e-25
  2.36800000e-05  -1.82032293e-14   6.94061182e-15  -9.61967827e-13  -2.26196788e-24   1.48695134e-24   5.35313870e-26
  2.37600000e-05   1.40689232e-13  -5.36426437e-14  -4.22132015e-13  -8.64199095e-25   9.89264072e-25  -4.13733716e-25
  2.38400000e-05   0.00000000e+00   0.00000000e+00  -1.09660043e-12  -2.56062163e-24   1.74205953e-24  -2.30596573e-53
  2.39200000e-05   0.00000000e+00   0.00000000e+00  -3.42094951e-13  -7.98810314e-25   5.43452067e-25  -2.24516217e-54
  2.40000000e-05   0.00000000e+00   0.00000000e+00  -3.99805370e-13  -9.33567283e-25   6.35130844e-25  -3.06607851e-54
  2.40800000e-05   0.00000000e+00   0.00000000e+00  -8.01849217e-14  -1.87236153e-25   1.27381773e-25  -1.23429031e-55
  2.41600000e-05   0.00000000e+00   0.00000000e+00  -7.25040246e-13  -1.69300841e-24   1.15179900e-24  -1.00802360e-53
  2.42400000e-05   0.00000000e+00   0.00000000e+00  -2.78514897e-13  -6.50347431e-25   4.42448788e-25  -1.48718745e-54
  2.43200000e-05   0.00000000e+00   0.00000000e+00  -6.12934069e-13  -1.43123439e-24   9.73707113e-25  -7.20389733e-54
  2.44000000e-05   0.00000000e+00   0.00000000e+00  -4.70719739e-13  -1.09915619e-24   7.47785417e-25  -4.24995817e-54
  2.44800000e-05   0.00000000e+00   0.00000000e+00  -2.07966735e-13  -4.85613637e-25   3.30375973e-25  -8.29705835e-55
  2.45600000e-05   0.00000000e+00   0.00000000e+00  -2.29067660e-13  -5.34885444e-25   3.63896903e-25  -1.00530582e-54
  2.46400000e-05   0.00000000e+00   0.00000000e+00  -1.13308651e-12  -2.64581862e-24   1.80002132e-24  -2.46172048e-53
  2.47200000e-05   0.00000000e+00   0.00000000e+00  -4.39979277e-14  -1.02737554e-25   6.98951116e-26  -3.71374064e-56
  2.48000000e-05   0.00000000e+00   0.00000000e+00   1.14231958e-13   2.66737834e-25  -1.81468897e-25  -2.50149491e-55
  2.48800000e-05   0.00000000e+00   0.00000000e+00   2.98171947e-13   6.96247713e-25  -4.73675981e-25  -1.70477008e-54
  2.49600000e-05   0.00000000e+00   0.00000000e+00   3.62332120e-13   8.46065205e-25  -5.75600836e-25  -2.51586332e-54
  2.50400000e-05   0.00000000e+00   0.00000000e+00   1.44958165e-12   3.38485200e-24  -2.30280554e-24  -4.02905467e-53
  2.51200000e-05   0.00000000e+00   0.00000000e+00   4.92748555e-13   1.15059467e-24  -7.82780396e-25  -4.65635315e-54
  2.52000000e-05   0.00000000e+00   0.00000000e+00   3.25434254e-13   7.59906681e-25  -5.16984883e-25  -2.03118862e-54
  2.52800000e-05   0.00000000e+00   0.00000000e+00   7.11021865e-13   1.66027472e-24  -1.12952939e-24  -9.69666434e-54
  2.53600000e-05   0.00000000e+00   0.00000000e+00   3.36301321e-13   7.85281875e-25  -5.34248307e-25  -2.16958838e-54
  2.54400000e-05   0.00000000e+00   0.00000000e+00   8.50229847e-13   1.98533293e-24  -1.35067521e-24  -1.38668363e-53
  2.55200000e-05   0.00000000e+00   0.00000000e+00   1.22874967e-12   2.86919730e-24  -1.95199183e-24  -2.89527564e-53
  2.56000000e-05   0.00000000e+00   0.00000000e+00   1.63777605e-12   3.82429614e-24  -2.60177116e-24  -5.14376530e-53
  2.56800000e-05   0.00000000e+00   0.00000000e+00   1.22167800e-12   2.85268456e-24  -1.94075776e-24  -2.86180944e-53
  2.57600000e-05   0.00000000e+00   0.00000000e+00   1.42014268e-12   3.31611040e-24  -2.25603879e-24  -3.86729496e-53
  2.58400000e-05   0.00000000e+00   0.00000000e+00   1.10971094e-12   2.59123539e-24  -1.76288689e-24  -2.36169933e-53
  2.59200000e-05   0.00000000e+00   0.00000000e+00   1.05204542e-12   2.45658327e-24  -1.67127944e-24  -2.12262933e-53
  2.60000000e-05   0.00000000e+00   0.00000000e+00   1.13779654e-12   2.65681680e-24  -1.80750368e-24  -2.48286186e-53
  2.60800000e-05   0.00000000e+00   0.00000000e+00   2.28815960e-12   5.34297710e-24  -3.63497053e-24  -1.00400334e-52
  2.61600000e-05   0.00000000e+00   0.00000000e+00   1.19194587e-12   2.78325844e-24  -1.89352531e-24  -2.72484326e-53
  2.62400000e-05   0.00000000e+00   0.00000000e+00   1.15952472e-12   2.70755329e-24  -1.84202107e-24  -2.57836641e-53
  2.63200000e-05   0.00000000e+00   0.00000000e+00   1.56239040e-12   3.64826656e-24  -2.48201352e-24  -4.68070910e-53
  2.64000000e-05   0.00000000e+00   0.00000000e+00   3.03371943e-12   7.08389986e-24  -4.81936694e-24  -1.76480417e-52
  2.64800000e-05   0.00000000e+00   0.00000000e+00   4.52954694e-12   1.05767384e-23  -7.19563865e-24  -3.93434921e-52
  2.65600000e-05   0.00000000e+00   0.00000000e+00   1.61069346e-12   3.76105682e-24  -2.55874776e-24  -4.97511505e-53
  2.66400000e-05   0.00000000e+00   0.00000000e+00   3.07594597e-12   7.18250112e-24  -4.88644802e-24  -1.81433113e-52
  2.67200000e-05   0.00000000e+00   0.00000000e+00   2.02353232e-12   4.72505802e-24  -3.21458361e-24  -7.85295873e-53
  2.68000000e-05   0.00000000e+00   0.00000000e+00   2.06055025e-12   4.81149689e-24  -3.27339030e-24  -8.14318366e-53
  2.68800000e-05   0.00000000e+00   0.00000000e+00   2.33630019e-12   5.45538800e-24  -3.71144667e-24  -1.04674923e-52
  2.69600000e-05   0.00000000e+00   0.00000000e+00   3.24241289e-12   7.57121043e-24  -5.15089738e-24  -2.01608133e-52
  2.70400000e-05   0.00000000e+00   0.00000000e+00   2.46663588e-12   5.75972894e-24  -3.91849797e-24  -1.16670800e-52
  2.71200000e-05   0.00000000e+00   0.00000000e+00   2.25579703e-12   5.26740875e-24  -3.58355935e-24  -9.75963338e-53
  2.72000000e-05   0.00000000e+00   0.00000000e+00   1.54458724e-12   3.60669521e-24  -2.45373142e-24  -4.57587454e-53
  2.72800000e-05   0.00000000e+00   0.00000000e+00   3.78669728e-12   8.84214409e-24  -6.01554762e-24  -2.74995467e-52
  2.73600000e-05   0.00000000e+00   0.00000000e+00   2.55877096e-12   5.97486935e-24  -4.06486376e-24  -1.25575205e-52
  2.74400000e-05   0.00000000e+00   0.00000000e+00   3.31894253e-12   7.74991131e-24  -5.27247239e-24  -2.11249199e-52
  2.75200000e-05   0.00000000e+00   0.00000000e+00   2.75617973e-12   6.43582956e-24  -4.37846734e-24  -1.45689597e-52
  2.76000000e-05   0.00000000e+00   0.00000000e+00   3.16081218e-12   7.38066834e-24  -5.02126649e-24  -1.91607071e-52
  2.76800000e-05   0.00000000e+00   0.00000000e+00   3.05849505e-12   7.14175228e-24  -4.85872549e-24  -1.79397190e-52
  2.77600000e-05   0.00000000e+00   0.00000000e+00   3.31999700e-12   7.75237355e-24  -5.27414751e-24  -2.11375558e-52
  2.78400000e-05   0.00000000e+00   0.00000000e+00   2.57267922e-12   6.00734589e-24  -4.08695842e-24  -1.26930964e-52
  2.79200000e-05   0.00000000e+00   0.00000000e+00   3.90136203e-12   9.10989252e-24  -6.19770405e-24  -2.91882290e-52
  2.80000000e-05   0.00000000e+00   0.00000000e+00   2.76938562e-12   6.46666603e-24  -4.39944623e-24  -1.47085663e-52
  2.80800000e-05   0.00000000e+00   0.00000000e+00   4.09337128e-12   9.55824455e-24  -6.50272996e-24  -3.21319727e-52
  2.81600000e-05   0.00000000e+00   0.00000000e+00   3.36640438e-12   7.86073730e-24  -5.34787028e-24  -2.17347843e-52
  2.82400000e-05   0.00000000e+00   0.00000000e+00   3.16850173e-12   7.39862386e-24  -5.03348212e-24  -1.92538731e-52
  2.83200000e-05   0.00000000e+00   0.00000000e+00   3.94361180e-12   9.20854802e-24  -6.26482203e-24  -2.98277124e-52
  2.84000000e-05   0.00000000e+00   0.00000000e+00   2.76667822e-12   6.46034410e-24  -4.39514525e-24  -1.46812393e-52
  2.84800000e-05   0.00000000e+00   0.00000000e+00   3.14843495e-12   7.35176684e-24  -5.00160403e-24  -1.90106946e-52
  2.85600000e-05   0.00000000e+00   0.00000000e+00   2.87865939e-12   6.72182624e-24  -4.57303856e-24  -1.58924177e-52
  2.86400000e-05   0.00000000e+00   0.00000000e+00   4.93986096e-12   1.15348440e-23  -7.84746354e-24  -4.68009444e-52
  2.87200000e-05   0.00000000e+00   0.00000000e+00   3.75987725e-12   8.77951786e-24  -5.97294132e-24  -2.71131913e-52
  2.88000000e-05   0.00000000e+00   0.00000000e+00   3.95052346e-12   9.22468712e-24  -6.27580190e-24  -2.99305683e-52
  2.88800000e-05   0.00000000e+00   0.00000000e+00   4.03002121e-12   9.41031870e-24  -6.40209204e-24  -3.11453069e-52
  2.89600000e-05   0.00000000e+00   0.00000000e+00   4.84174848e-12   1.13057460e-23  -7.69160204e-24  -4.49554348e-52
  2.90400000e-05   0.00000000e+00   0.00000000e+00   3.83639295e-12   8.95818619e-24  -6.09449417e-24  -2.82254170e-52
  2.91200000e-05   0.00000000e+00   0.00000000e+00   4.75547133e-12   1.11042842e-23  -7.55454215e-24  -4.33667298e-52
  2.92000000e-05   0.00000000e+00   0.00000000e+00   4.68375936e-12   1.09368328e-23  -7.44062052e-24  -4.20712763e-52
  2.92800000e-05   0.00000000e+00   0.00000000e+00   4.79991077e-12   1.12080527e-23  -7.62513866e-24  -4.41837865e-52
  2.93600000e-05   0.00000000e+00   0.00000000e+00   5.35247334e-12   1.24983163e-23  -8.50293959e-24  -5.49432138e-52
  2.94400000e-05   0.00000000e+00   0.00000000e+00   4.50997489e-12   1.05310366e-23  -7.16454649e-24  -3.90093185e-52
  2.95200000e-05   0.00000000e+00   0.00000000e+00   4.57835195e-12   1.06907008e-23  -7.27317029e-24  -4.01993053e-52
  2.96000000e-05   0.00000000e+00   0.00000000e+00   5.82651192e-12   1.36052222e-23  -9.25599733e-24  -6.51039282e-52
  2.96800000e-05   0.00000000e+00   0.00000000e+00   4.79306604e-12   1.11920699e-23  -7.61426512e-24  -4.40596379e-52
  2.97600000e-05   0.00000000e+00   0.00000000e+00   5.23470796e-12   1.22233278e-23  -8.31585750e-24  -5.25501038e-52
  2.98400000e-05   0.00000000e+00   0.00000000e+00   5.74420602e-12   1.34130334e-23  -9.12524617e-24  -6.32775443e-52
  2.99200000e-05   0.00000000e+00   0.00000000e+00   4.87567567e-12   1.13849679e-23  -7.74549879e-24  -4.55897539e-52
  3.00000000e-05   0.00000000e+00   0.00000000e+00   4.94757419e-12   1.15528548e-23  -7.85971677e-24  -4.69442369e-52
  3.00800000e-05   0.00000000e+00   0.00000000e+00   5.04815860e-12   1.17877249e-23  -8.01950517e-24  -4.88736023e-52
  3.01600000e-05   0.00000000e+00   0.00000000e+00   5.80359779e-12   1.35517165e-23  -9.21959594e-24  -6.45924152e-52
  3.02400000e-05   0.00000000e+00   0.00000000e+00   5.33886248e-12   1.24665342e-23  -8.48131738e-24  -5.46657472e-52
  3.03200000e-05   0.00000000e+00   0.00000000e+00   5.86465715e-12   1.36942934e-23  -9.31659485e-24  -6.59597198e-52
  3.04000000e-05   0.00000000e+00   0.00000000e+00   6.17180308e-12   1.44114958e-23  -9.80452689e-24  -7.30496180e-52
  3.04800000e-05   0.00000000e+00   0.00000000e+00   6.00596902e-12   1.40242643e-23  -9.54108290e-24  -6.91784993e-52
  3.05600000e-05   0.00000000e+00   0.00000000e+00   5.68901824e-12   1.32841670e-23  -9.03757486e-24  -6.20697409e-52
  3.06400000e-05   0.00000000e+00   0.00000000e+00   5.89292655e-12   1.37603040e-23  -9.36150361e-24  -6.65983355e-52
  3.07200000e-05   0.00000000e+00   0.00000000e+00   5.97751284e-12   1.39578176e-23  -9.49587741e-24  -6.85242007e-52
  3.08000000e-05   0.00000000e+00   0.00000000e+00   6.60848143e-12   1.54311635e-23  -1.04982342e-23  -8.37542926e-52
  3.08800000e-05   0.00000000e+00   0.00000000e+00   6.33483033e-12   1.47921733e-23  -1.00635120e-23  -7.69615660e-52
  3.09600000e-05   0.00000000e+00   0.00000000e+00   5.58627548e-12   1.30442571e-23  -8.87435771e-24  -5.98448059e-52
  3.10400000e-05   0.00000000e+00   0.00000000e+00   6.38695663e-12   1.49138911e-23  -1.01463198e-23  -7.82298669e-52
  3.11200000e-05   0.00000000e+00   0.00000000e+00   7.24426577e-12   1.69157545e-23  -1.15082412e-23  -1.00641044e-51
  3.12000000e-05   0.00000000e+00   0.00000000e+00   5.79003608e-12   1.35200491e-23  -9.19805182e-24  -6.42939757e-52
  3.12800000e-05   0.00000000e+00   0.00000000e+00   6.06638640e-12   1.41653421e-23  -9.63706195e-24  -7.05757921e-52
  3.13600000e-05   0.00000000e+00   0.00000000e+00   6.19542368e-12   1.44666512e-23  -9.84205059e-24  -7.36115980e-52
  3.14400000e-05   0.00000000e+00   0.00000000e+00   5.91062957e-12   1.38016415e-23  -9.38962664e-24  -6.69995595e-52
  3.15200000e-05   0.00000000e+00   0.00000000e+00   5.44459695e-12   1.27134300e-23  -8.64928718e-24  -5.68533480e-52
  3.16000000e-05   0.00000000e+00   0.00000000e+00   6.79713849e-12   1.58716880e-23  -1.07979348e-23  -8.86005948e-52
  3.16800000e-05   0.00000000e+00   0.00000000e+00   5.65133381e-12   1.31961718e-23  -8.97770937e-24  -6.12515671e-52
  3.17600000e-05   0.00000000e+00   0.00000000e+00   6.36769272e-12   1.48689088e-23  -1.01157172e-23  -7.77637996e-52
  3.18400000e-05   0.00000000e+00   0.00000000e+00   5.54395606e-12   1.29454389e-23  -8.80712908e-24  -5.89460791e-52
  3.19200000e-05   0.00000000e+00   0.00000000e+00   5.99253770e-12   1.39929014e-23  -9.51974590e-24  -6.88711257e-52
  3.20000000e-05   0.00000000e+00   0.00000000e+00   7.61926335e-12   1.77913943e-23  -1.21039624e-23  -1.11331329e-51
  3.20800000e-05   0.00000000e+00   0.00000000e+00   6.63998773e-12   1.55047325e-23  -1.05482851e-23  -8.45556469e-52
  3.21600000e-05   0.00000000e+00   0.00000000e+00   6.09986914e-12   1.42435262e-23  -9.69025264e-24  -7.13591849e-52
  3.22400000e-05   0.00000000e+00   0.00000000e+00   7.48677881e-12   1.74820357e-23  -1.18934975e-23  -1.07491721e-51
  3.23200000e-05   0.00000000e+00   0.00000000e+00   6.58884808e-12   1.53853186e-23  -1.04670446e-23  -8.32583331e-52
  3.24000000e-05   0.00000000e+00   0.00000000e+00   6.65616423e-12   1.55425055e-23  -1.05739831e-23  -8.49660606e-52
  3.24800000e-05   0.00000000e+00   0.00000000e+00   6.27688448e-12   1.46568666e-23  -9.97145923e-24  -7.55598786e-52
  3.25600000e-05   0.00000000e+00   0.00000000e+00   6.95385314e-12   1.62376252e-23  -1.10468917e-23  -9.27412612e-52
  3.26400000e-05   0.00000000e+00   0.00000000e+00   6.69431892e-12   1.56315987e-23  -1.06345956e-23  -8.59418819e-52
  3.27200000e-05   0.00000000e+00   0.00000000e+00   7.13636203e-12   1.66637934e-23  -1.13368253e-23  -9.76666414e-52
  3.28000000e-05   0.00000000e+00   0.00000000e+00   6.06477495e-12   1.41615793e-23  -9.63450200e-24  -7.05385544e-52
  3.28800000e-05   0.00000000e+00   0.00000000e+00   6.88121658e-12   1.60680149e-23  -1.09315012e-23  -9.08067326e-52
  3.29600000e-05   0.00000000e+00   0.00000000e+00   6.11214048e-12   1.42721804e-23  -9.70974690e-24  -7.16445152e-52
  3.30400000e-05   0.00000000e+00   0.00000000e+00   6.79587155e-12   1.58687297e-23  -1.07959221e-23  -8.85696077e-52
  3.31200000e-05   0.00000000e+00   0.00000000e+00   6.36278949e-12   1.48574595e-23  -1.01079279e-23  -7.76450185e-52
  3.32000000e-05   0.00000000e+00   0.00000000e+00   6.95879908e-12   1.62491743e-23  -1.10547488e-23  -9.28663318e-52
  3.32800000e-05   0.00000000e+00   0.00000000e+00   6.21881706e-12   1.45212760e-23  -9.87921332e-24  -7.41705676e-52
  3.33600000e-05   0.00000000e+00   0.00000000e+00   7.35734596e-12   1.71798029e-23  -1.16878804e-23  -1.03809770e-51
  3.34400000e-05   0.00000000e+00   0.00000000e+00   5.56870433e-12   1.30032275e-23  -8.84644418e-24  -5.94744277e-52
  3.35200000e-05   0.00000000e+00   0.00000000e+00   7.32320835e-12   1.71000897e-23  -1.16336494e-23  -1.02847369e-51
  3.36000000e-05   0.00000000e+00   0.00000000e+00   6.20093661e-12   1.44795242e-23  -9.85080843e-24  -7.37427683e-52
  3.36800000e-05   0.00000000e+00   0.00000000e+00   6.72741404e-12   1.57088776e-23  -1.06871705e-23  -8.67931209e-52
  3.37600000e-05   0.00000000e+00   0.00000000e+00   6.60286161e-12   1.54180409e-23  -1.04893065e-23  -8.36111019e-52
  3.38400000e-05   0.00000000e+00   0.00000000e+00   7.16643681e-12   1.67340197e-23  -1.13846021e-23  -9.84930400e-52
  3.39200000e-05   0.00000000e+00   0.00000000e+00   6.57611681e-12   1.53555904e-23  -1.04468197e-23  -8.29377352e-52
  3.40000000e-05   0.00000000e+00   0.00000000e+00   7.27323824e-12   1.69834068e-23  -1.15542669e-23  -1.01450904e-51
  3.40800000e-05   0.00000000e+00   0.00000000e+00   7.20189848e-12   1.68168246e-23  -1.14409366e-23  -9.94704990e-52
  3.41600000e-05   0.00000000e+00   0.00000000e+00   6.70643375e-12   1.56598875e-23  -1.06538412e-23  -8.62541594e-52
  3.42400000e-05   0.00000000e+00   0.00000000e+00   6.03666774e-12   1.40959475e-23  -9.58985090e-24  -6.98879993e-52
  3.43200000e-05   0.00000000e+00   0.00000000e+00   5.95817269e-12   1.39126573e-23  -9.46515366e-24  -6.80817863e-52
  3.44000000e-05   0.00000000e+00   0.00000000e+00   6.43111740e-12   1.50170089e-23  -1.02164737e-23  -7.93185653e-52
  3.44800000e-05   0.00000000e+00   0.00000000e+00   5.73582266e-12   1.33934578e-23  -9.11192839e-24  -6.30956271e-52
  3.45600000e-05   0.00000000e+00   0.00000000e+00   7.25717425e-12   1.69458965e-23  -1.15287477e-23  -1.00999022e-51
  3.46400000e-05   0.00000000e+00   0.00000000e+00   5.63037145e-12   1.31472235e-23  -8.94440858e-24  -6.07987191e-52
  3.47200000e-05   0.00000000e+00   0.00000000e+00   6.11029296e-12   1.42678663e-23  -9.70681193e-24  -7.15988701e-52
  3.48000000e-05   0.00000000e+00   0.00000000e+00   7.07422794e-12   1.65187070e-23  -1.12381191e-23  -9.59715558e-52
  3.48800000e-05   0.00000000e+00   0.00000000e+00   6.66756210e-12   1.55691201e-23  -1.05920897e-23  -8.52578464e-52
  3.49600000e-05   0.00000000e+00   0.00000000e+00   6.60684223e-12   1.54273359e-23  -1.04956301e-23  -8.37120738e-52
  3.50400000e-05   0.00000000e+00   0.00000000e+00   5.93312236e-12   1.38541634e-23  -9.42535871e-24  -6.75119188e-52
  3.51200000e-05   0.00000000e+00   0.00000000e+00   6.17326812e-12   1.44149168e-23  -9.80685427e-24  -7.30869043e-52
  3.52000000e-05   0.00000000e+00   0.00000000e+00   5.93844994e-12   1.38666035e-23  -9.43382210e-24  -6.76328282e-52
  3.52800000e-05   0.00000000e+00   0.00000000e+00   6.49961448e-12   1.51769533e-23  -1.03252881e-23  -8.10153614e-52
  3.53600000e-05   0.00000000e+00   0.00000000e+00   6.92184025e-12   1.61628734e-23  -1.09960360e-23  -9.18831240e-52
  3.54400000e-05   0.00000000e+00   0.00000000e+00   5.96453522e-12   1.39275141e-23  -9.47526117e-24  -6.82252082e-52
  3.55200000e-05   0.00000000e+00   0.00000000e+00   6.38069863e-12   1.48992783e-23  -1.01363784e-23  -7.80779883e-52
  3.56000000e-05   0.00000000e+00   0.00000000e+00   5.75587525e-12   1.34402817e-23  -9.14378393e-24  -6.35367323e-52
  3.56800000e-05   0.00000000e+00   0.00000000e+00   6.28848595e-12   1.46839567e-23  -9.98988934e-24  -7.58357495e-52
  3.57600000e-05   0.00000000e+00   0.00000000e+00   6.61339630e-12   1.54426400e-23  -1.05060419e-23  -8.38778569e-52
  3.58400000e-05   0.00000000e+00   0.00000000e+00   5.54535119e-12   1.29486966e-23  -8.80934539e-24  -5.89764595e-52
  3.59200000e-05   0.00000000e+00   0.00000000e+00   4.45464217e-12   1.04018317e-23  -7.07664495e-24  -3.80584821e-52
  3.60000000e-05   0.00000000e+00   0.00000000e+00   6.37563933e-12   1.48874645e-23  -1.01283412e-23  -7.79547783e-52
  3.60800000e-05   0.00000000e+00   0.00000000e+00   6.60890813e-12   1.54321599e-23  -1.04989120e-23  -8.37635024e-52
  3.61600000e-05   0.00000000e+00   0.00000000e+00   5.89105834e-12   1.37559416e-23  -9.35853580e-24  -6.65546704e-52
  3.62400000e-05   0.00000000e+00   0.00000000e+00   5.59786744e-12   1.30713249e-23  -8.89277271e-24  -6.00962965e-52
  3.63200000e-05   0.00000000e+00   0.00000000e+00   5.69020935e-12   1.32869483e-23  -9.03946708e-24  -6.20934462e-52
  3.64000000e-05   0.00000000e+00   0.00000000e+00   6.21208241e-12   1.45055502e-23  -9.86851466e-24  -7.40055902e-52
  3.64800000e-05   0.00000000e+00   0.00000000e+00   4.74175865e-12   1.10722643e-23  -7.53275821e-24  -4.31211343e-52
  3.65600000e-05   0.00000000e+00   0.00000000e+00   5.08150419e-12   1.18655886e-23  -8.07247800e-24  -4.95220160e-52
  3.66400000e-05   0.00000000e+00   0.00000000e+00   4.40241960e-12   1.02798892e-23  -6.99368416e-24  -3.71705378e-52
  3.67200000e-05   0.00000000e+00   0.00000000e+00   5.33715013e-12   1.24625358e-23  -8.47859717e-24  -5.46268948e-52
  3.68000000e-05   0.00000000e+00   0.00000000e+00   5.90514888e-12   1.37888438e-23  -9.38092003e-24  -6.68729513e-52
  3.68800000e-05   0.00000000e+00   0.00000000e+00   5.18363074e-12   1.21040597e-23  -8.23471626e-24  -5.15338303e-52
  3.69600000e-05   0.00000000e+00   0.00000000e+00   3.98633614e-12   9.30831166e-24  -6.33269394e-24  -3.04775235e-52
  3.70400000e-05   0.00000000e+00   0.00000000e+00   5.33560096e-12   1.24589184e-23  -8.47613617e-24  -5.45997593e-52
  3.71200000e-05   0.00000000e+00   0.00000000e+00   5.36732424e-12   1.25329940e-23  -8.52653177e-24  -5.52481684e-52
  3.72000000e-05   0.00000000e+00   0.00000000e+00   5.28918056e-12   1.23505242e-23  -8.40239271e-24  -5.36521395e-52
  3.72800000e-05   0.00000000e+00   0.00000000e+00   5.69387954e-12   1.32955184e-23  -9.04529754e-24  -6.21769587e-52
  3.73600000e-05   0.00000000e+00   0.00000000e+00   4.97567138e-12   1.16184632e-23  -7.90435199e-24  -4.74808277e-52
  3.74400000e-05   0.00000000e+00   0.00000000e+00   4.41415901e-12   1.03073013e-23  -7.01233339e-24  -3.73701313e-52
  3.75200000e-05   0.00000000e+00   0.00000000e+00   5.85312779e-12   1.36673717e-23  -9.29827934e-24  -6.56995734e-52
  3.76000000e-05   0.00000000e+00   0.00000000e+00   5.29683329e-12   1.23683938e-23  -8.41454984e-24  -5.38061158e-52
  3.76800000e-05   0.00000000e+00   0.00000000e+00   5.30652595e-12   1.23910267e-23  -8.42994759e-24  -5.40032152e-52
  3.77600000e-05   0.00000000e+00   0.00000000e+00   5.17196209e-12   1.20768127e-23  -8.21617945e-24  -5.12992309e-52
  3.78400000e-05   0.00000000e+00   0.00000000e+00   4.63743701e-12   1.08286676e-23  -7.36703285e-24  -4.12447135e-52
  3.79200000e-05   0.00000000e+00   0.00000000e+00   4.29702022e-12   1.00337759e-23  -6.82624671e-24  -3.54097629e-52
  3.80000000e-05   0.00000000e+00   0.00000000e+00   5.06693529e-12   1.18315694e-23  -8.04933385e-24  -4.92357860e-52
  3.80800000e-05   0.00000000e+00   0.00000000e+00   3.79768400e-12   8.86779866e-24  -6.03300114e-24  -2.76596110e-52
  3.81600000e-05   0.00000000e+00   0.00000000e+00   4.45453373e-12   1.04015785e-23  -7.07647268e-24  -3.80541810e-52
  3.82400000e-05   0.00000000e+00   0.00000000e+00   4.51009546e-12   1.05313182e-23  -7.16473805e-24  -3.90094082e-52
  3.83200000e-05   0.00000000e+00   0.00000000e+00   4.52300257e-12   1.05614570e-23  -7.18524229e-24  -3.92335301e-52
  3.84000000e-05   0.00000000e+00   0.00000000e+00   4.09075473e-12   9.55213474e-24  -6.49857333e-24  -3.20934069e-52
  3.84800000e-05   0.00000000e+00   0.00000000e+00   4.67189222e-12   1.09091224e-23  -7.42176840e-24  -4.18578775e-52
  3.85600000e-05   0.00000000e+00   0.00000000e+00   4.43319012e-12   1.03517400e-23  -7.04256623e-24  -3.76916135e-52
  3.86400000e-05   0.00000000e+00   0.00000000e+00   4.21256395e-12   9.83656589e-24  -6.69207946e-24  -3.40327007e-52
  3.87200000e-05   0.00000000e+00   0.00000000e+00   4.03806949e-12   9.42911185e-24  -6.41487756e-24  -3.12708971e-52
  3.88000000e-05   0.00000000e+00   0.00000000e+00   4.27859726e-12   9.99075728e-24  -6.79698000e-24  -3.51071800e-52
  3.88800000e-05   0.00000000e+00   0.00000000e+00   3.57094170e-12   8.33834306e-24  -5.67279830e-24  -2.44551650e-52
  3.89600000e-05   0.00000000e+00   0.00000000e+00   4.69433964e-12   1.09615383e-23  -7.45742838e-24  -4.22601469e-52
  3.90400000e-05   0.00000000e+00   0.00000000e+00   4.19594847e-12   9.79776786e-24  -6.66568412e-24  -3.37641456e-52
  3.91200000e-05   0.00000000e+00   0.00000000e+00   3.63688096e-12   8.49231482e-24  -5.77754942e-24  -2.53669842e-52
  3.92000000e-05   0.00000000e+00   0.00000000e+00   4.08275008e-12   9.53344344e-24  -6.48585714e-24  -3.19661494e-52
  3.92800000e-05   0.00000000e+00   0.00000000e+00   4.36232182e-12   1.01862587e-23  -6.92998484e-24  -3.64945512e-52
  3.93600000e-05   0.00000000e+00   0.00000000e+00   3.97586721e-12   9.28386615e-24  -6.31606301e-24  -3.03146318e-52
  3.94400000e-05   0.00000000e+00   0.00000000e+00   3.39305271e-12   7.92296259e-24  -5.39020384e-24  -2.20803350e-52
  3.95200000e-05   0.00000000e+00   0.00000000e+00   4.18060321e-12   9.76193584e-24  -6.64130664e-24  -3.35169234e-52
  3.96000000e-05   0.00000000e+00   0.00000000e+00   3.18472780e-12   7.43651259e-24  -5.05925887e-24  -1.94529242e-52
  3.96800000e-05   0.00000000e+00   0.00000000e+00   3.23154335e-12   7.54582946e-24  -5.13363006e-24  -2.00274748e-52
  3.97600000e-05   0.00000000e+00   0.00000000e+00   3.51153753e-12   8.19963108e-24  -5.57842883e-24  -2.36475008e-52
  3.98400000e-05   0.00000000e+00   0.00000000e+00   4.22043667e-12   9.85494914e-24  -6.70458608e-24  -3.41583700e-52
  3.99200000e-05   0.00000000e+00   0.00000000e+00   3.08472406e-12   7.20299842e-24  -4.90039292e-24  -1.82484477e-52
  4.00000000e-05   0.00000000e+00   0.00000000e+00   3.50241831e-12   8.17833722e-24  -5.56394205e-24  -2.35246693e-52
  4.00800000e-05   0.00000000e+00   0.00000000e+00   3.12400977e-12   7.29473269e-24  -4.96280220e-24  -1.87165524e-52
  4.01600000e-05   0.00000000e+00   0.00000000e+00   3.67545683e-12   8.58239156e-24  -5.83883105e-24  -2.59065165e-52
  4.02400000e-05   0.00000000e+00   0.00000000e+00   3.48802984e-12   8.14473934e-24  -5.54108451e-24  -2.33316274e-52
  4.03200000e-05   0.00000000e+00   0.00000000e+00   3.95645785e-12   9.23854422e-24  -6.28522929e-24  -3.00192240e-52
  4.04000000e-05   0.00000000e+00   0.00000000e+00   2.85357163e-12   6.66324493e-24  -4.53318415e-24  -1.56169883e-52
  4.04800000e-05   0.00000000e+00   0.00000000e+00   2.93110958e-12   6.84430027e-24  -4.65636095e-24  -1.64762862e-52
  4.05600000e-05   0.00000000e+00   0.00000000e+00   3.09612630e-12   7.22962328e-24  -4.91850652e-24  -1.83834497e-52
  4.06400000e-05   0.00000000e+00   0.00000000e+00   3.84199043e-12   8.97125657e-24  -6.10338634e-24  -2.83067615e-52
  4.07200000e-05   0.00000000e+00   0.00000000e+00   1.69095274e-12   3.94846659e-24  -2.68624767e-24  -5.48441339e-53
  4.08000000e-05   0.00000000e+00   0.00000000e+00   2.70649570e-12   6.31981464e-24  -4.29953932e-24  -1.40471886e-52
  4.08800000e-05   0.00000000e+00   0.00000000e+00   3.31721267e-12   7.74587198e-24  -5.26972435e-24  -2.11021096e-52
  4.09600000e-05   0.00000000e+00   0.00000000e+00   2.43215770e-12   5.67922048e-24  -3.86372594e-24  -1.13446539e-52
  4.10400000e-05   0.00000000e+00   0.00000000e+00   2.24046437e-12   5.23160614e-24  -3.55920190e-24  -9.62685884e-53
  4.11200000e-05   0.00000000e+00   0.00000000e+00   2.74062976e-12   6.39951953e-24  -4.35376469e-24  -1.44040530e-52
  4.12000000e-05   0.00000000e+00   0.00000000e+00   2.61611306e-12   6.10876625e-24  -4.15595744e-24  -1.31256845e-52
  4.12800000e-05   0.00000000e+00   0.00000000e+00   1.91012756e-12   4.46025173e-24  -3.03442882e-24  -6.99774813e-53
  4.13600000e-05   0.00000000e+00   0.00000000e+00   2.51079776e-12   5.86284931e-24  -3.98865355e-24  -1.20894155e-52
  4.14400000e-05   0.00000000e+00   0.00000000e+00   1.52608133e-12   3.56348289e-24  -2.42433294e-24  -4.46670446e-53
  4.15200000e-05   0.00000000e+00   0.00000000e+00   2.18249763e-12   5.09625065e-24  -3.46711594e-24  -9.13537933e-53
  4.16000000e-05   0.00000000e+00   0.00000000e+00   1.78464730e-12   4.16724849e-24  -2.83509086e-24  -6.10841076e-53
  4.16800000e-05   0.00000000e+00   0.00000000e+00   2.55742651e-12   5.97172997e-24  -4.06272798e-24  -1.25433299e-52
  4.17600000e-05   0.00000000e+00   0.00000000e+00   1.94158393e-12   4.53370406e-24  -3.08440041e-24  -7.23014211e-53
  4.18400000e-05   0.00000000e+00   0.00000000e+00   2.18263965e-12   5.09658228e-24  -3.46734155e-24  -9.13672941e-53
  4.19200000e-05   0.00000000e+00   0.00000000e+00   1.63080302e-12   3.80801374e-24  -2.59069383e-24  -5.10080810e-53
  4.20000000e-05   0.00000000e+00   0.00000000e+00   2.24316367e-12   5.23790916e-24  -3.56349002e-24  -9.64999505e-53
  4.20800000e-05   0.00000000e+00   0.00000000e+00   2.00374229e-12   4.67884721e-24  -3.18314519e-24  -7.69951812e-53
  4.21600000e-05   0.00000000e+00   0.00000000e+00   2.36205156e-12   5.51551885e-24  -3.75235533e-24  -1.06994514e-52
  4.22400000e-05   0.00000000e+00   0.00000000e+00   1.43302124e-12   3.34618253e-24  -2.27649768e-24  -3.93827171e-53
  4.23200000e-05   0.00000000e+00   0.00000000e+00   1.41735600e-12   3.30960332e-24  -2.25161186e-24  -3.85263904e-53
  4.24000000e-05   0.00000000e+00   0.00000000e+00   1.18387733e-12   2.76441794e-24  -1.88070763e-24  -2.68814152e-53
  4.24800000e-05   0.00000000e+00   0.00000000e+00   2.04691523e-12   4.77965836e-24  -3.25172971e-24  -8.03436082e-53
  4.25600000e-05   0.00000000e+00   0.00000000e+00   1.81117155e-12   4.22918406e-24  -2.87722729e-24  -6.29139915e-53
  4.26400000e-05   0.00000000e+00   0.00000000e+00   1.37025232e-12   3.19961368e-24  -2.17678296e-24  -3.60110486e-53
  4.27200000e-05   0.00000000e+00   0.00000000e+00   9.22912854e-13   2.15505170e-24  -1.46613944e-24  -1.63370352e-53
  4.28000000e-05   0.00000000e+00   0.00000000e+00   1.63071725e-12   3.80781345e-24  -2.59055757e-24  -5.09960383e-53
  4.28800000e-05   0.00000000e+00   0.00000000e+00   1.93292403e-12   4.51348272e-24  -3.07064329e-24  -7.16492792e-53
  4.29600000e-05   0.00000000e+00   0.00000000e+00   1.27371125e-12   2.97418503e-24  -2.02341780e-24  -3.11102575e-53
  4.30400000e-05   0.00000000e+00   0.00000000e+00   1.61485942e-12   3.77078456e-24  -2.56536582e-24  -5.00104825e-53
  4.31200000e-05   0.00000000e+00   0.00000000e+00   1.07278257e-12   2.50500564e-24  -1.70422249e-24  -2.20690697e-53
  4.32000000e-05   0.00000000e+00   0.00000000e+00   1.45438956e-12   3.39607872e-24  -2.31044339e-24  -4.05632031e-53
  4.32800000e-05   0.00000000e+00   0.00000000e+00   1.61954472e-12   3.78172500e-24  -2.57280889e-24  -5.02999615e-53
  4.33600000e-05   0.00000000e+00   0.00000000e+00   9.76233107e-13   2.27955739e-24  -1.55084400e-24  -1.82803016e-53
  4.34400000e-05   0.00000000e+00   0.00000000e+00   2.83304653e-13   6.61531771e-25  -4.50057798e-25  -1.54018243e-54
  4.35200000e-05   0.00000000e+00   0.00000000e+00   5.38842837e-13   1.25822733e-24  -8.56005779e-25  -5.56914769e-54
  4.36000000e-05   0.00000000e+00   0.00000000e+00   1.55495980e-12   3.63091569e-24  -2.47020928e-24  -4.63660936e-53
  4.36800000e-05   0.00000000e+00   0.00000000e+00   8.82551438e-13   2.06080560e-24  -1.40202129e-24  -1.49389460e-53
  4.37600000e-05   0.00000000e+00   0.00000000e+00   5.51942889e-13   1.28881666e-24  -8.76816523e-25  -5.84322416e-54
  4.38400000e-05   0.00000000e+00   0.00000000e+00   4.64654712e-13   1.08499402e-24  -7.38150518e-25  -4.14119076e-54
  4.39200000e-05   0.00000000e+00   0.00000000e+00   7.94683883e-13   1.85563008e-24  -1.26243489e-24  -1.21102884e-53
  4.40000000e-05   0.00000000e+00   0.00000000e+00   1.85503805e-12   4.33161472e-24  -2.94691361e-24  -6.59870125e-53
  4.40800000e-05   0.00000000e+00   0.00000000e+00   1.08098426e-12   2.52415703e-24  -1.71725170e-24  -2.24073175e-53
  4.41600000e-05   0.00000000e+00   0.00000000e+00   5.36617141e-13   1.25303021e-24  -8.52470040e-25  -5.52421677e-54
  4.42400000e-05   0.00000000e+00   0.00000000e+00   6.02655228e-13   1.40723273e-24  -9.57378151e-25  -6.96519577e-54
  4.43200000e-05   0.00000000e+00   0.00000000e+00   4.08503904e-13   9.53878830e-25  -6.48949339e-25  -3.20190021e-54
  4.44000000e-05   0.00000000e+00   0.00000000e+00   2.31162896e-13   5.39777933e-25  -3.67225398e-25  -1.02507270e-54
  4.44800000e-05   0.00000000e+00   0.00000000e+00   1.51842757e-12   3.54561096e-24  -2.41217418e-24  -4.42116813e-53
  4.45600000e-05   0.00000000e+00   0.00000000e+00  -3.24909609e-13  -7.58681605e-25   5.16151434e-25  -2.02350865e-54
  4.46400000e-05   0.00000000e+00   0.00000000e+00   3.38172341e-13   7.89650807e-25  -5.37220612e-25  -2.19340433e-54
  4.47200000e-05   0.00000000e+00   0.00000000e+00   3.61374343e-13   8.43828741e-25  -5.74079314e-25  -2.50476469e-54
  4.48000000e-05   0.00000000e+00   0.00000000e+00  -3.40782867e-13  -7.95746526e-25   5.41367693e-25  -2.22603659e-54
  4.48800000e-05   0.00000000e+00   0.00000000e+00   8.12087652e-13   1.89626883e-24  -1.29008252e-24  -1.26498077e-53
  4.49600000e-05   0.00000000e+00   0.00000000e+00  -3.34280578e-13  -7.80563328e-25   5.31038157e-25  -2.14117043e-54
  4.50400000e-05   0.00000000e+00   0.00000000e+00  -1.47407852e-12  -3.44205350e-24   2.34172127e-24  -4.16635728e-53
  4.51200000e-05   0.00000000e+00   0.00000000e+00   3.94822793e-13   9.21932691e-25  -6.27215525e-25  -2.99033684e-54
  4.52000000e-05   0.00000000e+00   0.00000000e+00   1.66523412e-13   3.88841222e-25  -2.64539107e-25  -5.31979848e-55
  4.52800000e-05   0.00000000e+00   0.00000000e+00  -6.43322601e-14  -1.50219326e-25   1.02198234e-25  -7.92385979e-56
  4.53600000e-05   0.00000000e+00   0.00000000e+00  -5.00817190e-13  -1.16943537e-24   7.95598234e-25  -4.80884316e-54
  4.54400000e-05   0.00000000e+00   0.00000000e+00   3.54323442e-13   8.27364506e-25  -5.62878253e-25  -2.40863575e-54
  4.55200000e-05   0.00000000e+00   0.00000000e+00  -5.37787227e-13  -1.25576242e-24   8.54328838e-25  -5.54471914e-54
  4.56000000e-05   0.00000000e+00   0.00000000e+00   3.24049647e-13   7.56673548e-25  -5.14785299e-25  -2.01322082e-54
  4.56800000e-05   0.00000000e+00   0.00000000e+00   2.07535031e-14   4.84605583e-26  -3.29690169e-26  -8.28841783e-57
  4.57600000e-05   0.00000000e+00   0.00000000e+00  -4.14022399e-13  -9.66764817e-25   6.57716021e-25  -3.28626992e-54
  4.58400000e-05   0.00000000e+00   0.00000000e+00  -7.12205286e-13  -1.66303807e-24   1.13140938e-24  -9.72547524e-54
  4.59200000e-05   0.00000000e+00   0.00000000e+00  -5.79501977e-13  -1.35316863e-24   9.20596894e-25  -6.43874155e-54
  4.60000000e-05   0.00000000e+00   0.00000000e+00   6.14491175e-14   1.43487031e-25  -9.76180736e-26  -7.22622264e-56
  4.60800000e-05   0.00000000e+00   0.00000000e+00   3.70780917e-14   8.65793604e-26  -5.89022599e-26  -2.63797594e-56
  4.61600000e-05   0.00000000e+00   0.00000000e+00  -6.62304685e-13  -1.54651746e-24   1.05213728e-24  -8.41584144e-54
  4.62400000e-05   0.00000000e+00   0.00000000e+00   4.52040740e-13   1.05553971e-24  -7.18111961e-25  -3.91639687e-54
  4.63200000e-05   0.00000000e+00   0.00000000e+00  -1.69023957e-13  -3.94680131e-25   2.68511474e-25  -5.47437821e-55
  4.64000000e-05   0.00000000e+00   0.00000000e+00  -7.30842015e-13  -1.70655585e-24   1.16101569e-24  -1.02414813e-53
  4.64800000e-05   0.00000000e+00   0.00000000e+00  -7.15321611e-13  -1.67031486e-24   1.13635998e-24  -9.81276899e-54
  4.65600000e-05   0.00000000e+00   0.00000000e+00  -7.83497431e-13  -1.82950911e-24   1.24466409e-24  -1.17723980e-53
  4.66400000e-05   0.00000000e+00   0.00000000e+00   3.23091767e-13   7.54436846e-25  -5.13263611e-25  -2.00092997e-54
  4.67200000e-05   0.00000000e+00   0.00000000e+00  -6.77787887e-13  -1.58267157e-24   1.07673390e-24  -8.80953005e-54
  4.68000000e-05   0.00000000e+00   0.00000000e+00   1.66197607e-13   3.88080450e-25  -2.64021534e-25  -5.29216851e-55
  4.68800000e-05   0.00000000e+00   0.00000000e+00  -9.21456579e-13  -2.15165122e-24   1.46382601e-24  -1.62803706e-53
  4.69600000e-05   0.00000000e+00   0.00000000e+00  -5.90746160e-13  -1.37942441e-24   9.38459404e-25  -6.69226446e-54
  4.70400000e-05   0.00000000e+00   0.00000000e+00  -7.49836983e-13  -1.75091013e-24   1.19119110e-24  -1.07842240e-53
  4.71200000e-05   0.00000000e+00   0.00000000e+00  -3.63386353e-13  -8.48526894e-25   5.77275593e-25  -2.53309754e-54
  4.72000000e-05   0.00000000e+00   0.00000000e+00  -3.75559495e-13  -8.76951843e-25   5.96613847e-25  -2.70415994e-54
  4.72800000e-05   0.00000000e+00   0.00000000e+00  -8.05655294e-13  -1.88124892e-24   1.27986407e-24  -1.24462866e-53
  4.73600000e-05   0.00000000e+00   0.00000000e+00  -4.61089086e-13  -1.07666809e-24   7.32486164e-25  -4.07781238e-54
  4.74400000e-05   0.00000000e+00   0.00000000e+00  -7.01803050e-13  -1.63874828e-24   1.11488439e-24  -9.44581641e-54
  4.75200000e-05   0.00000000e+00   0.00000000e+00  -1.15807564e-12  -2.70416959e-24   1.83971906e-24  -2.57187974e-53
  4.76000000e-05   0.00000000e+00   0.00000000e+00  -6.13213556e-13  -1.43188700e-24   9.74151112e-25  -7.21268907e-54
  4.76800000e-05   0.00000000e+00   0.00000000e+00  -1.92512507e-13  -4.49527173e-25   3.05825387e-25  -7.11138788e-55
  4.77600000e-05   0.00000000e+00   0.00000000e+00  -6.59803657e-13  -1.54067742e-24   1.04816415e-24  -8.34624781e-54
  4.78400000e-05   0.00000000e+00   0.00000000e+00  -1.49467657e-12  -3.49015108e-24   2.37444334e-24  -4.28383801e-53
  4.79200000e-05   0.00000000e+00   0.00000000e+00  -5.60782897e-13  -1.30945856e-24   8.90859762e-25  -6.03241817e-54
  4.80000000e-05   0.00000000e+00   0.00000000e+00  -5.97310712e-13  -1.39475299e-24   9.48887852e-25  -6.84112497e-54
  4.80800000e-05   0.00000000e+00   0.00000000e+00  -5.61014292e-13  -1.30999888e-24   8.91227355e-25  -6.03525416e-54
  4.81600000e-05   0.00000000e+00   0.00000000e+00  -8.27202189e-13  -1.93156209e-24   1.31409347e-24  -1.31216256e-53
  4.82400000e-05   0.00000000e+00   0.00000000e+00  -1.09339009e-12  -2.55312531e-24   1.73695959e-24  -2.29257241e-53
  4.83200000e-05   0.00000000e+00   0.00000000e+00  -7.52470197e-13  -1.75705883e-24   1.19537422e-24  -1.08572292e-53
  4.84000000e-05   0.00000000e+00   0.00000000e+00  -1.16020655e-12  -2.70914538e-24   1.84310423e-24  -2.58125968e-53
  4.84800000e-05   0.00000000e+00   0.00000000e+00  -1.03947529e-12  -2.42723134e-24   1.65131055e-24  -2.07213042e-53
  4.85600000e-05   0.00000000e+00   0.00000000e+00  -7.66117528e-13  -1.78892609e-24   1.21705438e-24  -1.12567119e-53
  4.86400000e-05   0.00000000e+00   0.00000000e+00  -8.30353596e-13  -1.93892080e-24   1.31909980e-24  -1.32235723e-53
  4.87200000e-05   0.00000000e+00   0.00000000e+00  -6.51216302e-13  -1.52062548e-24   1.03452228e-24  -8.13354034e-54
  4.88000000e-05   0.00000000e+00   0.00000000e+00  -1.04772402e-12  -2.44649257e-24   1.66441448e-24  -2.10526585e-53
  4.88800000e-05   0.00000000e+00   0.00000000e+00  -7.33920977e-13  -1.71374539e-24   1.16590693e-24  -1.03309780e-53
  4.89600000e-05   0.00000000e+00   0.00000000e+00  -4.39154552e-13  -1.02544976e-24   6.97640961e-25  -3.69919207e-54
  4.90400000e-05   0.00000000e+00   0.00000000e+00  -1.21548853e-12  -2.83823182e-24   1.93092519e-24  -2.83348380e-53
  4.91200000e-05   0.00000000e+00   0.00000000e+00  -9.94141401e-13  -2.32137423e-24   1.57929312e-24  -1.89548227e-53
  4.92000000e-05   0.00000000e+00   0.00000000e+00  -1.32838811e-12  -3.10185847e-24   2.11027747e-24  -3.38412988e-53
  4.92800000e-05   0.00000000e+00   0.00000000e+00  -1.35490877e-12  -3.16378567e-24   2.15240820e-24  -3.52060431e-53
  4.93600000e-05   0.00000000e+00   0.00000000e+00  -9.89121744e-13  -2.30965306e-24   1.57131889e-24  -1.87656851e-53
  4.94400000e-05   0.00000000e+00   0.00000000e+00  -1.10789769e-12  -2.58700136e-24   1.76000637e-24  -2.35400205e-53
  4.95200000e-05   0.00000000e+00   0.00000000e+00   1.01313415e-13   2.36572333e-25  -1.60946500e-25  -1.96593170e-55
  4.96000000e-05   0.00000000e+00   0.00000000e+00  -1.00623859e-12  -2.34962182e-24   1.59851071e-24  -1.94171692e-53
  4.96800000e-05   0.00000000e+00   0.00000000e+00  -1.14759480e-12  -2.67969627e-24   1.82306921e-24  -2.52559088e-53
  4.97600000e-05   0.00000000e+00   0.00000000e+00  -1.26500461e-12  -2.95385456e-24   2.00958645e-24  -3.06875423e-53
  4.98400000e-05   0.00000000e+00   0.00000000e+00  -4.87015906e-13  -1.13720862e-24   7.73673512e-25  -4.54977679e-54
  4.99200000e-05   0.00000000e+00   0.00000000e+00  -9.41958666e-13  -2.19952471e-24   1.49639562e-24  -1.70175513e-53
  5.00000000e-05   0.00000000e+00   0.00000000e+00  -6.45708462e-13  -1.50776437e-24   1.02577252e-24  -7.99690615e-54
  5.00800000e-05   0.00000000e+00   0.00000000e+00  -1.37759775e-12  -3.21676566e-24   2.18845191e-24  -3.63961664e-53
  5.01600000e-05   0.00000000e+00   0.00000000e+00  -9.70514124e-13  -2.26620325e-24   1.54175882e-24  -1.80647838e-53
  5.02400000e-05   0.00000000e+00   0.00000000e+00  -1.59638860e-12  -3.72765419e-24   2.53602307e-24  -4.88691336e-53
  5.03200000e-05   0.00000000e+00   0.00000000e+00  -1.36831661e-12  -3.19509370e-24   2.17370790e-24  -3.59066211e-53
  5.04000000e-05   0.00000000e+00   0.00000000e+00  -1.15684073e-12  -2.70128600e-24   1.83775728e-24  -2.56663812e-53
  5.04800000e-05   0.00000000e+00   0.00000000e+00  -1.28643167e-12  -3.00388791e-24   2.04362547e-24  -3.17370514e-53
  5.05600000e-05   0.00000000e+00   0.00000000e+00  -1.35875248e-12  -3.17276094e-24   2.15851432e-24  -3.54057790e-53
  5.06400000e-05   0.00000000e+00   0.00000000e+00  -9.24130020e-13  -2.15789385e-24   1.46807303e-24  -1.63812015e-53
  5.07200000e-05   0.00000000e+00   0.00000000e+00  -1.79897941e-12  -4.20071476e-24   2.85785886e-24  -6.20608295e-53
  5.08000000e-05   0.00000000e+00   0.00000000e+00  -8.81684317e-13  -2.05878083e-24   1.40064379e-24  -1.49093202e-53
  5.08800000e-05   0.00000000e+00   0.00000000e+00  -1.04620332e-12  -2.44294165e-24   1.66199869e-24  -2.09924487e-53
  5.09600000e-05   0.00000000e+00   0.00000000e+00  -1.11898811e-12  -2.61289809e-24   1.77762462e-24  -2.40128070e-53
  5.10400000e-05   0.00000000e+00   0.00000000e+00  -1.37893034e-12  -3.21987732e-24   2.19056886e-24  -3.64638024e-53
  5.11200000e-05   0.00000000e+00   0.00000000e+00  -1.52453838e-12  -3.55988003e-24   2.42188181e-24  -4.45722600e-53
  5.12000000e-05   0.00000000e+00   0.00000000e+00  -1.06291717e-12  -2.48196938e-24   1.68855031e-24  -2.16690465e-53
  5.12800000e-05   0.00000000e+00   0.00000000e+00  -7.52401397e-13  -1.75689818e-24   1.19526493e-24  -1.08577650e-53
  5.13600000e-05   0.00000000e+00   0.00000000e+00  -1.89887490e-12  -4.43397614e-24   3.01655283e-24  -6.91432212e-53
  5.14400000e-05   0.00000000e+00   0.00000000e+00  -1.01986104e-12  -2.38143100e-24   1.62015135e-24  -1.99485384e-53
  5.15200000e-05   0.00000000e+00   0.00000000e+00  -1.18973033e-12  -2.77808501e-24   1.89000570e-24  -2.71443947e-53
  5.16000000e-05   0.00000000e+00   0.00000000e+00  -1.15270104e-12  -2.69161962e-24   1.83118098e-24  -2.54819004e-53
  5.16800000e-05   0.00000000e+00   0.00000000e+00  -1.16944161e-12  -2.73070974e-24   1.85777504e-24  -2.62269733e-53
  5.17600000e-05   0.00000000e+00   0.00000000e+00  -1.51528723e-12  -3.53827809e-24   2.40718544e-24  -4.40312102e-53
  5.18400000e-05   0.00000000e+00   0.00000000e+00  -1.39311346e-12  -3.25299569e-24   2.21310017e-24  -3.72217304e-53
  5.19200000e-05   0.00000000e+00   0.00000000e+00  -9.18752894e-13  -2.14533797e-24   1.45953093e-24  -1.61899968e-53
  5.20000000e-05   0.00000000e+00   0.00000000e+00  -1.58246864e-12  -3.69515032e-24   2.51390982e-24  -4.80229936e-53
  5.20800000e-05   0.00000000e+00   0.00000000e+00  -1.10304871e-12  -2.57567872e-24   1.75230328e-24  -2.33346472e-53
  5.21600000e-05   0.00000000e+00   0.00000000e+00  -2.30876921e-12  -5.39110166e-24   3.66771098e-24  -1.02216806e-52
  5.22400000e-05   0.00000000e+00   0.00000000e+00  -1.36209675e-12  -3.18056997e-24   2.16382701e-24  -3.55822131e-53
  5.23200000e-05   0.00000000e+00   0.00000000e+00  -1.00693651e-12  -2.35125150e-24   1.59961943e-24  -1.94461924e-53
  5.24000000e-05   0.00000000e+00   0.00000000e+00  -1.28023248e-12  -2.98941247e-24   2.03377744e-24  -3.14313851e-53
  5.24800000e-05   0.00000000e+00   0.00000000e+00  -1.42867670e-12  -3.33603778e-24   2.26959593e-24  -3.91430852e-53
  5.25600000e-05   0.00000000e+00   0.00000000e+00  -1.13388998e-12  -2.64769475e-24   1.80129772e-24  -2.46561369e-53
  5.26400000e-05   0.00000000e+00   0.00000000e+00  -1.30130271e-12  -3.03861260e-24   2.06724961e-24  -3.24744596e-53
  5.27200000e-05   0.00000000e+00   0.00000000e+00  -1.66706352e-12  -3.89268398e-24   2.64829726e-24  -5.33016546e-53
  5.28000000e-05   0.00000000e+00   0.00000000e+00  -1.09644431e-12  -2.56025710e-24   1.74181154e-24  -2.30583854e-53
  5.28800000e-05   0.00000000e+00   0.00000000e+00  -1.67740500e-12  -3.91683188e-24   2.66472573e-24  -5.39571705e-53
  5.29600000e-05   0.00000000e+00   0.00000000e+00  -1.03243710e-12  -2.41079677e-24   1.64012967e-24  -2.04446693e-53
  5.30400000e-05   0.00000000e+00   0.00000000e+00  -1.16345189e-12  -2.71672344e-24   1.84825978e-24  -2.59600686e-53
  5.31200000e-05   0.00000000e+00   0.00000000e+00  -1.03149244e-12  -2.40859094e-24   1.63862898e-24  -2.04071152e-53
  5.32000000e-05   0.00000000e+00   0.00000000e+00  -5.53739037e-13  -1.29301076e-24   8.79669885e-25  -5.88170426e-54
  5.32800000e-05   0.00000000e+00   0.00000000e+00  -1.42518563e-12  -3.32788595e-24   2.26405002e-24  -3.89575540e-53
  5.33600000e-05   0.00000000e+00   0.00000000e+00  -7.74352894e-13  -1.80815612e-24   1.23013708e-24  -1.15018668e-53
  5.34400000e-05   0.00000000e+00   0.00000000e+00  -1.24103800e-12  -2.89789123e-24   1.97151308e-24  -2.95401095e-53
  5.35200000e-05   0.00000000e+00   0.00000000e+00  -1.18399042e-12  -2.76468201e-24   1.88088728e-24  -2.68843328e-53
  5.36000000e-05   0.00000000e+00   0.00000000e+00  -9.33809322e-13  -2.18049555e-24   1.48344957e-24  -1.67244426e-53
  5.36800000e-05   0.00000000e+00   0.00000000e+00  -1.42164585e-12  -3.31962037e-24   2.25842673e-24  -3.87590785e-53
  5.37600000e-05   0.00000000e+00   0.00000000e+00  -1.60897644e-12  -3.75704749e-24   2.55602012e-24  -4.96481414e-53
  5.38400000e-05   0.00000000e+00   0.00000000e+00  -1.42618831e-12  -3.33022727e-24   2.26564288e-24  -3.90068994e-53
  5.39200000e-05   0.00000000e+00   0.00000000e+00  -1.57786496e-12  -3.68440048e-24   2.50659641e-24  -4.77450613e-53
  5.40000000e-05   0.00000000e+00   0.00000000e+00  -1.66062413e-12  -3.87764765e-24   2.63806765e-24  -5.28828057e-53
  5.40800000e-05   0.00000000e+00   0.00000000e+00  -1.60103775e-12  -3.73851021e-24   2.54340871e-24  -4.91595119e-53
  5.41600000e-05   0.00000000e+00   0.00000000e+00  -1.54741115e-12  -3.61328918e-24   2.45821749e-24  -4.59204689e-53
  5.42400000e-05   0.00000000e+00   0.00000000e+00  -1.60954799e-12  -3.75838209e-24   2.55692809e-24  -4.96824384e-53
  5.43200000e-05   0.00000000e+00   0.00000000e+00  -4.73895979e-13  -1.10657288e-24   7.52831195e-25  -4.30844575e-54
  5.44000000e-05   0.00000000e+00   0.00000000e+00  -1.24792828e-12  -2.91398038e-24   1.98245897e-24  -2.98644034e-53
  5.44800000e-05   0.00000000e+00   0.00000000e+00  -1.53110548e-12  -3.57521456e-24   2.43231431e-24  -4.49561771e-53
  5.45600000e-05   0.00000000e+00   0.00000000e+00  -1.23275629e-12  -2.87855297e-24   1.95835675e-24  -2.91420498e-53
  5.46400000e-05   0.00000000e+00   0.00000000e+00  -1.61410257e-12  -3.76901727e-24   2.56416349e-24  -4.99615424e-53
  5.47200000e-05   0.00000000e+00   0.00000000e+00  -1.00746114e-12  -2.35247656e-24   1.60045286e-24  -1.94675149e-53
  5.48000000e-05   0.00000000e+00   0.00000000e+00  -5.00116165e-13  -1.16779844e-24   7.94484585e-25  -4.79789956e-54
  5.48800000e-05   0.00000000e+00   0.00000000e+00  -1.58198789e-12  -3.69402775e-24   2.51314611e-24  -4.79957361e-53
  5.49600000e-05   0.00000000e+00   0.00000000e+00  -1.20344387e-12  -2.81010687e-24   1.91179104e-24  -2.77769018e-53
  5.50400000e-05   0.00000000e+00   0.00000000e+00  -1.78417827e-12  -4.16615329e-24   2.83434577e-24  -6.10483976e-53
  5.51200000e-05   0.00000000e+00   0.00000000e+00  -1.39568419e-12  -3.25899848e-24   2.21718403e-24  -3.73534655e-53
  5.52000000e-05   0.00000000e+00   0.00000000e+00  -1.94391192e-12  -4.53914004e-24   3.08809865e-24  -7.24639121e-53
  5.52800000e-05   0.00000000e+00   0.00000000e+00  -1.32566420e-12  -3.09549801e-24   2.10595028e-24  -3.37017976e-53
  5.53600000e-05   0.00000000e+00   0.00000000e+00  -1.13439020e-12  -2.64886281e-24   1.80209238e-24  -2.46793587e-53
  5.54400000e-05   0.00000000e+00   0.00000000e+00  -1.22636148e-12  -2.86362074e-24   1.94819795e-24  -2.88403987e-53
  5.55200000e-05   0.00000000e+00   0.00000000e+00  -1.62134978e-12  -3.78593990e-24   2.57567640e-24  -5.04111045e-53
  5.56000000e-05   0.00000000e+00   0.00000000e+00  -1.63087187e-12  -3.80817451e-24   2.59080320e-24  -5.10106651e-53
  5.56800000e-05   0.00000000e+00   0.00000000e+00  -1.02547791e-12  -2.39454668e-24   1.62907430e-24  -2.01703574e-53
  5.57600000e-05   0.00000000e+00   0.00000000e+00  -1.40849731e-12  -3.28891782e-24   2.23753896e-24  -3.80448722e-53
  5.58400000e-05   0.00000000e+00   0.00000000e+00  -1.19139338e-12  -2.78196833e-24   1.89264763e-24  -2.72215354e-53
  5.59200000e-05   0.00000000e+00   0.00000000e+00  -1.38353754e-12  -3.23063540e-24   2.19788786e-24  -3.67091441e-53
  5.60000000e-05   0.00000000e+00   0.00000000e+00  -1.25507464e-12  -2.93066754e-24   1.99381169e-24  -3.02137951e-53
  5.60800000e-05   0.00000000e+00   0.00000000e+00  -4.81272522e-13  -1.12379751e-24   7.64549571e-25  -4.44381442e-54
  5.61600000e-05   0.00000000e+00   0.00000000e+00  -9.37532552e-13  -2.18918949e-24   1.48936430e-24  -1.68583992e-53
  5.62400000e-05   0.00000000e+00   0.00000000e+00  -1.54163482e-12  -3.59980115e-24   2.44904122e-24  -4.55756771e-53
  5.63200000e-05   0.00000000e+00   0.00000000e+00  -1.22070402e-12  -2.85041026e-24   1.93921051e-24  -2.85768640e-53
  5.64000000e-05   0.00000000e+00   0.00000000e+00  -1.28447958e-12  -2.99932967e-24   2.04052437e-24  -3.16441957e-53
  5.64800000e-05   0.00000000e+00   0.00000000e+00  -1.29527843e-12  -3.02454556e-24   2.05767942e-24  -3.21757957e-53
  5.65600000e-05   0.00000000e+00   0.00000000e+00  -1.40601217e-12  -3.28311488e-24   2.23359106e-24  -3.79124634e-53
  5.66400000e-05   0.00000000e+00   0.00000000e+00  -1.09273173e-12  -2.55158802e-24   1.73591373e-24  -2.29013354e-53
  5.67200000e-05   0.00000000e+00   0.00000000e+00  -1.22298189e-12  -2.85572923e-24   1.94282915e-24  -2.86843008e-53
  5.68000000e-05   0.00000000e+00   0.00000000e+00  -1.13032902e-12  -2.63937972e-24   1.79564078e-24  -2.45029525e-53
  5.68800000e-05   0.00000000e+00   0.00000000e+00  -9.34697450e-13  -2.18256937e-24   1.48486045e-24  -1.67559662e-53
  5.69600000e-05   0.00000000e+00   0.00000000e+00  -8.29834371e-13  -1.93770838e-24   1.31827496e-24  -1.32090438e-53
  5.70400000e-05   0.00000000e+00   0.00000000e+00  -1.19959388e-12  -2.80111694e-24   1.90567494e-24  -2.75963653e-53
  5.71200000e-05   0.00000000e+00   0.00000000e+00  -9.65024809e-13  -2.25338541e-24   1.53303850e-24  -1.78602060e-53
  5.72000000e-05   0.00000000e+00   0.00000000e+00  -1.33591326e-12  -3.11943011e-24   2.12223193e-24  -3.42264835e-53
  5.72800000e-05   0.00000000e+00   0.00000000e+00  -3.10702920e-07  -7.25508243e-19   4.93582643e-19  -1.85099460e-42
  5.73600000e-05   0.00000000e+00   0.00000000e+00   8.59780394e-08   2.00763600e-19  -1.36584423e-19  -1.41803583e-43
  5.74400000e-05   0.00000000e+00   0.00000000e+00  -2.30481795e-06  -5.38188483e-18   3.66141991e-18  -1.01852866e-40
  5.75200000e-05   0.00000000e+00   0.00000000e+00  -1.17552431e-06  -2.74492799e-18   1.86741627e-18  -2.65005077e-41
  5.76000000e-05   0.00000000e+00   0.00000000e+00  -5.75577695e-06  -1.34402543e-17   9.14333069e-18  -6.35262551e-40
  5.76800000e-05   0.00000000e+00   0.00000000e+00  -2.20961588e-06  -5.15970928e-18   3.50999601e-18  -9.36454065e-41
  5.77600000e-05   0.00000000e+00   0.00000000e+00  -3.72877401e-06  -8.70720881e-18   5.92306219e-18  -2.66672234e-40
  5.78400000e-05   0.00000000e+00   0.00000000e+00  -1.08099233e-06  -2.52428530e-18   1.71710368e-18  -2.24236503e-41
  5.79200000e-05   0.00000000e+00   0.00000000e+00   0.00000000e+00   0.00000000e+00   0.00000000e+00   0.00000000e+00
  5.80000000e-05   0.00000000e+00   0.00000000e+00   0.00000000e+00   0.00000000e+00   0.00000000e+00   0.00000000e+00
