       time             b_x              b_y              b_z              F_x              F_y              F_z
  0.00000000e+00   0.00000000e+00   0.00000000e+00   0.00000000e+00  -0.00000000e+00   0.00000000e+00   0.00000000e+00
  8.00000000e-08   0.00000000e+00   0.00000000e+00   0.00000000e+00  -0.00000000e+00   0.00000000e+00   0.00000000e+00
  1.60000000e-07   0.00000000e+00   0.00000000e+00   0.00000000e+00  -0.00000000e+00   0.00000000e+00   0.00000000e+00
  2.40000000e-07   0.00000000e+00   0.00000000e+00   0.00000000e+00  -0.00000000e+00   0.00000000e+00   0.00000000e+00
  3.20000000e-07   0.00000000e+00   0.00000000e+00   0.00000000e+00  -0.00000000e+00   0.00000000e+00   0.00000000e+00
  4.00000000e-07   0.00000000e+00   0.00000000e+00   0.00000000e+00  -0.00000000e+00   0.00000000e+00   0.00000000e+00
  4.80000000e-07   0.00000000e+00   0.00000000e+00   0.00000000e+00  -0.00000000e+00   0.00000000e+00   0.00000000e+00
  5.60000000e-07   0.00000000e+00   0.00000000e+00   0.00000000e+00  -0.00000000e+00   0.00000000e+00   0.00000000e+00
  6.40000000e-07   0.00000000e+00   0.00000000e+00   0.00000000e+00  -0.00000000e+00   0.00000000e+00   0.00000000e+00
  7.20000000e-07   0.00000000e+00   0.00000000e+00   0.00000000e+00  -0.00000000e+00   0.00000000e+00   0.00000000e+00
  8.00000000e-07   0.00000000e+00   0.00000000e+00   0.00000000e+00  -0.00000000e+00   0.00000000e+00   0.00000000e+00
  8.80000000e-07   0.00000000e+00   0.00000000e+00   0.00000000e+00  -0.00000000e+00   0.00000000e+00   0.00000000e+00
  9.60000000e-07   0.00000000e+00   0.00000000e+00   0.00000000e+00  -0.00000000e+00   0.00000000e+00   0.00000000e+00
  1.04000000e-06   0.00000000e+00   0.00000000e+00   0.00000000e+00  -0.00000000e+00   0.00000000e+00   0.00000000e+00
  1.12000000e-06   0.00000000e+00   0.00000000e+00   0.00000000e+00  -0.00000000e+00   0.00000000e+00   0.00000000e+00
  1.20000000e-06   0.00000000e+00   0.00000000e+00   0.00000000e+00  -0.00000000e+00   0.00000000e+00   0.00000000e+00
  1.28000000e-06   0.00000000e+00   0.00000000e+00   0.00000000e+00  -0.00000000e+00   0.00000000e+00   0.00000000e+00
  1.36000000e-06   0.00000000e+00   0.00000000e+00   0.00000000e+00  -0.00000000e+00   0.00000000e+00   0.00000000e+00
  1.44000000e-06   0.00000000e+00   0.00000000e+00   0.00000000e+00  -0.00000000e+00   0.00000000e+00   0.00000000e+00
  1.52000000e-06   0.00000000e+00   0.00000000e+00   0.00000000e+00  -0.00000000e+00   0.00000000e+00   0.00000000e+00
  1.60000000e-06   0.00000000e+00   0.00000000e+00   0.00000000e+00  -0.00000000e+00   0.00000000e+00   0.00000000e+00
  1.68000000e-06   0.00000000e+00   0.00000000e+00   0.00000000e+00  -0.00000000e+00   0.00000000e+00   0.00000000e+00
  1.76000000e-06   0.00000000e+00   0.00000000e+00   0.00000000e+00  -0.00000000e+00   0.00000000e+00   0.00000000e+00
  1.84000000e-06   0.00000000e+00   0.00000000e+00   0.00000000e+00  -0.00000000e+00   0.00000000e+00   0.00000000e+00
  1.92000000e-06   0.00000000e+00   0.00000000e+00   0.00000000e+00  -0.00000000e+00   0.00000000e+00   0.00000000e+00
  2.00000000e-06   0.00000000e+00   0.00000000e+00   0.00000000e+00  -0.00000000e+00   0.00000000e+00   0.00000000e+00
  2.08000000e-06   0.00000000e+00   0.00000000e+00   0.00000000e+00  -0.00000000e+00   0.00000000e+00   0.00000000e+00
  2.16000000e-06   0.00000000e+00   0.00000000e+00   0.00000000e+00  -0.00000000e+00   0.00000000e+00   0.00000000e+00
  2.24000000e-06   0.00000000e+00   0.00000000e+00   0.00000000e+00  -0.00000000e+00   0.00000000e+00   0.00000000e+00
  2.32000000e-06   0.00000000e+00   0.00000000e+00   0.00000000e+00  -0.00000000e+00   0.00000000e+00   0.00000000e+00
  2.40000000e-06   0.00000000e+00   0.00000000e+00   0.00000000e+00  -0.00000000e+00   0.00000000e+00   0.00000000e+00
  2.48000000e-06   0.00000000e+00   0.00000000e+00   0.00000000e+00  -0.00000000e+00   0.00000000e+00   0.00000000e+00
  2.56000000e-06   0.00000000e+00   0.00000000e+00   0.00000000e+00  -0.00000000e+00   0.00000000e+00   0.00000000e+00
  2.64000000e-06   0.00000000e+00   0.00000000e+00   0.00000000e+00  -0.00000000e+00   0.00000000e+00   0.00000000e+00
  2.72000000e-06   0.00000000e+00   0.00000000e+00   0.00000000e+00  -0.00000000e+00   0.00000000e+00   0.00000000e+00
  2.80000000e-06   0.00000000e+00   0.00000000e+00   0.00000000e+00  -0.00000000e+00   0.00000000e+00   0.00000000e+00
  2.88000000e-06   0.00000000e+00   0.00000000e+00   0.00000000e+00  -0.00000000e+00   0.00000000e+00   0.00000000e+00
  2.96000000e-06   0.00000000e+00   0.00000000e+00   0.00000000e+00  -0.00000000e+00   0.00000000e+00   0.00000000e+00
  3.04000000e-06   0.00000000e+00   0.00000000e+00   0.00000000e+00  -0.00000000e+00   0.00000000e+00   0.00000000e+00
  3.12000000e-06   0.00000000e+00   0.00000000e+00   0.00000000e+00  -0.00000000e+00   0.00000000e+00   0.00000000e+00
  3.20000000e-06   0.00000000e+00   0.00000000e+00   0.00000000e+00  -0.00000000e+00   0.00000000e+00   0.00000000e+00
  3.28000000e-06   0.00000000e+00   0.00000000e+00   0.00000000e+00  -0.00000000e+00   0.00000000e+00   0.00000000e+00
  3.36000000e-06   0.00000000e+00   0.00000000e+00   0.00000000e+00  -0.00000000e+00   0.00000000e+00   0.00000000e+00
  3.44000000e-06   0.00000000e+00   0.00000000e+00   0.00000000e+00  -0.00000000e+00   0.00000000e+00   0.00000000e+00
  3.52000000e-06   0.00000000e+00   0.00000000e+00   0.00000000e+00  -0.00000000e+00   0.00000000e+00   0.00000000e+00
  3.60000000e-06   0.00000000e+00   0.00000000e+00   0.00000000e+00  -0.00000000e+00   0.00000000e+00   0.00000000e+00
  3.68000000e-06   0.00000000e+00   0.00000000e+00   0.00000000e+00  -0.00000000e+00   0.00000000e+00   0.00000000e+00
  3.76000000e-06   0.00000000e+00   0.00000000e+00   0.00000000e+00  -0.00000000e+00   0.00000000e+00   0.00000000e+00
  3.84000000e-06   0.00000000e+00   0.00000000e+00   0.00000000e+00  -0.00000000e+00   0.00000000e+00   0.00000000e+00
  3.92000000e-06   0.00000000e+00   0.00000000e+00   0.00000000e+00  -0.00000000e+00   0.00000000e+00   0.00000000e+00
  4.00000000e-06   0.00000000e+00   0.00000000e+00   0.00000000e+00  -0.00000000e+00   0.00000000e+00   0.00000000e+00
  4.08000000e-06   0.00000000e+00   0.00000000e+00   0.00000000e+00  -0.00000000e+00   0.00000000e+00   0.00000000e+00
  4.16000000e-06   0.00000000e+00   0.00000000e+00   0.00000000e+00  -0.00000000e+00   0.00000000e+00   0.00000000e+00
  4.24000000e-06   0.00000000e+00   0.00000000e+00   0.00000000e+00  -0.00000000e+00   0.00000000e+00   0.00000000e+00
  4.32000000e-06   0.00000000e+00   0.00000000e+00   0.00000000e+00  -0.00000000e+00   0.00000000e+00   0.00000000e+00
  4.40000000e-06   0.00000000e+00   0.00000000e+00   0.00000000e+00  -0.00000000e+00   0.00000000e+00   0.00000000e+00
  4.48000000e-06   0.00000000e+00   0.00000000e+00   0.00000000e+00  -0.00000000e+00   0.00000000e+00   0.00000000e+00
  4.56000000e-06   0.00000000e+00   0.00000000e+00   0.00000000e+00  -0.00000000e+00   0.00000000e+00   0.00000000e+00
  4.64000000e-06   0.00000000e+00   0.00000000e+00   0.00000000e+00  -0.00000000e+00   0.00000000e+00   0.00000000e+00
  4.72000000e-06   0.00000000e+00   0.00000000e+00   0.00000000e+00  -0.00000000e+00   0.00000000e+00   0.00000000e+00
  4.80000000e-06   0.00000000e+00   0.00000000e+00   0.00000000e+00  -0.00000000e+00   0.00000000e+00   0.00000000e+00
  4.88000000e-06   0.00000000e+00   0.00000000e+00   0.00000000e+00  -0.00000000e+00   0.00000000e+00   0.00000000e+00
  4.96000000e-06   0.00000000e+00   0.00000000e+00   0.00000000e+00  -0.00000000e+00   0.00000000e+00   0.00000000e+00
  5.04000000e-06   0.00000000e+00   0.00000000e+00   0.00000000e+00  -0.00000000e+00   0.00000000e+00   0.00000000e+00
  5.12000000e-06   0.00000000e+00   0.00000000e+00   0.00000000e+00  -0.00000000e+00   0.00000000e+00   0.00000000e+00
  5.20000000e-06   0.00000000e+00   0.00000000e+00   0.00000000e+00  -0.00000000e+00   0.00000000e+00   0.00000000e+00
  5.28000000e-06   0.00000000e+00   0.00000000e+00   0.00000000e+00  -0.00000000e+00   0.00000000e+00   0.00000000e+00
  5.36000000e-06   0.00000000e+00   0.00000000e+00   0.00000000e+00  -0.00000000e+00   0.00000000e+00   0.00000000e+00
  5.44000000e-06   0.00000000e+00   0.00000000e+00   0.00000000e+00  -0.00000000e+00   0.00000000e+00   0.00000000e+00
  5.52000000e-06   0.00000000e+00   0.00000000e+00   0.00000000e+00  -0.00000000e+00   0.00000000e+00   0.00000000e+00
  5.60000000e-06   0.00000000e+00   0.00000000e+00   0.00000000e+00  -0.00000000e+00   0.00000000e+00   0.00000000e+00
  5.68000000e-06   0.00000000e+00   0.00000000e+00   0.00000000e+00  -0.00000000e+00   0.00000000e+00   0.00000000e+00
  5.76000000e-06   0.00000000e+00   0.00000000e+00   0.00000000e+00  -0.00000000e+00   0.00000000e+00   0.00000000e+00
  5.84000000e-06   0.00000000e+00   0.00000000e+00   0.00000000e+00  -0.00000000e+00   0.00000000e+00   0.00000000e+00
  5.92000000e-06   0.00000000e+00   0.00000000e+00   0.00000000e+00  -0.00000000e+00   0.00000000e+00   0.00000000e+00
  6.00000000e-06   0.00000000e+00   0.00000000e+00   0.00000000e+00  -0.00000000e+00   0.00000000e+00   0.00000000e+00
  6.08000000e-06   0.00000000e+00   0.00000000e+00   0.00000000e+00  -0.00000000e+00   0.00000000e+00   0.00000000e+00
  6.16000000e-06   0.00000000e+00   0.00000000e+00   0.00000000e+00  -0.00000000e+00   0.00000000e+00   0.00000000e+00
  6.24000000e-06   0.00000000e+00   0.00000000e+00   0.00000000e+00  -0.00000000e+00   0.00000000e+00   0.00000000e+00
  6.32000000e-06   0.00000000e+00   0.00000000e+00   0.00000000e+00  -0.00000000e+00   0.00000000e+00   0.00000000e+00
  6.40000000e-06   0.00000000e+00   0.00000000e+00   0.00000000e+00  -0.00000000e+00   0.00000000e+00   0.00000000e+00
  6.48000000e-06   0.00000000e+00   0.00000000e+00   0.00000000e+00  -0.00000000e+00   0.00000000e+00   0.00000000e+00
  6.56000000e-06   0.00000000e+00   0.00000000e+00   0.00000000e+00  -0.00000000e+00   0.00000000e+00   0.00000000e+00
  6.64000000e-06   0.00000000e+00   0.00000000e+00   0.00000000e+00  -0.00000000e+00   0.00000000e+00   0.00000000e+00
  6.72000000e-06   0.00000000e+00   0.00000000e+00   0.00000000e+00  -0.00000000e+00   0.00000000e+00   0.00000000e+00
  6.80000000e-06   0.00000000e+00   0.00000000e+00   0.00000000e+00  -0.00000000e+00   0.00000000e+00   0.00000000e+00
  6.88000000e-06   0.00000000e+00   0.00000000e+00   0.00000000e+00  -0.00000000e+00   0.00000000e+00   0.00000000e+00
  6.96000000e-06   0.00000000e+00   0.00000000e+00   0.00000000e+00  -0.00000000e+00   0.00000000e+00   0.00000000e+00
  7.04000000e-06   0.00000000e+00   0.00000000e+00   0.00000000e+00  -0.00000000e+00   0.00000000e+00   0.00000000e+00
  7.12000000e-06   0.00000000e+00   0.00000000e+00   0.00000000e+00  -0.00000000e+00   0.00000000e+00   0.00000000e+00
  7.20000000e-06   0.00000000e+00   0.00000000e+00   0.00000000e+00  -0.00000000e+00   0.00000000e+00   0.00000000e+00
  7.28000000e-06   0.00000000e+00   0.00000000e+00   0.00000000e+00  -0.00000000e+00   0.00000000e+00   0.00000000e+00
  7.36000000e-06   0.00000000e+00   0.00000000e+00   0.00000000e+00  -0.00000000e+00   0.00000000e+00   0.00000000e+00
  7.44000000e-06   0.00000000e+00   0.00000000e+00   0.00000000e+00  -0.00000000e+00   0.00000000e+00   0.00000000e+00
  7.52000000e-06   2.09412217e-07   2.01933202e-07   0.00000000e+00  -3.78350651e-19   3.92363654e-19   8.12603676e-19
  7.60000000e-06   3.39877866e-07   3.27739357e-07   0.00000000e+00  -6.14067671e-19   6.36810944e-19   1.31886169e-18
  7.68000000e-06   1.01971005e-06   9.88894343e-07   4.48851947e-14  -1.85284539e-18   1.91058316e-18   3.97313888e-18
  7.76000000e-06   2.05365072e-06   2.00958565e-06   6.18158257e-14  -3.76530622e-18   3.84786951e-18   8.05393029e-18
  7.84000000e-06   4.94157807e-07   4.83024852e-07  -3.67159944e-14  -9.05047105e-19   9.25907149e-19   1.93641560e-18
  7.92000000e-06   2.90738875e-06   2.85702345e-06   4.26173325e-13  -5.35327426e-18   5.44764324e-18   1.14368370e-17
  8.00000000e-06   4.07144895e-06   4.01296907e-06   7.73913296e-13  -7.51939460e-18   7.62896954e-18   1.60507123e-17
  8.08000000e-06   2.87657431e-06   2.84872397e-06   6.70694850e-13  -5.33800521e-18   5.39018916e-18   1.13791640e-17
  8.16000000e-06   3.25365497e-06   3.23502452e-06   2.76043515e-13  -6.06198343e-18   6.09689319e-18   1.29080698e-17
  8.24000000e-06   8.05643725e-07   8.00603151e-07   1.73191680e-12  -1.50023927e-18   1.50967782e-18   3.19493289e-18
  8.32000000e-06   2.81406011e-06   2.81908565e-06   1.75684333e-12  -5.28270641e-18   5.27328202e-18   1.12253243e-17
  8.40000000e-06  -2.37437055e-07  -2.37873907e-07   1.53011788e-12   4.45753540e-19  -4.44941014e-19  -9.47175371e-19
  8.48000000e-06   4.00567057e-07   4.04427509e-07   9.59682116e-13  -7.57860007e-19   7.50622061e-19   1.60699767e-18
  8.56000000e-06  -1.10587278e-12  -1.05600879e-12   3.83928500e-13   1.56383337e-24  -3.18677949e-24  -4.26086210e-24
  8.64000000e-06  -5.47561885e-14  -1.66574253e-13   1.37466545e-12  -1.17387794e-24  -4.09301787e-24  -5.42727307e-25
  8.72000000e-06  -2.56446957e-13  -1.87415857e-13   1.79143583e-12  -1.58535431e-24  -5.68077815e-24  -8.21255871e-25
  8.80000000e-06   1.86741350e-14   1.84236537e-14   8.62818053e-13  -9.67236382e-25  -2.46961409e-24   7.36674638e-26
  8.88000000e-06   4.26904998e-14   1.48818136e-14   1.18110011e-12  -1.30466436e-24  -3.34852598e-24   8.93479833e-26
  8.96000000e-06   0.00000000e+00   0.00000000e+00   1.44842283e-12  -1.56575489e-24  -4.20451443e-24  -4.00403353e-53
  9.04000000e-06   0.00000000e+00   0.00000000e+00   1.68101564e-12  -1.81718929e-24  -4.87969008e-24  -5.39327918e-53
  9.12000000e-06   0.00000000e+00   0.00000000e+00   1.40863891e-12  -1.52274820e-24  -4.08902877e-24  -3.78718387e-53
  9.20000000e-06   0.00000000e+00   0.00000000e+00   1.08872646e-12  -1.17692068e-24  -3.16037972e-24  -2.26188533e-53
  9.28000000e-06   0.00000000e+00   0.00000000e+00   2.00513203e-12  -2.16756131e-24  -5.82054245e-24  -7.67292131e-53
  9.36000000e-06   0.00000000e+00   0.00000000e+00   2.35670880e-12  -2.54761818e-24  -6.84110744e-24  -1.06004754e-52
  9.44000000e-06   0.00000000e+00   0.00000000e+00   7.60865201e-13  -8.22500436e-25  -2.20865665e-24  -1.10506198e-53
  9.52000000e-06   0.00000000e+00   0.00000000e+00   1.09229282e-12  -1.18077594e-24  -3.17073223e-24  -2.27704201e-53
  9.60000000e-06   0.00000000e+00   0.00000000e+00   1.40955841e-12  -1.52374219e-24  -4.09169791e-24  -3.79198082e-53
  9.68000000e-06   0.00000000e+00   0.00000000e+00   6.87334848e-13  -7.43013627e-25  -1.99521109e-24  -9.01834404e-54
  9.76000000e-06   0.00000000e+00   0.00000000e+00   6.13946146e-13  -6.63679943e-25  -1.78217671e-24  -7.19560005e-54
  9.84000000e-06   0.00000000e+00   0.00000000e+00   9.78447573e-13  -1.05770846e-24  -2.84025967e-24  -1.82737840e-53
  9.92000000e-06   0.00000000e+00   0.00000000e+00   3.62887148e-13  -3.92283466e-25  -1.05339699e-24  -2.51396402e-54
  1.00000000e-05   0.00000000e+00   0.00000000e+00   5.71702831e-14  -6.18014634e-26  -1.65955187e-25  -6.24662603e-56
  1.00800000e-05   0.00000000e+00   0.00000000e+00   6.80108804e-13  -7.35202225e-25  -1.97423517e-24  -8.82925568e-54
  1.01600000e-05   0.00000000e+00   0.00000000e+00   4.11493333e-13  -4.44827081e-25  -1.19449212e-24  -3.23236873e-54
  1.02400000e-05   0.00000000e+00   0.00000000e+00   8.90397098e-13  -9.62525295e-25  -2.58466477e-24  -1.51314606e-53
  1.03200000e-05   0.00000000e+00   0.00000000e+00   1.68502498e-12  -1.82152342e-24  -4.89132851e-24  -5.41896101e-53
  1.04000000e-05   0.00000000e+00   0.00000000e+00   1.11814239e-12  -1.20871950e-24  -3.24576895e-24  -2.38629706e-53
  1.04800000e-05   0.00000000e+00   0.00000000e+00   1.96091397e-12  -2.11976129e-24  -5.69218528e-24  -7.33880196e-53
  1.05600000e-05   0.00000000e+00   0.00000000e+00   1.13285500e-12  -1.22462393e-24  -3.28847703e-24  -2.44968728e-53
  1.06400000e-05   0.00000000e+00   0.00000000e+00   5.51849488e-13  -5.96553035e-25  -1.60192113e-24  -5.81326027e-54
  1.07200000e-05   0.00000000e+00   0.00000000e+00   2.77064724e-13  -2.99508843e-25  -8.04269725e-25  -1.46552949e-54
  1.08000000e-05   0.00000000e+00   0.00000000e+00   3.34259358e-13  -3.61336631e-25  -9.70295599e-25  -2.13234119e-54
  1.08800000e-05   0.00000000e+00   0.00000000e+00  -1.09240836e-12   1.18090083e-24   3.17106760e-24  -2.27741333e-53
  1.09600000e-05   0.00000000e+00   0.00000000e+00   6.79215518e-13  -7.34236577e-25  -1.97164212e-24  -8.80522025e-54
  1.10400000e-05   0.00000000e+00   0.00000000e+00   6.75430692e-13  -7.30145154e-25  -1.96065544e-24  -8.70736220e-54
  1.11200000e-05   0.00000000e+00   0.00000000e+00   1.38826367e-12  -1.50072243e-24  -4.02988307e-24  -3.67832491e-53
  1.12000000e-05   0.00000000e+00   0.00000000e+00   1.17151048e-12  -1.26641076e-24  -3.40068702e-24  -2.61938990e-53
  1.12800000e-05   0.00000000e+00   0.00000000e+00   7.87218678e-13  -8.50988724e-25  -2.28515612e-24  -1.18291262e-53
  1.13600000e-05   0.00000000e+00   0.00000000e+00   1.18429209e-12  -1.28022778e-24  -3.43778978e-24  -2.67683269e-53
  1.14400000e-05   0.00000000e+00   0.00000000e+00   9.48902389e-13  -1.02576991e-24  -2.75449524e-24  -1.71857710e-53
  1.15200000e-05   0.00000000e+00   0.00000000e+00   1.28778686e-12  -1.39210632e-24  -3.73821672e-24  -3.16507300e-53
  1.16000000e-05   0.00000000e+00   0.00000000e+00   1.62775961e-12  -1.75961917e-24  -4.72509729e-24  -5.05687569e-53
  1.16800000e-05   0.00000000e+00   0.00000000e+00   1.72674689e-12  -1.86662508e-24  -5.01243979e-24  -5.69072544e-53
  1.17600000e-05   0.00000000e+00   0.00000000e+00   1.95178619e-12  -2.10989410e-24  -5.66568896e-24  -7.27070264e-53
  1.18400000e-05   0.00000000e+00   0.00000000e+00   1.07762177e-12  -1.16491644e-24  -3.12814477e-24  -2.21643701e-53
  1.19200000e-05   0.00000000e+00   0.00000000e+00   8.86101343e-13  -9.57881555e-25  -2.57219495e-24  -1.49870729e-53
  1.20000000e-05   0.00000000e+00   0.00000000e+00   8.51154327e-13  -9.20103594e-25  -2.47074997e-24  -1.38283796e-53
  1.20800000e-05   0.00000000e+00   0.00000000e+00   1.07006086e-12  -1.15674304e-24  -3.10619680e-24  -2.18540794e-53
  1.21600000e-05   0.00000000e+00   0.00000000e+00   1.15741065e-12  -1.25116875e-24  -3.35975772e-24  -2.55676711e-53
  1.22400000e-05   0.00000000e+00   0.00000000e+00   7.37841756e-13  -7.97611937e-25  -2.14182368e-24  -1.03913923e-53
  1.23200000e-05   0.00000000e+00   0.00000000e+00   1.23546322e-12  -1.33554411e-24  -3.58633049e-24  -2.91304890e-53
  1.24000000e-05   0.00000000e+00   0.00000000e+00   9.82952588e-13  -1.06257841e-24  -2.85333693e-24  -1.84419006e-53
  1.24800000e-05   0.00000000e+00   0.00000000e+00   8.37037978e-13  -9.04843725e-25  -2.42977271e-24  -1.33731486e-53
  1.25600000e-05   0.00000000e+00   0.00000000e+00   1.21355908e-12  -1.31186559e-24  -3.52274666e-24  -2.81099564e-53
  1.26400000e-05   0.00000000e+00   0.00000000e+00   1.02842890e-12  -1.11173860e-24  -2.98534658e-24  -2.01881979e-53
  1.27200000e-05   0.00000000e+00   0.00000000e+00   7.95476373e-13  -8.59915349e-25  -2.30912675e-24  -1.20784383e-53
  1.28000000e-05   0.00000000e+00   0.00000000e+00   1.01882594e-12  -1.10135775e-24  -2.95747092e-24  -1.98111487e-53
  1.28800000e-05   0.00000000e+00   0.00000000e+00   1.15726019e-12  -1.25100611e-24  -3.35932097e-24  -2.55607422e-53
  1.29600000e-05   0.00000000e+00   0.00000000e+00   8.13847557e-13  -8.79774723e-25  -2.36245503e-24  -1.26414904e-53
  1.30400000e-05   0.00000000e+00   0.00000000e+00   9.05809879e-13  -9.79186616e-25  -2.62940533e-24  -1.56598465e-53
  1.31200000e-05   0.00000000e+00   0.00000000e+00   1.14071233e-12  -1.23311776e-24  -3.31128546e-24  -2.48338442e-53
  1.32000000e-05   0.00000000e+00   0.00000000e+00   8.50311611e-13  -9.19192613e-25  -2.46830371e-24  -1.37999048e-53
  1.32800000e-05   0.00000000e+00   0.00000000e+00   8.23700397e-13  -8.90425710e-25  -2.39105608e-24  -1.29511710e-53
  1.33600000e-05   0.00000000e+00   0.00000000e+00   5.45086658e-13  -5.89242370e-25  -1.58228984e-24  -5.67121127e-54
  1.34400000e-05   0.00000000e+00   0.00000000e+00   8.51958491e-13  -9.20972901e-25  -2.47308431e-24  -1.38528956e-53
  1.35200000e-05   0.00000000e+00   0.00000000e+00   8.11450102e-13  -8.77183058e-25  -2.35549565e-24  -1.25679323e-53
  1.36000000e-05   0.00000000e+00   0.00000000e+00   6.55699086e-13  -7.08815154e-25  -1.90337809e-24  -8.20610053e-54
  1.36800000e-05   0.00000000e+00   0.00000000e+00   9.03108892e-13  -9.76266831e-25  -2.62156485e-24  -1.55675373e-53
  1.37600000e-05   0.00000000e+00   0.00000000e+00   7.76183063e-13  -8.39059150e-25  -2.25312169e-24  -1.14992760e-53
  1.38400000e-05   0.00000000e+00   0.00000000e+00   1.18112527e-12  -1.27680442e-24  -3.42859706e-24  -2.66260421e-53
  1.39200000e-05   0.00000000e+00   0.00000000e+00   1.25983027e-12  -1.36188506e-24  -3.65706371e-24  -3.02962522e-53
  1.40000000e-05   0.00000000e+00   0.00000000e+00   1.00665296e-12  -1.08819867e-24  -2.92213490e-24  -1.93422293e-53
  1.40800000e-05   0.00000000e+00   0.00000000e+00   9.00467252e-13  -9.73411200e-25  -2.61389664e-24  -1.54749934e-53
  1.41600000e-05   0.00000000e+00   0.00000000e+00   1.14754455e-12  -1.24050343e-24  -3.33111818e-24  -2.51327579e-53
  1.42400000e-05   0.00000000e+00   0.00000000e+00   6.10395811e-13  -6.59842007e-25  -1.77187072e-24  -7.11139024e-54
  1.43200000e-05   0.00000000e+00   0.00000000e+00   3.64096903e-13  -3.93591219e-25  -1.05690870e-24  -2.53001114e-54
  1.44000000e-05   0.00000000e+00   0.00000000e+00   7.15212147e-13  -7.73149176e-25  -2.07613394e-24  -9.76394994e-54
  1.44800000e-05   0.00000000e+00   0.00000000e+00   5.08613463e-13  -5.49814599e-25  -1.47641462e-24  -4.93792197e-54
  1.45600000e-05   0.00000000e+00   0.00000000e+00   8.74576526e-13  -9.45423151e-25  -2.53874045e-24  -1.45994719e-53
  1.46400000e-05   0.00000000e+00   0.00000000e+00   1.05401459e-12  -1.13939691e-24  -3.05961730e-24  -2.12042339e-53
  1.47200000e-05   0.00000000e+00   0.00000000e+00   6.93078894e-15  -7.49222980e-27  -2.01188503e-26  -9.34015160e-58
  1.48000000e-05   0.00000000e+00   0.00000000e+00   9.88009934e-13  -1.06804543e-24  -2.86801751e-24  -1.86303469e-53
  1.48800000e-05   0.00000000e+00   0.00000000e+00   1.22551009e-12  -1.32478472e-24  -3.55743833e-24  -2.86640243e-53
  1.49600000e-05   0.00000000e+00   0.00000000e+00   9.87034999e-13  -1.06699152e-24  -2.86518744e-24  -1.85953000e-53
  1.50400000e-05   0.00000000e+00   0.00000000e+00   8.62800272e-13  -9.32692940e-25  -2.50455608e-24  -1.42089046e-53
  1.51200000e-05   0.00000000e+00   0.00000000e+00   7.07688726e-13  -7.65016308e-25  -2.05429479e-24  -9.55946053e-54
  1.52000000e-05   0.00000000e+00   0.00000000e+00   2.46735774e-13  -2.66723044e-25  -7.16230167e-25  -1.16235189e-54
  1.52800000e-05   0.00000000e+00   0.00000000e+00   9.88713149e-13  -1.06880561e-24  -2.87005882e-24  -1.86567622e-53
  1.53600000e-05   0.00000000e+00   0.00000000e+00   9.69167668e-13  -1.04767682e-24  -2.81332175e-24  -1.79288743e-53
  1.54400000e-05   0.00000000e+00   0.00000000e+00   9.37475481e-13  -1.01341735e-24  -2.72132496e-24  -1.67743951e-53
  1.55200000e-05   0.00000000e+00   0.00000000e+00   9.21650676e-13  -9.96310626e-25  -2.67538836e-24  -1.62128683e-53
  1.56000000e-05   0.00000000e+00   0.00000000e+00   8.98360560e-13  -9.71133853e-25  -2.60778128e-24  -1.54038254e-53
  1.56800000e-05   0.00000000e+00   0.00000000e+00   9.58598761e-13  -1.03625176e-24  -2.78264209e-24  -1.75377915e-53
  1.57600000e-05   0.00000000e+00   0.00000000e+00   1.16381840e-12  -1.25809557e-24  -3.37835828e-24  -2.58509025e-53
  1.58400000e-05   0.00000000e+00   0.00000000e+00   1.06556118e-12  -1.15187886e-24  -3.09313503e-24  -2.16707650e-53
  1.59200000e-05   0.00000000e+00   0.00000000e+00   7.97230507e-13  -8.61811580e-25  -2.31421869e-24  -1.21315620e-53
  1.60000000e-05   0.00000000e+00   0.00000000e+00   1.14986967e-12  -1.24301690e-24  -3.33786758e-24  -2.52357150e-53
  1.60800000e-05   0.00000000e+00   0.00000000e+00   8.80388493e-13  -9.51705926e-25  -2.55561156e-24  -1.47938899e-53
  1.61600000e-05   0.00000000e+00   0.00000000e+00   8.05397955e-13  -8.70640647e-25  -2.33792734e-24  -1.23809957e-53
  1.62400000e-05   0.00000000e+00   0.00000000e+00   5.01766400e-13  -5.42412878e-25  -1.45653882e-24  -4.80591089e-54
  1.63200000e-05   0.00000000e+00   0.00000000e+00   1.23569600e-12  -1.33579575e-24  -3.58700621e-24  -2.91424227e-53
  1.64000000e-05   0.00000000e+00   0.00000000e+00   5.59581364e-13  -6.04911246e-25  -1.62436540e-24  -5.97746250e-54
  1.64800000e-05   0.00000000e+00   0.00000000e+00   2.19634067e-13  -2.37425914e-25  -6.37558720e-25  -9.21068348e-55
  1.65600000e-05   0.00000000e+00   0.00000000e+00   6.02119367e-13  -6.50895116e-25  -1.74784567e-24  -6.92070322e-54
  1.66400000e-05   0.00000000e+00   0.00000000e+00   1.47706060e-12  -1.59671252e-24  -4.28764481e-24  -4.16389522e-53
  1.67200000e-05   0.00000000e+00   0.00000000e+00  -2.61524645e-13   2.82709913e-25   7.59159635e-25  -1.30497645e-54
  1.68000000e-05   0.00000000e+00   0.00000000e+00   8.62128919e-13  -9.31967203e-25  -2.50260726e-24  -1.41880221e-53
  1.68800000e-05   0.00000000e+00   0.00000000e+00   4.41185391e-13  -4.76924397e-25  -1.28068290e-24  -3.71595333e-54
  1.69600000e-05   0.00000000e+00   0.00000000e+00   8.61391236e-13  -9.31169762e-25  -2.50046590e-24  -1.41625446e-53
  1.70400000e-05   0.00000000e+00   0.00000000e+00   9.20043595e-13  -9.94573360e-25  -2.67072328e-24  -1.61565474e-53
  1.71200000e-05   0.00000000e+00   0.00000000e+00   7.52053148e-13  -8.12974549e-25  -2.18307683e-24  -1.07947904e-53
  1.72000000e-05   0.00000000e+00   0.00000000e+00   6.26079771e-13  -6.76796475e-25  -1.81739847e-24  -7.48144848e-54
  1.72800000e-05   0.00000000e+00   0.00000000e+00   5.59796193e-13  -6.05143478e-25  -1.62498901e-24  -5.98143997e-54
  1.73600000e-05   0.00000000e+00   0.00000000e+00   4.49213421e-13  -4.85602752e-25  -1.30398684e-24  -3.85173670e-54
  1.74400000e-05   0.00000000e+00   0.00000000e+00   1.37684954e-13  -1.48838368e-25  -3.99674988e-25  -3.61907131e-55
  1.75200000e-05   0.00000000e+00   0.00000000e+00   8.42667758e-13  -9.10929556e-25  -2.44611496e-24  -1.35519425e-53
  1.76000000e-05   0.00000000e+00   0.00000000e+00   1.11915255e-12  -1.20981148e-24  -3.24870123e-24  -2.39043076e-53
  1.76800000e-05   0.00000000e+00   0.00000000e+00   7.86973544e-13  -8.50723733e-25  -2.28444454e-24  -1.18200204e-53
  1.77600000e-05   0.00000000e+00   0.00000000e+00   9.78734475e-13  -1.05801860e-24  -2.84109250e-24  -1.82823879e-53
  1.78400000e-05   0.00000000e+00   0.00000000e+00   5.68001065e-13  -6.14013000e-25  -1.64880630e-24  -6.15884191e-54
  1.79200000e-05   0.00000000e+00   0.00000000e+00   1.68628846e-13  -1.82288925e-25  -4.89499616e-25  -5.43056803e-55
  1.80000000e-05   0.00000000e+00   0.00000000e+00   6.98460630e-13  -7.55040674e-25  -2.02750726e-24  -9.31097971e-54
  1.80800000e-05   0.00000000e+00   0.00000000e+00   7.42267603e-13  -8.02396309e-25  -2.15467113e-24  -1.05155212e-53
  1.81600000e-05   0.00000000e+00   0.00000000e+00   7.56165626e-13  -8.17420165e-25  -2.19501462e-24  -1.09131044e-53
  1.82400000e-05   0.00000000e+00   0.00000000e+00   5.04931181e-13  -5.45834028e-25  -1.46572561e-24  -4.86704329e-54
  1.83200000e-05   0.00000000e+00   0.00000000e+00   5.33970767e-13  -5.77226017e-25  -1.55002238e-24  -5.44197742e-54
  1.84000000e-05   0.00000000e+00   0.00000000e+00   3.79751950e-13  -4.10514431e-25  -1.10235252e-24  -2.75241163e-54
  1.84800000e-05   0.00000000e+00   0.00000000e+00   4.18437882e-13  -4.52334185e-25  -1.21465091e-24  -3.34176857e-54
  1.85600000e-05   0.00000000e+00   0.00000000e+00   8.33793283e-13  -9.01336188e-25  -2.42035393e-24  -1.32701048e-53
  1.86400000e-05   0.00000000e+00   0.00000000e+00   5.79216420e-13  -6.26136875e-25  -1.68136248e-24  -6.40403753e-54
  1.87200000e-05   0.00000000e+00   0.00000000e+00   3.73425781e-13  -4.03675800e-25  -1.08398877e-24  -2.66145553e-54
  1.88000000e-05   0.00000000e+00   0.00000000e+00   3.03896758e-13  -3.28514454e-25  -8.82158358e-25  -1.76243822e-54
  1.88800000e-05   0.00000000e+00   0.00000000e+00   4.79244646e-13  -5.18066709e-25  -1.39116216e-24  -4.38328018e-54
  1.89600000e-05   0.00000000e+00   0.00000000e+00   8.09593468e-13  -8.75176024e-25  -2.35010617e-24  -1.25114785e-53
  1.90400000e-05   0.00000000e+00   0.00000000e+00   4.35065943e-13  -4.70309232e-25  -1.26291923e-24  -3.61349997e-54
  1.91200000e-05   0.00000000e+00   0.00000000e+00   6.17871629e-13  -6.67923418e-25  -1.79357169e-24  -7.28563853e-54
  1.92000000e-05   0.00000000e+00   0.00000000e+00   5.95699386e-13  -6.43955072e-25  -1.72920960e-24  -6.77341031e-54
  1.92800000e-05   0.00000000e+00   0.00000000e+00   3.78391620e-13  -4.09043905e-25  -1.09840372e-24  -2.73311431e-54
  1.93600000e-05   0.00000000e+00   0.00000000e+00   6.69171613e-13  -7.23379048e-25  -1.94248644e-24  -8.54649557e-54
  1.94400000e-05   0.00000000e+00   0.00000000e+00  -2.66468945e-13   2.88054735e-25   7.73512059e-25  -1.35485946e-54
  1.95200000e-05   0.00000000e+00   0.00000000e+00   2.57322321e-13  -2.78167173e-25  -7.46961034e-25  -1.26320764e-54
  1.96000000e-05   0.00000000e+00   0.00000000e+00   7.42157421e-13  -8.02277201e-25  -2.15435129e-24  -1.05110368e-53
  1.96800000e-05   0.00000000e+00   0.00000000e+00   6.21266172e-13  -6.71592941e-25  -1.80342545e-24  -7.36719093e-54
  1.97600000e-05   0.00000000e+00   0.00000000e+00   2.18013496e-13  -2.35674066e-25  -6.32854489e-25  -9.07558222e-55
  1.98400000e-05   0.00000000e+00   0.00000000e+00   8.78821334e-13  -9.50011816e-25  -2.55106238e-24  -1.47401503e-53
  1.99200000e-05   0.00000000e+00   0.00000000e+00  -2.43006664e-13   2.62691850e-25   7.05405221e-25  -1.12652782e-54
  2.00000000e-05   0.00000000e+00   0.00000000e+00   5.29571322e-13  -5.72470187e-25  -1.53725157e-24  -5.35207598e-54
  2.00800000e-05   0.00000000e+00   0.00000000e+00   1.98965751e-13  -2.15083325e-25  -5.77562268e-25  -7.55797038e-55
  2.01600000e-05   0.00000000e+00   0.00000000e+00   2.82350689e-13  -3.05223008e-25  -8.19613943e-25  -1.52151501e-54
  2.02400000e-05   0.00000000e+00   0.00000000e+00   1.86012089e-13  -2.01080328e-25  -5.39960083e-25  -6.60435483e-55
  2.03200000e-05   0.00000000e+00   0.00000000e+00   5.33093920e-13  -5.76278139e-25  -1.54747705e-24  -5.42332352e-54
  2.04000000e-05   0.00000000e+00   0.00000000e+00   2.63179324e-13  -2.84498632e-25  -7.63962873e-25  -1.32244863e-54
  2.04800000e-05   0.00000000e+00   0.00000000e+00   1.08859056e-12  -1.17677377e-24  -3.15998522e-24  -2.26175072e-53
  2.05600000e-05   0.00000000e+00   0.00000000e+00   1.71385635e-13  -1.85269033e-25  -4.97502084e-25  -5.60420434e-55
  2.06400000e-05   0.00000000e+00   0.00000000e+00   4.22808814e-13  -4.57059192e-25  -1.22733895e-24  -3.41151996e-54
  2.07200000e-05   0.00000000e+00   0.00000000e+00  -2.03088136e-13   2.19539651e-25   5.89528820e-25  -7.86820628e-55
  2.08000000e-05   0.00000000e+00   0.00000000e+00  -2.80416006e-14   3.03131603e-26   8.13997904e-26  -1.49979455e-56
  2.08800000e-05   0.00000000e+00   0.00000000e+00  -7.82928031e-14   8.46350506e-26   2.27270114e-25  -1.17007368e-55
  2.09600000e-05   0.00000000e+00   0.00000000e+00   8.09146341e-14  -8.74692677e-26  -2.34880824e-25  -1.25000944e-55
  2.10400000e-05   0.00000000e+00   0.00000000e+00  -1.94974624e-14   2.10768890e-26   5.65976733e-26  -7.24638270e-57
  2.11200000e-05   0.00000000e+00   0.00000000e+00   1.97384070e-13  -2.13373517e-25  -5.72970927e-25  -7.43463632e-55
  2.12000000e-05   0.00000000e+00   0.00000000e+00   1.08154967e-13  -1.16916252e-25  -3.13954676e-25  -2.23329462e-55
  2.12800000e-05   0.00000000e+00   0.00000000e+00  -5.00814958e-14   5.41384363e-26   1.45377695e-25  -4.78622142e-56
  2.13600000e-05   0.00000000e+00   0.00000000e+00  -8.98477647e-14   9.71260425e-26   2.60812117e-25  -1.54060363e-55
  2.14400000e-05   0.00000000e+00   0.00000000e+00   4.12076671e-13  -4.45457674e-25  -1.19618545e-24  -3.24051407e-54
  2.15200000e-05   0.00000000e+00   0.00000000e+00   6.64704024e-13  -7.18549554e-25  -1.92951782e-24  -8.43217806e-54
  2.16000000e-05   0.00000000e+00   0.00000000e+00   2.95190503e-14  -3.19102933e-26  -8.56885644e-26  -1.66729882e-56
  2.16800000e-05   0.00000000e+00   0.00000000e+00  -5.65786257e-14   6.11618777e-26   1.64237710e-25  -6.10555976e-56
  2.17600000e-05   0.00000000e+00   0.00000000e+00  -2.14821965e-13   2.32223999e-25   6.23590041e-25  -8.80646888e-55
  2.18400000e-05   0.00000000e+00   0.00000000e+00   2.76552418e-13  -2.98955037e-25  -8.02782592e-25  -1.45958206e-54
  2.19200000e-05   0.00000000e+00   0.00000000e+00   3.01807964e-13  -3.26256454e-25  -8.76094959e-25  -1.73842948e-54
  2.20000000e-05   0.00000000e+00   0.00000000e+00   2.56862402e-13  -2.77669997e-25  -7.45625969e-25  -1.25940851e-54
  2.20800000e-05   0.00000000e+00   0.00000000e+00   5.47871947e-13  -5.92253287e-25  -1.59037504e-24  -5.72895675e-54
  2.21600000e-05   0.00000000e+00   0.00000000e+00  -8.56954664e-14   9.26373799e-26   2.48758732e-25  -1.40098530e-55
  2.22400000e-05   0.00000000e+00   0.00000000e+00  -2.48691557e-13   2.68837258e-25   7.21907457e-25  -1.18025361e-54
  2.23200000e-05   0.00000000e+00   0.00000000e+00  -1.36249886e-13   1.47287049e-25   3.95509239e-25  -3.54509439e-55
  2.24000000e-05   0.00000000e+00   0.00000000e+00  -4.15030101e-15   4.48650351e-27   1.20475873e-26  -3.21750944e-58
  2.24800000e-05   0.00000000e+00   0.00000000e+00   2.60584068e-13  -2.81693143e-25  -7.56429307e-25  -1.29589693e-54
  2.25600000e-05   0.00000000e+00   0.00000000e+00  -1.52504094e-13   1.64857959e-25   4.42692321e-25  -4.43789556e-55
  2.26400000e-05   0.00000000e+00   0.00000000e+00  -3.07486402e-13   3.32394884e-25   8.92578458e-25  -1.80435306e-54
  2.27200000e-05   0.00000000e+00   0.00000000e+00  -4.59417801e-13   4.96633755e-25   1.33360835e-24  -4.02846994e-54
  2.28000000e-05   0.00000000e+00   0.00000000e+00  -2.72185216e-13   2.94234062e-25   7.90105379e-25  -1.41438549e-54
  2.28800000e-05   0.00000000e+00   0.00000000e+00   1.70480274e-13  -1.84290332e-25  -4.94873983e-25  -5.54882931e-55
  2.29600000e-05   0.00000000e+00   0.00000000e+00  -4.87397795e-13   5.26880319e-25   1.41482930e-24  -4.53348321e-54
  2.30400000e-05   0.00000000e+00   0.00000000e+00  -5.95181830e-13   6.43395591e-25   1.72770723e-24  -6.76038629e-54
  2.31200000e-05   0.00000000e+00   0.00000000e+00  -2.99456465e-13   3.23714468e-25   8.69268978e-25  -1.71219886e-54
  2.32000000e-05   0.00000000e+00   0.00000000e+00  -4.97643318e-14   5.37955799e-26   1.44457024e-25  -4.73513991e-56
  2.32800000e-05   0.00000000e+00   0.00000000e+00  -3.34655384e-14   3.61764738e-26   9.71445193e-26  -2.13634356e-56
  2.33600000e-05   0.00000000e+00   0.00000000e+00  -1.10190420e-13   1.19116590e-25   3.19863234e-25  -2.31705579e-55
  2.34400000e-05   0.00000000e+00   0.00000000e+00  -4.28847073e-13   4.63586591e-25   1.24486695e-24  -3.50925216e-54
  2.35200000e-05   0.00000000e+00   0.00000000e+00  -8.82034082e-13   9.53484819e-25   2.56038841e-24  -1.48470225e-53
  2.36000000e-05   0.00000000e+00   0.00000000e+00  -1.03893923e-12   1.12310035e-24   3.01585622e-24  -2.06010702e-53
  2.36800000e-05   0.00000000e+00   0.00000000e+00  -2.19323044e-13   2.37089697e-25   6.36655876e-25  -9.17769439e-55
  2.37600000e-05   0.00000000e+00   0.00000000e+00  -5.41199786e-13   5.85040636e-25   1.57100694e-24  -5.58952721e-54
  2.38400000e-05   0.00000000e+00   0.00000000e+00  -1.35075827e-13   1.46017885e-25   3.92101156e-25  -3.48375815e-55
  2.39200000e-05   0.00000000e+00   0.00000000e+00  -6.22385314e-13   6.72802741e-25   1.80667412e-24  -7.39251348e-54
  2.40000000e-05   0.00000000e+00   0.00000000e+00  -3.55662639e-13   3.84473723e-25   1.03242552e-24  -2.41461288e-54
  2.40800000e-05   0.00000000e+00   0.00000000e+00  -6.56185411e-13   7.09340875e-25   1.90478980e-24  -8.21726973e-54
  2.41600000e-05   0.00000000e+00   0.00000000e+00  -3.11237591e-13   3.36449945e-25   9.03467495e-25  -1.84932013e-54
  2.42400000e-05   0.00000000e+00   0.00000000e+00  -1.42790085e-14   1.54357049e-26   4.14494277e-26  -3.91179046e-57
  2.43200000e-05   0.00000000e+00   0.00000000e+00  -2.86340071e-13   3.09535556e-25   8.31194411e-25  -1.56546120e-54
  2.44000000e-05   0.00000000e+00   0.00000000e+00  -1.08472949e-13   1.17259992e-25   3.14877720e-25  -2.24560031e-55
  2.44800000e-05   0.00000000e+00   0.00000000e+00  -1.43289442e-13   1.54896857e-25   4.15943821e-25  -3.91855925e-55
  2.45600000e-05   0.00000000e+00   0.00000000e+00  -5.85153560e-13   6.32554963e-25   1.69859694e-24  -6.53473254e-54
  2.46400000e-05   0.00000000e+00   0.00000000e+00  -7.80812267e-13   8.44063351e-25   2.26655945e-24  -1.16356451e-53
  2.47200000e-05   0.00000000e+00   0.00000000e+00  -7.48407218e-13   8.09033274e-25   2.17249334e-24  -1.06910467e-53
  2.48000000e-05   0.00000000e+00   0.00000000e+00  -9.12583470e-13   9.86508914e-25   2.64906787e-24  -1.58953785e-53
  2.48800000e-05   0.00000000e+00   0.00000000e+00  -2.11462665e-13   2.28592574e-25   6.13838592e-25  -8.53483670e-55
  2.49600000e-05   0.00000000e+00   0.00000000e+00  -7.00534368e-13   7.57282399e-25   2.03352695e-24  -9.36605197e-54
  2.50400000e-05   0.00000000e+00   0.00000000e+00  -3.68864657e-13   3.98745193e-25   1.07074864e-24  -2.59730432e-54
  2.51200000e-05   0.00000000e+00   0.00000000e+00  -5.27990500e-13   5.70761308e-25   1.53266272e-24  -5.32054062e-54
  2.52000000e-05   0.00000000e+00   0.00000000e+00   3.49621693e-14  -3.77943419e-26  -1.01488973e-25  -2.32619301e-56
  2.52800000e-05   0.00000000e+00   0.00000000e+00  -5.63663396e-13   6.09323950e-25   1.63621481e-24  -6.06304186e-54
  2.53600000e-05   0.00000000e+00   0.00000000e+00  -9.45313881e-13   1.02189071e-24   2.74407844e-24  -1.70542511e-53
  2.54400000e-05   0.00000000e+00   0.00000000e+00  -4.94810591e-13   5.34893602e-25   1.43634734e-24  -4.67372240e-54
  2.55200000e-05   0.00000000e+00   0.00000000e+00  -4.19242440e-13   4.53203919e-25   1.21698641e-24  -3.35508159e-54
  2.56000000e-05   0.00000000e+00   0.00000000e+00  -3.63789986e-13   3.93259440e-25   1.05601777e-24  -2.52561341e-54
  2.56800000e-05   0.00000000e+00   0.00000000e+00  -5.37899902e-13   5.81473438e-25   1.56142796e-24  -5.52198762e-54
  2.57600000e-05   0.00000000e+00   0.00000000e+00  -7.04428433e-13   7.61491909e-25   2.04483073e-24  -9.47065539e-54
  2.58400000e-05   0.00000000e+00   0.00000000e+00  -5.29365338e-13   5.72247517e-25   1.53665363e-24  -5.34862562e-54
  2.59200000e-05   0.00000000e+00   0.00000000e+00  -9.01863302e-13   9.74920340e-25   2.61794912e-24  -1.55227628e-53
  2.60000000e-05   0.00000000e+00   0.00000000e+00  -8.69498706e-13   9.39933993e-25   2.52400044e-24  -1.44302311e-53
  2.60800000e-05   0.00000000e+00   0.00000000e+00  -8.45758308e-13   9.14270461e-25   2.45508628e-24  -1.36520602e-53
  2.61600000e-05   0.00000000e+00   0.00000000e+00  -6.58556501e-13   7.11904040e-25   1.91167266e-24  -8.27800715e-54
  2.62400000e-05   0.00000000e+00   0.00000000e+00  -5.65780592e-13   6.11612653e-25   1.64236066e-24  -6.10995925e-54
  2.63200000e-05   0.00000000e+00   0.00000000e+00  -7.48367158e-13   8.08989968e-25   2.17237705e-24  -1.06893918e-53
  2.64000000e-05   0.00000000e+00   0.00000000e+00  -7.54322266e-13   8.15427481e-25   2.18966368e-24  -1.08601898e-53
  2.64800000e-05   0.00000000e+00   0.00000000e+00  -3.49702712e-13   3.78031001e-25   1.01512491e-24  -2.33442703e-54
  2.65600000e-05   0.00000000e+00   0.00000000e+00  -6.85990584e-13   7.41560470e-25   1.99130893e-24  -8.98265576e-54
  2.66400000e-05   0.00000000e+00   0.00000000e+00  -4.07803749e-13   4.40838615e-25   1.18378191e-24  -3.17468695e-54
  2.67200000e-05   0.00000000e+00   0.00000000e+00  -1.12343269e-12   1.21443834e-24   3.26112572e-24  -2.40859449e-53
  2.68000000e-05   0.00000000e+00   0.00000000e+00  -4.37203722e-13   4.72620185e-25   1.26912482e-24  -3.64896684e-54
  2.68800000e-05   0.00000000e+00   0.00000000e+00  -9.16187995e-13   9.90405430e-25   2.65953116e-24  -1.60201920e-53
  2.69600000e-05   0.00000000e+00   0.00000000e+00  -7.35121132e-13   7.94670925e-25   2.13392619e-24  -1.03153274e-53
  2.70400000e-05   0.00000000e+00   0.00000000e+00  -4.87086290e-13   5.26543580e-25   1.41392506e-24  -4.52890445e-54
  2.71200000e-05   0.00000000e+00   0.00000000e+00  -2.31688487e-13   2.50456824e-25   6.72550562e-25  -1.02483276e-54
  2.72000000e-05   0.00000000e+00   0.00000000e+00  -6.94367846e-13   7.50616346e-25   2.01562664e-24  -9.20208501e-54
  2.72800000e-05   0.00000000e+00   0.00000000e+00  -7.37703475e-13   7.97462454e-25   2.14142227e-24  -1.03857288e-53
  2.73600000e-05   0.00000000e+00   0.00000000e+00  -1.08488877e-12   1.17277211e-24   3.14923958e-24  -2.24626041e-53
  2.74400000e-05   0.00000000e+00   0.00000000e+00  -9.51144237e-13   1.02819336e-24   2.76100293e-24  -1.72677632e-53
  2.75200000e-05   0.00000000e+00   0.00000000e+00  -7.85547035e-13   8.49181667e-25   2.28030364e-24  -1.17785463e-53
  2.76000000e-05   0.00000000e+00   0.00000000e+00  -7.19766642e-13   7.78072616e-25   2.08935483e-24  -9.88671371e-54
  2.76800000e-05   0.00000000e+00   0.00000000e+00  -1.08818607e-12   1.17633652e-24   3.15881106e-24  -2.25995792e-53
  2.77600000e-05   0.00000000e+00   0.00000000e+00  -1.06862151e-12   1.15518710e-24   3.10201862e-24  -2.17963050e-53
  2.78400000e-05   0.00000000e+00   0.00000000e+00  -3.25469103e-13   3.51834306e-25   9.44779049e-25  -2.02259954e-54
  2.79200000e-05   0.00000000e+00   0.00000000e+00  -9.90431393e-13   1.07066305e-24   2.87504657e-24  -1.87214943e-53
  2.80000000e-05   0.00000000e+00   0.00000000e+00  -6.66300847e-13   7.20275730e-25   1.93415312e-24  -8.47406310e-54
  2.80800000e-05   0.00000000e+00   0.00000000e+00  -1.01153532e-12   1.09347653e-24   2.93630753e-24  -1.95277218e-53
  2.81600000e-05   0.00000000e+00   0.00000000e+00  -1.02325865e-12   1.10614954e-24   2.97033829e-24  -1.99837551e-53
  2.82400000e-05   0.00000000e+00   0.00000000e+00  -1.02229239e-12   1.10510500e-24   2.96753340e-24  -1.99470113e-53
  2.83200000e-05   0.00000000e+00   0.00000000e+00  -1.33892217e-12   1.44738394e-24   3.88665345e-24  -3.42134793e-53
  2.84000000e-05   0.00000000e+00   0.00000000e+00  -1.80557693e-12   1.95184089e-24   5.24126940e-24  -6.22197626e-53
  2.84800000e-05   0.00000000e+00   0.00000000e+00  -7.58488112e-13   8.19930788e-25   2.20175639e-24  -1.09816468e-53
  2.85600000e-05   0.00000000e+00   0.00000000e+00  -8.25546753e-13   8.92421633e-25   2.39641572e-24  -1.30078002e-53
  2.86400000e-05   0.00000000e+00   0.00000000e+00  -1.04909165e-12   1.13407518e-24   3.04532690e-24  -2.10058059e-53
  2.87200000e-05   0.00000000e+00   0.00000000e+00  -1.15813460e-12   1.25195135e-24   3.36185923e-24  -2.56002357e-53
  2.88000000e-05   0.00000000e+00   0.00000000e+00  -9.58888520e-13   1.03656499e-24   2.78348321e-24  -1.75497922e-53
  2.88800000e-05   0.00000000e+00   0.00000000e+00  -8.38553619e-13   9.06482143e-25   2.43417235e-24  -1.34209139e-53
  2.89600000e-05   0.00000000e+00   0.00000000e+00  -1.00069848e-12   1.08176184e-24   2.90485010e-24  -1.91126044e-53
  2.90400000e-05   0.00000000e+00   0.00000000e+00  -8.82993196e-13   9.54521628e-25   2.56317255e-24  -1.48806944e-53
  2.91200000e-05   0.00000000e+00   0.00000000e+00  -1.01258677e-12   1.09461316e-24   2.93935970e-24  -1.95692878e-53
  2.92000000e-05   0.00000000e+00   0.00000000e+00  -8.88499579e-13   9.60474065e-25   2.57915661e-24  -1.50683833e-53
  2.92800000e-05   0.00000000e+00   0.00000000e+00  -9.07462368e-13   9.80972968e-25   2.63420222e-24  -1.57176501e-53
  2.93600000e-05   0.00000000e+00   0.00000000e+00  -1.31868725e-12   1.42550985e-24   3.82791506e-24  -3.31880622e-53
  2.94400000e-05   0.00000000e+00   0.00000000e+00  -9.01749229e-13   9.74797027e-25   2.61761799e-24  -1.55197259e-53
  2.95200000e-05   0.00000000e+00   0.00000000e+00  -1.00084622e-12   1.08192155e-24   2.90527898e-24  -1.91182607e-53
  2.96000000e-05   0.00000000e+00   0.00000000e+00  -8.09175235e-13   8.74723912e-25   2.34889211e-24  -1.24973352e-53
  2.96800000e-05   0.00000000e+00   0.00000000e+00  -1.04377032e-12   1.12832279e-24   3.02988001e-24  -2.07930996e-53
  2.97600000e-05   0.00000000e+00   0.00000000e+00   4.87573087e-07  -5.27070729e-19  -1.41533780e-18  -4.53648452e-42
  2.98400000e-05   0.00000000e+00   0.00000000e+00   8.66730611e-07  -9.36949374e-19  -2.51596228e-18  -1.43365678e-41
  2.99200000e-05   0.00000000e+00   0.00000000e+00   1.77684749e-07  -1.92080030e-19  -5.15786692e-19  -6.02272060e-43
  3.00000000e-05  -4.37862310e-15  -2.12692952e-14  -4.06440771e-07   4.39370114e-19   1.17982362e-18  -6.64742686e-26
  3.00800000e-05  -2.72510484e-15  -1.32372797e-14  -1.32984744e-07   1.43758287e-19   3.86030790e-19  -4.13713166e-26
  3.01600000e-05   1.98517743e-15   7.94999801e-15   7.77357077e-07  -8.40326731e-19  -2.25652997e-18   2.52234231e-26
  3.02400000e-05   2.90383003e-15   1.16289064e-14   1.96538248e-06  -2.12461578e-18  -5.70514700e-18   3.68956904e-26
  3.03200000e-05   9.45993700e-09   6.39184496e-08  -8.49283032e-07   7.98316586e-19   2.48303909e-18   1.95769876e-19
  3.04000000e-05  -4.69294466e-08  -3.17090625e-07   5.42397884e-07   7.85513644e-21  -1.66242327e-18  -9.71187779e-19
  3.04800000e-05   3.02028642e-08   2.15734667e-07  -8.32841915e-07   4.96050572e-19   2.47418602e-18   6.58888362e-19
  3.05600000e-05  -1.20526612e-07  -8.36997885e-07  -7.24970184e-07   2.35214559e-18   1.87861083e-18  -2.55995277e-18
  3.06400000e-05  -1.32295434e-07  -9.44967391e-07  -1.86247900e-06   3.78409531e-18   5.15857092e-18  -2.88609956e-18
  3.07200000e-05  -4.84139784e-07  -3.55988296e-06  -2.39035616e-06   9.25467319e-18   6.03165013e-18  -1.08571787e-17
  3.08000000e-05  -6.38679458e-08  -4.99817577e-07  -4.31602453e-06   5.60193793e-18   1.24092369e-17  -1.51994942e-18
