       time             b_x              b_y              b_z              F_x              F_y              F_z
  0.00000000e+00   0.00000000e+00   0.00000000e+00   0.00000000e+00   0.00000000e+00   0.00000000e+00   0.00000000e+00
  8.00000000e-08   0.00000000e+00   0.00000000e+00   0.00000000e+00   0.00000000e+00   0.00000000e+00   0.00000000e+00
  1.60000000e-07   0.00000000e+00   0.00000000e+00   0.00000000e+00   0.00000000e+00   0.00000000e+00   0.00000000e+00
  2.40000000e-07   0.00000000e+00   0.00000000e+00   0.00000000e+00   0.00000000e+00   0.00000000e+00   0.00000000e+00
  3.20000000e-07   0.00000000e+00   0.00000000e+00   0.00000000e+00   0.00000000e+00   0.00000000e+00   0.00000000e+00
  4.00000000e-07   0.00000000e+00   0.00000000e+00   0.00000000e+00   0.00000000e+00   0.00000000e+00   0.00000000e+00
  4.80000000e-07   0.00000000e+00   0.00000000e+00   0.00000000e+00   0.00000000e+00   0.00000000e+00   0.00000000e+00
  5.60000000e-07   0.00000000e+00   0.00000000e+00   0.00000000e+00   0.00000000e+00   0.00000000e+00   0.00000000e+00
  6.40000000e-07   0.00000000e+00   0.00000000e+00   0.00000000e+00   0.00000000e+00   0.00000000e+00   0.00000000e+00
  7.20000000e-07   0.00000000e+00   0.00000000e+00   0.00000000e+00   0.00000000e+00   0.00000000e+00   0.00000000e+00
  8.00000000e-07   0.00000000e+00   0.00000000e+00   0.00000000e+00   0.00000000e+00   0.00000000e+00   0.00000000e+00
  8.80000000e-07   0.00000000e+00   0.00000000e+00   0.00000000e+00   0.00000000e+00   0.00000000e+00   0.00000000e+00
  9.60000000e-07   0.00000000e+00   0.00000000e+00   0.00000000e+00   0.00000000e+00   0.00000000e+00   0.00000000e+00
  1.04000000e-06   0.00000000e+00   0.00000000e+00   0.00000000e+00   0.00000000e+00   0.00000000e+00   0.00000000e+00
  1.12000000e-06   0.00000000e+00   0.00000000e+00   0.00000000e+00   0.00000000e+00   0.00000000e+00   0.00000000e+00
  1.20000000e-06   0.00000000e+00   0.00000000e+00   0.00000000e+00   0.00000000e+00   0.00000000e+00   0.00000000e+00
  1.28000000e-06   0.00000000e+00   0.00000000e+00   0.00000000e+00   0.00000000e+00   0.00000000e+00   0.00000000e+00
  1.36000000e-06   0.00000000e+00   0.00000000e+00   0.00000000e+00   0.00000000e+00   0.00000000e+00   0.00000000e+00
  1.44000000e-06   0.00000000e+00   0.00000000e+00   0.00000000e+00   0.00000000e+00   0.00000000e+00   0.00000000e+00
  1.52000000e-06   0.00000000e+00   0.00000000e+00   0.00000000e+00   0.00000000e+00   0.00000000e+00   0.00000000e+00
  1.60000000e-06   0.00000000e+00   0.00000000e+00   0.00000000e+00   0.00000000e+00   0.00000000e+00   0.00000000e+00
  1.68000000e-06   0.00000000e+00   0.00000000e+00   0.00000000e+00   0.00000000e+00   0.00000000e+00   0.00000000e+00
  1.76000000e-06   0.00000000e+00   0.00000000e+00   0.00000000e+00   0.00000000e+00   0.00000000e+00   0.00000000e+00
  1.84000000e-06   0.00000000e+00   0.00000000e+00   0.00000000e+00   0.00000000e+00   0.00000000e+00   0.00000000e+00
  1.92000000e-06   0.00000000e+00   0.00000000e+00   0.00000000e+00   0.00000000e+00   0.00000000e+00   0.00000000e+00
  2.00000000e-06   0.00000000e+00   0.00000000e+00   0.00000000e+00   0.00000000e+00   0.00000000e+00   0.00000000e+00
  2.08000000e-06   0.00000000e+00   0.00000000e+00   0.00000000e+00   0.00000000e+00   0.00000000e+00   0.00000000e+00
  2.16000000e-06   0.00000000e+00   0.00000000e+00   0.00000000e+00   0.00000000e+00   0.00000000e+00   0.00000000e+00
  2.24000000e-06   0.00000000e+00   0.00000000e+00   0.00000000e+00   0.00000000e+00   0.00000000e+00   0.00000000e+00
  2.32000000e-06   0.00000000e+00   0.00000000e+00   0.00000000e+00   0.00000000e+00   0.00000000e+00   0.00000000e+00
  2.40000000e-06   0.00000000e+00   0.00000000e+00   0.00000000e+00   0.00000000e+00   0.00000000e+00   0.00000000e+00
  2.48000000e-06   0.00000000e+00   0.00000000e+00   0.00000000e+00   0.00000000e+00   0.00000000e+00   0.00000000e+00
  2.56000000e-06   0.00000000e+00   0.00000000e+00   0.00000000e+00   0.00000000e+00   0.00000000e+00   0.00000000e+00
  2.64000000e-06   0.00000000e+00   0.00000000e+00   0.00000000e+00   0.00000000e+00   0.00000000e+00   0.00000000e+00
  2.72000000e-06   0.00000000e+00   0.00000000e+00   0.00000000e+00   0.00000000e+00   0.00000000e+00   0.00000000e+00
  2.80000000e-06   0.00000000e+00   0.00000000e+00   0.00000000e+00   0.00000000e+00   0.00000000e+00   0.00000000e+00
  2.88000000e-06   0.00000000e+00   0.00000000e+00   0.00000000e+00   0.00000000e+00   0.00000000e+00   0.00000000e+00
  2.96000000e-06   0.00000000e+00   0.00000000e+00   0.00000000e+00   0.00000000e+00   0.00000000e+00   0.00000000e+00
  3.04000000e-06   0.00000000e+00   0.00000000e+00   0.00000000e+00   0.00000000e+00   0.00000000e+00   0.00000000e+00
  3.12000000e-06   0.00000000e+00   0.00000000e+00   0.00000000e+00   0.00000000e+00   0.00000000e+00   0.00000000e+00
  3.20000000e-06   0.00000000e+00   0.00000000e+00   0.00000000e+00   0.00000000e+00   0.00000000e+00   0.00000000e+00
  3.28000000e-06   0.00000000e+00   0.00000000e+00   0.00000000e+00   0.00000000e+00   0.00000000e+00   0.00000000e+00
  3.36000000e-06   0.00000000e+00   0.00000000e+00   0.00000000e+00   0.00000000e+00   0.00000000e+00   0.00000000e+00
  3.44000000e-06   0.00000000e+00   0.00000000e+00   0.00000000e+00   0.00000000e+00   0.00000000e+00   0.00000000e+00
  3.52000000e-06   0.00000000e+00   0.00000000e+00   0.00000000e+00   0.00000000e+00   0.00000000e+00   0.00000000e+00
  3.60000000e-06   0.00000000e+00   0.00000000e+00   0.00000000e+00   0.00000000e+00   0.00000000e+00   0.00000000e+00
  3.68000000e-06   0.00000000e+00   0.00000000e+00   0.00000000e+00   0.00000000e+00   0.00000000e+00   0.00000000e+00
  3.76000000e-06   0.00000000e+00   0.00000000e+00   0.00000000e+00   0.00000000e+00   0.00000000e+00   0.00000000e+00
  3.84000000e-06   0.00000000e+00   0.00000000e+00   0.00000000e+00   0.00000000e+00   0.00000000e+00   0.00000000e+00
  3.92000000e-06   0.00000000e+00   0.00000000e+00   0.00000000e+00   0.00000000e+00   0.00000000e+00   0.00000000e+00
  4.00000000e-06   0.00000000e+00   0.00000000e+00   0.00000000e+00   0.00000000e+00   0.00000000e+00   0.00000000e+00
  4.08000000e-06   0.00000000e+00   0.00000000e+00   0.00000000e+00   0.00000000e+00   0.00000000e+00   0.00000000e+00
  4.16000000e-06   0.00000000e+00   0.00000000e+00   0.00000000e+00   0.00000000e+00   0.00000000e+00   0.00000000e+00
  4.24000000e-06   0.00000000e+00   0.00000000e+00   0.00000000e+00   0.00000000e+00   0.00000000e+00   0.00000000e+00
  4.32000000e-06   0.00000000e+00   0.00000000e+00   0.00000000e+00   0.00000000e+00   0.00000000e+00   0.00000000e+00
  4.40000000e-06   0.00000000e+00   0.00000000e+00   0.00000000e+00   0.00000000e+00   0.00000000e+00   0.00000000e+00
  4.48000000e-06   0.00000000e+00   0.00000000e+00   0.00000000e+00   0.00000000e+00   0.00000000e+00   0.00000000e+00
  4.56000000e-06   0.00000000e+00   0.00000000e+00   0.00000000e+00   0.00000000e+00   0.00000000e+00   0.00000000e+00
  4.64000000e-06   0.00000000e+00   0.00000000e+00   0.00000000e+00   0.00000000e+00   0.00000000e+00   0.00000000e+00
  4.72000000e-06   0.00000000e+00   0.00000000e+00   0.00000000e+00   0.00000000e+00   0.00000000e+00   0.00000000e+00
  4.80000000e-06   0.00000000e+00   0.00000000e+00   0.00000000e+00   0.00000000e+00   0.00000000e+00   0.00000000e+00
  4.88000000e-06   0.00000000e+00   0.00000000e+00   0.00000000e+00   0.00000000e+00   0.00000000e+00   0.00000000e+00
  4.96000000e-06   0.00000000e+00   0.00000000e+00   0.00000000e+00   0.00000000e+00   0.00000000e+00   0.00000000e+00
  5.04000000e-06   0.00000000e+00   0.00000000e+00   0.00000000e+00   0.00000000e+00   0.00000000e+00   0.00000000e+00
  5.12000000e-06   0.00000000e+00   0.00000000e+00   0.00000000e+00   0.00000000e+00   0.00000000e+00   0.00000000e+00
  5.20000000e-06   2.12316670e-06  -3.42411824e-08  -7.75386482e-14   1.15458854e-19   7.15919560e-18  -1.19758352e-17
  5.28000000e-06   5.16569578e-06  -1.06856885e-07  -3.32010293e-13   3.60306240e-19   1.74180833e-17  -2.92313248e-17
  5.36000000e-06   2.90591592e-06  -8.20915689e-08  -4.67456036e-13   2.76792438e-19   9.79812288e-18  -1.65314741e-17
  5.44000000e-06   6.67794807e-06  -2.31626754e-07  -1.08243461e-13   7.80965837e-19   2.25157645e-17  -3.81617679e-17
  5.52000000e-06   5.67308514e-06  -2.33323942e-07  -5.95039914e-13   7.86659692e-19   1.91270847e-17  -3.25652520e-17
  5.60000000e-06  -2.02337829e-06   7.53881314e-08  -3.48445205e-12  -2.54191961e-19  -6.82184482e-18   1.15836799e-17
  5.68000000e-06   6.68677088e-13  -3.04467294e-14  -3.53342121e-12  -1.96019245e-23   1.63199373e-23  -3.85016270e-24
  5.76000000e-06   1.19006731e-13   1.53016364e-15  -3.89695971e-12  -2.17370529e-23   1.59138737e-23  -6.57565123e-25
  5.84000000e-06  -5.27864563e-14   2.78437171e-15  -3.20038209e-12  -1.78567273e-23   1.25618067e-23   3.05454182e-25
  5.92000000e-06   0.00000000e+00   0.00000000e+00  -3.45247102e-12  -1.92531460e-23   1.37432667e-23  -2.00243578e-51
  6.00000000e-06   0.00000000e+00   0.00000000e+00  -3.47831856e-12  -1.93972881e-23   1.38461581e-23  -2.03307788e-51
  6.08000000e-06   0.00000000e+00   0.00000000e+00  -3.16957640e-12  -1.76755480e-23   1.26171468e-23  -1.68795111e-51
  6.16000000e-06   0.00000000e+00   0.00000000e+00  -3.74247508e-12  -2.08703907e-23   1.48976871e-23  -2.35311846e-51
  6.24000000e-06   0.00000000e+00   0.00000000e+00  -3.76386846e-12  -2.09896936e-23   1.49828479e-23  -2.38026314e-51
  6.32000000e-06   0.00000000e+00   0.00000000e+00  -3.91009882e-12  -2.18051659e-23   1.55649477e-23  -2.56868340e-51
  6.40000000e-06   0.00000000e+00   0.00000000e+00  -4.21436032e-12  -2.35019191e-23   1.67761228e-23  -2.98387191e-51
  6.48000000e-06   0.00000000e+00   0.00000000e+00  -4.32446969e-12  -2.41159581e-23   1.72144357e-23  -3.14183587e-51
  6.56000000e-06   0.00000000e+00   0.00000000e+00  -3.16854132e-12  -1.76697757e-23   1.26130265e-23  -1.68695514e-51
  6.64000000e-06   0.00000000e+00   0.00000000e+00  -4.37495416e-12  -2.43974912e-23   1.74153994e-23  -3.21567072e-51
  6.72000000e-06   0.00000000e+00   0.00000000e+00  -2.76014749e-12  -1.53923153e-23   1.09873314e-23  -1.28036891e-51
  6.80000000e-06   0.00000000e+00   0.00000000e+00  -4.36617745e-12  -2.43485467e-23   1.73804619e-23  -3.20294092e-51
  6.88000000e-06   0.00000000e+00   0.00000000e+00  -2.86619794e-12  -1.59837192e-23   1.14094869e-23  -1.38035188e-51
  6.96000000e-06   0.00000000e+00   0.00000000e+00  -3.73629783e-12  -2.08359425e-23   1.48730974e-23  -2.34543003e-51
  7.04000000e-06   0.00000000e+00   0.00000000e+00  -3.95312236e-12  -2.20450922e-23   1.57362117e-23  -2.62545512e-51
  7.12000000e-06   0.00000000e+00   0.00000000e+00  -2.95930102e-12  -1.65029205e-23   1.17801027e-23  -1.47130265e-51
  7.20000000e-06   0.00000000e+00   0.00000000e+00  -3.25386954e-12  -1.81456195e-23   1.29526929e-23  -1.77906456e-51
  7.28000000e-06   0.00000000e+00   0.00000000e+00  -3.58492591e-12  -1.99917976e-23   1.42705305e-23  -2.15949994e-51
  7.36000000e-06   0.00000000e+00   0.00000000e+00  -3.77303906e-12  -2.10408347e-23   1.50193533e-23  -2.39168957e-51
  7.44000000e-06   0.00000000e+00   0.00000000e+00  -3.97401114e-12  -2.21615812e-23   1.58193638e-23  -2.65342363e-51
  7.52000000e-06   0.00000000e+00   0.00000000e+00  -2.34308253e-12  -1.30664993e-23   9.32711903e-24  -9.22632823e-52
  7.60000000e-06   0.00000000e+00   0.00000000e+00  -3.67697772e-12  -2.05051363e-23   1.46369615e-23  -2.27154778e-51
  7.68000000e-06   0.00000000e+00   0.00000000e+00  -2.23216069e-12  -1.24479295e-23   8.88557197e-24  -8.37346928e-52
  7.76000000e-06   0.00000000e+00   0.00000000e+00  -2.72024476e-12  -1.51697927e-23   1.08284904e-23  -1.24348410e-51
  7.84000000e-06   0.00000000e+00   0.00000000e+00  -3.59739404e-12  -2.00613278e-23   1.43201624e-23  -2.17426825e-51
  7.92000000e-06   0.00000000e+00   0.00000000e+00  -3.31347190e-12  -1.84779997e-23   1.31899523e-23  -1.84453109e-51
  8.00000000e-06   0.00000000e+00   0.00000000e+00  -3.34122052e-12  -1.86327434e-23   1.33004113e-23  -1.87590263e-51
  8.08000000e-06   0.00000000e+00   0.00000000e+00  -3.28071881e-12  -1.82953478e-23   1.30595719e-23  -1.80843983e-51
  8.16000000e-06   0.00000000e+00   0.00000000e+00  -2.89116582e-12  -1.61229558e-23   1.15088766e-23  -1.40439885e-51
  8.24000000e-06   0.00000000e+00   0.00000000e+00  -3.14193457e-12  -1.75213998e-23   1.25071129e-23  -1.65850398e-51
  8.32000000e-06   0.00000000e+00   0.00000000e+00  -3.07876359e-12  -1.71691188e-23   1.22556479e-23  -1.59249851e-51
  8.40000000e-06   0.00000000e+00   0.00000000e+00  -2.41484145e-12  -1.34666721e-23   9.61277008e-24  -9.79955813e-52
  8.48000000e-06   0.00000000e+00   0.00000000e+00  -2.13167780e-12  -1.18875737e-23   8.48557925e-24  -7.63541194e-52
  8.56000000e-06   0.00000000e+00   0.00000000e+00  -1.43652007e-12  -8.01093780e-24   5.71836180e-24  -3.46798837e-52
  8.64000000e-06   0.00000000e+00   0.00000000e+00  -1.25304169e-12  -6.98774718e-24   4.98798862e-24  -2.63908395e-52
  8.72000000e-06   0.00000000e+00   0.00000000e+00  -1.89205937e-12  -1.05513110e-23   7.53172915e-24  -6.01467624e-52
  8.80000000e-06   0.00000000e+00   0.00000000e+00  -1.85671023e-12  -1.03541820e-23   7.39101464e-24  -5.79142047e-52
  8.88000000e-06   0.00000000e+00   0.00000000e+00  -9.91653017e-13  -5.53007982e-24   3.94747756e-24  -1.65261458e-52
  8.96000000e-06   0.00000000e+00   0.00000000e+00  -2.24477263e-12  -1.25182616e-23   8.93577637e-24  -8.46599123e-52
  9.04000000e-06   0.00000000e+00   0.00000000e+00  -1.94128521e-12  -1.08258252e-23   7.72768266e-24  -6.33248077e-52
  9.12000000e-06   0.00000000e+00   0.00000000e+00  -2.62333916e-12  -1.46293862e-23   1.04427378e-23  -1.15625631e-51
  9.20000000e-06   0.00000000e+00   0.00000000e+00  -2.81044016e-12  -1.56727788e-23   1.11875316e-23  -1.32674516e-51
  9.28000000e-06   0.00000000e+00   0.00000000e+00  -7.84780201e-13  -4.37642712e-24   3.12397803e-24  -1.03514673e-52
  9.36000000e-06   0.00000000e+00   0.00000000e+00  -1.48706422e-12  -8.29280372e-24   5.91956313e-24  -3.71375906e-52
  9.44000000e-06   0.00000000e+00   0.00000000e+00  -5.34079148e-13  -2.97836065e-24   2.12601123e-24  -4.79510639e-53
  9.52000000e-06   0.00000000e+00   0.00000000e+00  -5.56242570e-13  -3.10195781e-24   2.21423727e-24  -5.19962340e-53
  9.60000000e-06   0.00000000e+00   0.00000000e+00  -8.83628256e-13  -4.92766593e-24   3.51746292e-24  -1.31152515e-52
  9.68000000e-06   0.00000000e+00   0.00000000e+00   4.65748018e-13   2.59730337e-24  -1.85400520e-24  -3.64220687e-53
  9.76000000e-06   0.00000000e+00   0.00000000e+00   1.12958978e-13   6.29930180e-25  -4.49656304e-25  -2.14316174e-54
  9.84000000e-06   0.00000000e+00   0.00000000e+00   6.33153231e-13   3.53085994e-24  -2.52039588e-24  -6.73563865e-53
  9.92000000e-06   0.00000000e+00   0.00000000e+00   5.90156628e-13   3.29108388e-24  -2.34923911e-24  -5.85200062e-53
  1.00000000e-05   0.00000000e+00   0.00000000e+00   1.31380208e-13   7.32658524e-25  -5.22985775e-25  -2.89963846e-54
  1.00800000e-05   0.00000000e+00   0.00000000e+00   3.72366893e-14   2.07655158e-25  -1.48228254e-25  -2.35222528e-55
  1.01600000e-05   0.00000000e+00   0.00000000e+00   1.63179556e-12   9.09991657e-24  -6.49569584e-24  -4.47563449e-52
  1.02400000e-05   0.00000000e+00   0.00000000e+00   9.22792885e-13   5.14607249e-24  -3.67336573e-24  -1.43016453e-52
  1.03200000e-05   0.00000000e+00   0.00000000e+00   1.36555470e-12   7.61519039e-24  -5.43586967e-24  -3.13408021e-52
  1.04000000e-05   0.00000000e+00   0.00000000e+00   1.46955673e-12   8.19517100e-24  -5.84987101e-24  -3.62941348e-52
  1.04800000e-05   0.00000000e+00   0.00000000e+00   1.64747355e-12   9.18734687e-24  -6.55810527e-24  -4.56098387e-52
  1.05600000e-05   0.00000000e+00   0.00000000e+00   2.62917341e-12   1.46619217e-23  -1.04659623e-23  -1.16135544e-51
  1.06400000e-05   0.00000000e+00   0.00000000e+00   2.25175955e-12   1.25572250e-23  -8.96358922e-24  -8.51884599e-52
  1.07200000e-05   0.00000000e+00   0.00000000e+00   2.95808388e-12   1.64961329e-23  -1.17752576e-23  -1.47018942e-51
  1.08000000e-05   0.00000000e+00   0.00000000e+00   2.16473368e-12   1.20719141e-23  -8.61716498e-24  -7.87456238e-52
  1.08800000e-05   0.00000000e+00   0.00000000e+00   3.08182213e-12   1.71861751e-23  -1.22678230e-23  -1.59576229e-51
  1.09600000e-05   0.00000000e+00   0.00000000e+00   2.39497233e-12   1.33558694e-23  -9.53367697e-24  -9.63848273e-52
  1.10400000e-05   0.00000000e+00   0.00000000e+00   3.76378244e-12   2.09892140e-23  -1.49825055e-23  -2.37994755e-51
  1.11200000e-05   0.00000000e+00   0.00000000e+00   3.58635240e-12   1.99997527e-23  -1.42762089e-23  -2.16103230e-51
  1.12000000e-05   0.00000000e+00   0.00000000e+00   3.91505010e-12   2.18327774e-23  -1.55846573e-23  -2.57544562e-51
  1.12800000e-05   0.00000000e+00   0.00000000e+00   3.56006036e-12   1.98531317e-23  -1.41715481e-23  -2.12970123e-51
  1.13600000e-05   0.00000000e+00   0.00000000e+00   4.65447353e-12   2.59562667e-23  -1.85280834e-23  -3.63950455e-51
  1.14400000e-05   0.00000000e+00   0.00000000e+00   3.87070917e-12   2.15855045e-23  -1.54081492e-23  -2.51702733e-51
  1.15200000e-05   0.00000000e+00   0.00000000e+00   4.31260035e-12   2.40497672e-23  -1.71671873e-23  -3.12487317e-51
  1.16000000e-05   0.00000000e+00   0.00000000e+00   4.32242073e-12   2.41045318e-23  -1.72062794e-23  -3.13959364e-51
  1.16800000e-05   0.00000000e+00   0.00000000e+00   4.87913609e-12   2.72091261e-23  -1.94223987e-23  -3.99994026e-51
  1.17600000e-05   0.00000000e+00   0.00000000e+00   5.27686372e-12   2.94271051e-23  -2.10056348e-23  -4.67823998e-51
  1.18400000e-05   0.00000000e+00   0.00000000e+00   4.32725664e-12   2.41314999e-23  -1.72255297e-23  -3.14607945e-51
  1.19200000e-05   0.00000000e+00   0.00000000e+00   4.67061055e-12   2.60462568e-23  -1.85923201e-23  -3.66508280e-51
  1.20000000e-05   0.00000000e+00   0.00000000e+00   5.74438677e-12   3.20343072e-23  -2.28667059e-23  -5.54390343e-51
  1.20800000e-05   0.00000000e+00   0.00000000e+00   6.03194270e-12   3.36378996e-23  -2.40113811e-23  -6.11306677e-51
  1.21600000e-05   0.00000000e+00   0.00000000e+00   5.77069350e-12   3.21810100e-23  -2.29714252e-23  -5.59531704e-51
  1.22400000e-05   0.00000000e+00   0.00000000e+00   5.64391115e-12   3.14739921e-23  -2.24667422e-23  -5.35203693e-51
  1.23200000e-05   0.00000000e+00   0.00000000e+00   7.15148352e-12   3.98811621e-23  -2.84679422e-23  -8.59265986e-51
  1.24000000e-05   0.00000000e+00   0.00000000e+00   6.19934660e-12   3.45714488e-23  -2.46777665e-23  -6.45749000e-51
  1.24800000e-05   0.00000000e+00   0.00000000e+00   6.25731916e-12   3.48947403e-23  -2.49085382e-23  -6.57868238e-51
  1.25600000e-05   0.00000000e+00   0.00000000e+00   5.82942610e-12   3.25085399e-23  -2.32052224e-23  -5.71023288e-51
  1.26400000e-05   0.00000000e+00   0.00000000e+00   5.71546662e-12   3.18730303e-23  -2.27515834e-23  -5.48898091e-51
  1.27200000e-05   0.00000000e+00   0.00000000e+00   6.59547556e-12   3.67805126e-23  -2.62546388e-23  -7.30871811e-51
  1.28000000e-05   0.00000000e+00   0.00000000e+00   6.82130360e-12   3.80398716e-23  -2.71535935e-23  -7.81828591e-51
  1.28800000e-05   0.00000000e+00   0.00000000e+00   6.78207464e-12   3.78211063e-23  -2.69974346e-23  -7.72857625e-51
  1.29600000e-05   0.00000000e+00   0.00000000e+00   6.29851341e-12   3.51244652e-23  -2.50725203e-23  -6.66559364e-51
  1.30400000e-05   0.00000000e+00   0.00000000e+00   5.48103286e-12   3.05656804e-23  -2.18183718e-23  -5.04824977e-51
  1.31200000e-05   0.00000000e+00   0.00000000e+00   6.45824574e-12   3.60152330e-23  -2.57083675e-23  -7.00771010e-51
  1.32000000e-05   0.00000000e+00   0.00000000e+00   6.33707575e-12   3.53395131e-23  -2.52260256e-23  -6.74706665e-51
  1.32800000e-05   0.00000000e+00   0.00000000e+00   7.52934956e-12   4.19883804e-23  -2.99721152e-23  -9.52472326e-51
  1.33600000e-05   0.00000000e+00   0.00000000e+00   5.64228892e-12   3.14649454e-23  -2.24602845e-23  -5.34949184e-51
  1.34400000e-05   0.00000000e+00   0.00000000e+00   6.42303958e-12   3.58189013e-23  -2.55682222e-23  -6.93177839e-51
  1.35200000e-05   0.00000000e+00   0.00000000e+00   6.84302219e-12   3.81609881e-23  -2.72400488e-23  -7.86827171e-51
  1.36000000e-05   0.00000000e+00   0.00000000e+00   6.45748700e-12   3.60110018e-23  -2.57053472e-23  -7.00691988e-51
  1.36800000e-05   0.00000000e+00   0.00000000e+00   6.27776992e-12   3.50087865e-23  -2.49899466e-23  -6.62194290e-51
  1.37600000e-05   0.00000000e+00   0.00000000e+00   6.73718346e-12   3.75707648e-23  -2.68187361e-23  -7.62634309e-51
  1.38400000e-05   0.00000000e+00   0.00000000e+00   6.56208978e-12   3.65943325e-23  -2.61217399e-23  -7.23566779e-51
  1.39200000e-05   0.00000000e+00   0.00000000e+00   6.61040465e-12   3.68637666e-23  -2.63140671e-23  -7.34187416e-51
  1.40000000e-05   0.00000000e+00   0.00000000e+00   5.92982489e-12   3.30684266e-23  -2.36048803e-23  -5.90838909e-51
  1.40800000e-05   0.00000000e+00   0.00000000e+00   6.02032422e-12   3.35731077e-23  -2.39651314e-23  -6.09001278e-51
  1.41600000e-05   0.00000000e+00   0.00000000e+00   5.02010511e-12   2.79952579e-23  -1.99835547e-23  -4.23469347e-51
  1.42400000e-05   0.00000000e+00   0.00000000e+00   6.33263737e-12   3.53147618e-23  -2.52083577e-23  -6.73738201e-51
  1.43200000e-05   0.00000000e+00   0.00000000e+00   7.19854590e-12   4.01436114e-23  -2.86552836e-23  -8.70581195e-51
  1.44000000e-05   0.00000000e+00   0.00000000e+00   5.74515536e-12   3.20385933e-23  -2.28697654e-23  -5.54594690e-51
  1.44800000e-05   0.00000000e+00   0.00000000e+00   5.93327515e-12   3.30876674e-23  -2.36186147e-23  -5.91483619e-51
  1.45600000e-05   0.00000000e+00   0.00000000e+00   5.82176276e-12   3.24658043e-23  -2.31747169e-23  -5.69498553e-51
  1.46400000e-05   0.00000000e+00   0.00000000e+00   6.35987214e-12   3.54666400e-23  -2.53167713e-23  -6.79540238e-51
  1.47200000e-05   0.00000000e+00   0.00000000e+00   4.87840774e-12   2.72050644e-23  -1.94194994e-23  -3.99871806e-51
  1.48000000e-05   0.00000000e+00   0.00000000e+00   4.99784537e-12   2.78711236e-23  -1.98949453e-23  -4.19665062e-51
  1.48800000e-05   0.00000000e+00   0.00000000e+00   5.29467836e-12   2.95264508e-23  -2.10765497e-23  -4.70991285e-51
  1.49600000e-05   0.00000000e+00   0.00000000e+00   5.27014530e-12   2.93896390e-23  -2.09788908e-23  -4.66690101e-51
  1.50400000e-05   0.00000000e+00   0.00000000e+00   5.43776300e-12   3.03243805e-23  -2.16461273e-23  -4.96789083e-51
  1.51200000e-05   0.00000000e+00   0.00000000e+00   5.27946311e-12   2.94416009e-23  -2.10159823e-23  -4.68287442e-51
  1.52000000e-05   0.00000000e+00   0.00000000e+00   4.71027232e-12   2.62674357e-23  -1.87502019e-23  -3.72791196e-51
  1.52800000e-05   0.00000000e+00   0.00000000e+00   4.77339646e-12   2.66194556e-23  -1.90014805e-23  -3.82859628e-51
  1.53600000e-05   0.00000000e+00   0.00000000e+00   4.97341035e-12   2.77348586e-23  -1.97976767e-23  -4.15569775e-51
  1.54400000e-05   0.00000000e+00   0.00000000e+00   4.44232014e-12   2.47731662e-23  -1.76835635e-23  -3.31575714e-51
  1.55200000e-05   0.00000000e+00   0.00000000e+00   3.10620518e-12   1.73221503e-23  -1.23648848e-23  -1.62128350e-51
  1.56000000e-05   0.00000000e+00   0.00000000e+00   4.38979135e-12   2.44802326e-23  -1.74744619e-23  -3.23779584e-51
  1.56800000e-05   0.00000000e+00   0.00000000e+00   3.85756865e-12   2.15122247e-23  -1.53558407e-23  -2.50026778e-51
  1.57600000e-05   0.00000000e+00   0.00000000e+00   3.75528288e-12   2.09418151e-23  -1.49486713e-23  -2.36947963e-51
  1.58400000e-05   0.00000000e+00   0.00000000e+00   3.84499648e-12   2.14421144e-23  -1.53057946e-23  -2.48403825e-51
  1.59200000e-05   0.00000000e+00   0.00000000e+00   3.22784267e-12   1.80004773e-23  -1.28490876e-23  -1.75035596e-51
  1.60000000e-05   0.00000000e+00   0.00000000e+00   2.92458118e-12   1.63093008e-23  -1.16418933e-23  -1.43726699e-51
  1.60800000e-05   0.00000000e+00   0.00000000e+00   3.29135923e-12   1.83546855e-23  -1.31019283e-23  -1.82022264e-51
  1.61600000e-05   0.00000000e+00   0.00000000e+00   2.68774055e-12   1.49885288e-23  -1.06991007e-23  -1.21374909e-51
  1.62400000e-05   0.00000000e+00   0.00000000e+00   3.12682820e-12   1.74371572e-23  -1.24469789e-23  -1.64253639e-51
  1.63200000e-05   0.00000000e+00   0.00000000e+00   1.97943544e-12   1.10385748e-23  -7.87954746e-24  -6.58459354e-52
  1.64000000e-05   0.00000000e+00   0.00000000e+00   2.14200955e-12   1.19451901e-23  -8.52670691e-24  -7.71026218e-52
  1.64800000e-05   0.00000000e+00   0.00000000e+00   2.50533853e-12   1.39713406e-23  -9.97301222e-24  -1.05465224e-51
  1.65600000e-05   0.00000000e+00   0.00000000e+00   2.73748784e-12   1.52659509e-23  -1.08971300e-23  -1.25894842e-51
  1.66400000e-05   0.00000000e+00   0.00000000e+00   1.82825782e-12   1.01955134e-23  -7.27775402e-24  -5.61769877e-52
  1.67200000e-05   0.00000000e+00   0.00000000e+00   1.87735370e-12   1.04693029e-23  -7.47319023e-24  -5.92202017e-52
  1.68000000e-05   0.00000000e+00   0.00000000e+00   2.11685298e-12   1.18049013e-23  -8.42656608e-24  -7.52855061e-52
  1.68800000e-05   0.00000000e+00   0.00000000e+00   1.19488396e-12   6.66342318e-24  -4.75647991e-24  -2.39909848e-52
  1.69600000e-05   0.00000000e+00   0.00000000e+00   1.98444356e-12   1.10665032e-23  -7.89948330e-24  -6.61723296e-52
  1.70400000e-05   0.00000000e+00   0.00000000e+00   2.18110922e-12   1.21632344e-23  -8.68235117e-24  -7.99196030e-52
  1.71200000e-05   0.00000000e+00   0.00000000e+00   1.27502908e-12   7.11036267e-24  -5.07551393e-24  -2.73132714e-52
  1.72000000e-05   0.00000000e+00   0.00000000e+00   1.48610202e-12   8.28743792e-24  -5.91573293e-24  -3.70974232e-52
  1.72800000e-05   0.00000000e+00   0.00000000e+00   1.22708997e-12   6.84302410e-24  -4.88468250e-24  -2.53068357e-52
  1.73600000e-05   0.00000000e+00   0.00000000e+00   1.33838925e-12   7.46369876e-24  -5.32773204e-24  -3.00924547e-52
  1.74400000e-05   0.00000000e+00   0.00000000e+00   1.17970912e-12   6.57879873e-24  -4.69607334e-24  -2.33821290e-52
  1.75200000e-05   0.00000000e+00   0.00000000e+00   6.00328421e-13   3.34780819e-24  -2.38973001e-24  -6.05676080e-53
  1.76000000e-05   0.00000000e+00   0.00000000e+00   1.31519446e-12   7.33435003e-24  -5.23540043e-24  -2.90589537e-52
  1.76800000e-05   1.53918797e-14  -2.64604454e-14   1.12304454e-12   6.35201231e-24  -4.41861496e-24  -1.91165997e-25
  1.77600000e-05  -6.29629554e-14   1.28373133e-13   1.29216838e-12   6.77313463e-24  -5.35601879e-24   8.62136469e-25
  1.78400000e-05   3.23877036e-14   2.16522296e-13   2.61199591e-13   7.26612192e-25  -9.30563857e-25   6.81297097e-25
  1.79200000e-05   4.31128899e-14  -1.13220987e-13   2.19654346e-13   1.60665290e-24  -7.29024760e-25  -6.91123827e-25
  1.80000000e-05   2.38016567e-14  -3.91472110e-14  -4.62695943e-13  -2.44829902e-24   1.92210262e-24  -2.88566458e-25
  1.80800000e-05  -2.34770513e-13   6.74084752e-13  -2.67869186e-13  -3.76647041e-24   2.74783835e-25   3.99255994e-24
  1.81600000e-05   8.11355963e-15  -4.71968576e-15  -1.33379248e-13  -7.27894098e-25   5.58298073e-25  -6.40339766e-26
  1.82400000e-05   2.52400032e-14  -4.15138341e-14   8.38454714e-14   6.07538075e-25  -2.48667860e-25  -3.06008408e-25
  1.83200000e-05   0.00000000e+00   0.00000000e+00  -2.29591570e-13  -1.28034674e-24   9.13936182e-25  -8.84968135e-54
  1.84000000e-05   0.00000000e+00   0.00000000e+00  -3.11003255e-13  -1.73434941e-24   1.23801204e-24  -1.62239062e-53
  1.84800000e-05   0.00000000e+00   0.00000000e+00  -6.76744555e-13  -3.77395252e-24   2.69392006e-24  -7.69450820e-53
  1.85600000e-05   0.00000000e+00   0.00000000e+00  -5.03443722e-13  -2.80751827e-24   2.00406066e-24  -4.25742041e-53
  1.86400000e-05   0.00000000e+00   0.00000000e+00  -5.83590948e-13  -3.25446952e-24   2.32310308e-24  -5.72083980e-53
  1.87200000e-05   0.00000000e+00   0.00000000e+00   9.40925898e-14   5.24719355e-25  -3.74554790e-25  -1.48368947e-54
  1.88000000e-05   0.00000000e+00   0.00000000e+00  -3.97233003e-13  -2.21522062e-24   1.58126718e-24  -2.65169337e-53
  1.88800000e-05   0.00000000e+00   0.00000000e+00  -6.06590356e-13  -3.38272867e-24   2.41465693e-24  -6.18268603e-53
  1.89600000e-05   0.00000000e+00   0.00000000e+00  -1.14580122e-12  -6.38970697e-24   4.56109600e-24  -2.20496990e-52
  1.90400000e-05   0.00000000e+00   0.00000000e+00  -4.61776345e-13  -2.57515482e-24   1.83819515e-24  -3.58303517e-53
  1.91200000e-05   0.00000000e+00   0.00000000e+00  -4.77338135e-13  -2.66193713e-24   1.90014204e-24  -3.82874307e-53
  1.92000000e-05   0.00000000e+00   0.00000000e+00  -6.87033601e-13  -3.83133070e-24   2.73487771e-24  -7.92579270e-53
  1.92800000e-05   0.00000000e+00   0.00000000e+00  -6.92736020e-13  -3.86313097e-24   2.75757735e-24  -8.06327282e-53
  1.93600000e-05   0.00000000e+00   0.00000000e+00  -4.23623108e-13  -2.36238842e-24   1.68631839e-24  -3.01513478e-53
  1.94400000e-05   0.00000000e+00   0.00000000e+00  -1.25789810e-12  -7.01482956e-24   5.00732055e-24  -2.65830149e-52
  1.95200000e-05   0.00000000e+00   0.00000000e+00  -6.47937309e-13  -3.61330523e-24   2.57924692e-24  -7.05397732e-53
  1.96000000e-05   0.00000000e+00   0.00000000e+00  -1.10381242e-12  -6.15555107e-24   4.39395100e-24  -2.04652075e-52
  1.96800000e-05   0.00000000e+00   0.00000000e+00  -8.20927003e-13  -4.57800438e-24   3.26786777e-24  -1.13225137e-52
  1.97600000e-05   0.00000000e+00   0.00000000e+00  -9.15557975e-13  -5.10572609e-24   3.64456570e-24  -1.40870403e-52
  1.98400000e-05   0.00000000e+00   0.00000000e+00  -1.44136136e-12  -8.03793588e-24   5.73763357e-24  -3.49061320e-52
  1.99200000e-05   0.00000000e+00   0.00000000e+00  -1.05684388e-12  -5.89362499e-24   4.20698312e-24  -1.87637803e-52
  2.00000000e-05   0.00000000e+00   0.00000000e+00  -1.11898817e-12  -6.24018059e-24   4.45436119e-24  -2.10407955e-52
  2.00800000e-05   0.00000000e+00   0.00000000e+00  -1.94590596e-12  -1.08515933e-23   7.74607649e-24  -6.36131386e-52
  2.01600000e-05   0.00000000e+00   0.00000000e+00  -1.63181729e-12  -9.10003771e-24   6.49578233e-24  -4.47357327e-52
  2.02400000e-05   0.00000000e+00   0.00000000e+00  -1.43336818e-12  -7.99336088e-24   5.70581508e-24  -3.45183154e-52
  2.03200000e-05   0.00000000e+00   0.00000000e+00  -1.68177053e-12  -9.37860837e-24   6.69463143e-24  -4.75220723e-52
  2.04000000e-05   0.00000000e+00   0.00000000e+00  -1.25597041e-12  -7.00407958e-24   4.99964701e-24  -2.65110271e-52
  2.04800000e-05   0.00000000e+00   0.00000000e+00  -1.00709132e-12  -5.61617351e-24   4.00893291e-24  -1.70396412e-52
  2.05600000e-05   0.00000000e+00   0.00000000e+00  -1.03525403e-12  -5.77322644e-24   4.12104031e-24  -1.80128288e-52
  2.06400000e-05   0.00000000e+00   0.00000000e+00  -1.59425292e-12  -8.89055521e-24   6.34624968e-24  -4.27055439e-52
  2.07200000e-05   0.00000000e+00   0.00000000e+00  -1.43707184e-12  -8.01401480e-24   5.72055824e-24  -3.47039115e-52
  2.08000000e-05   0.00000000e+00   0.00000000e+00  -9.65051552e-13  -5.38173335e-24   3.84158500e-24  -1.56514507e-52
  2.08800000e-05   0.00000000e+00   0.00000000e+00  -1.12498076e-12  -6.27359903e-24   4.47821591e-24  -2.12658639e-52
  2.09600000e-05   0.00000000e+00   0.00000000e+00  -9.57611535e-13  -5.34024314e-24   3.81196849e-24  -1.54108439e-52
  2.10400000e-05   0.00000000e+00   0.00000000e+00  -1.52959479e-12  -8.52998087e-24   6.08886477e-24  -3.93107887e-52
  2.11200000e-05   0.00000000e+00   0.00000000e+00  -1.52382090e-12  -8.49778203e-24   6.06588061e-24  -3.90128108e-52
  2.12000000e-05   0.00000000e+00   0.00000000e+00  -5.72453256e-13  -3.19235876e-24   2.27876722e-24  -5.51017768e-53
  2.12800000e-05   0.00000000e+00   0.00000000e+00  -1.31004892e-12  -7.30565526e-24   5.21491755e-24  -2.88386495e-52
  2.13600000e-05   0.00000000e+00   0.00000000e+00  -9.21909341e-13  -5.14114530e-24   3.66984861e-24  -1.42807006e-52
  2.14400000e-05   0.00000000e+00   0.00000000e+00  -2.04673974e-12  -1.14139058e-23   8.14746598e-24  -7.03772288e-52
  2.15200000e-05   0.00000000e+00   0.00000000e+00  -1.64343197e-12  -9.16480849e-24   6.54201696e-24  -4.53713770e-52
  2.16000000e-05   0.00000000e+00   0.00000000e+00  -1.34580997e-12  -7.50508134e-24   5.35727173e-24  -3.04336889e-52
  2.16800000e-05   0.00000000e+00   0.00000000e+00  -1.35437456e-12  -7.55284287e-24   5.39136482e-24  -3.08214487e-52
  2.17600000e-05   0.00000000e+00   0.00000000e+00  -1.22531061e-12  -6.83310125e-24   4.87759938e-24  -2.52236827e-52
  2.18400000e-05   0.00000000e+00   0.00000000e+00  -1.92929950e-12  -1.07589853e-23   7.67997108e-24  -6.25359423e-52
  2.19200000e-05   0.00000000e+00   0.00000000e+00  -1.42058592e-12  -7.92207900e-24   5.65493269e-24  -3.39111382e-52
  2.20000000e-05   0.00000000e+00   0.00000000e+00  -1.53293407e-12  -8.54860283e-24   6.10215748e-24  -3.94830070e-52
  2.20800000e-05   0.00000000e+00   0.00000000e+00  -1.26615041e-12  -7.06084960e-24   5.04017055e-24  -2.69358441e-52
  2.21600000e-05   0.00000000e+00   0.00000000e+00  -1.89897659e-12  -1.05898857e-23   7.55926453e-24  -6.05785121e-52
  2.22400000e-05   0.00000000e+00   0.00000000e+00  -1.40108014e-12  -7.81330248e-24   5.57728592e-24  -3.29828891e-52
  2.23200000e-05   0.00000000e+00   0.00000000e+00  -1.32995155e-12  -7.41664483e-24   5.29414404e-24  -2.97213499e-52
  2.24000000e-05   0.00000000e+00   0.00000000e+00  -1.26315927e-12  -7.04416913e-24   5.02826371e-24  -2.68084701e-52
  2.24800000e-05   0.00000000e+00   0.00000000e+00  -1.31664314e-12  -7.34242879e-24   5.24116720e-24  -2.91255153e-52
  2.25600000e-05   0.00000000e+00   0.00000000e+00  -1.19272453e-12  -6.65138080e-24   4.74788382e-24  -2.39020894e-52
  2.26400000e-05   0.00000000e+00   0.00000000e+00  -1.04926331e-12  -5.85135096e-24   4.17680710e-24  -1.84960504e-52
  2.27200000e-05   0.00000000e+00   0.00000000e+00  -1.31137454e-12  -7.31304775e-24   5.22019445e-24  -2.88928863e-52
  2.28000000e-05   0.00000000e+00   0.00000000e+00  -1.28698530e-12  -7.17703804e-24   5.12310809e-24  -2.78285556e-52
  2.28800000e-05   0.00000000e+00   0.00000000e+00  -1.31922915e-12  -7.35684999e-24   5.25146133e-24  -2.92383922e-52
  2.29600000e-05   0.00000000e+00   0.00000000e+00  -1.41823708e-12  -7.90898040e-24   5.64558266e-24  -3.37902871e-52
  2.30400000e-05   0.00000000e+00   0.00000000e+00  -1.27145819e-12  -7.09044913e-24   5.06129926e-24  -2.71623547e-52
  2.31200000e-05   0.00000000e+00   0.00000000e+00  -1.19338372e-12  -6.65505688e-24   4.75050788e-24  -2.39272500e-52
  2.32000000e-05   0.00000000e+00   0.00000000e+00  -1.41965767e-12  -7.91690248e-24   5.65123759e-24  -3.38585492e-52
  2.32800000e-05   0.00000000e+00   0.00000000e+00  -1.11745990e-12  -6.23165798e-24   4.44827759e-24  -2.09814511e-52
  2.33600000e-05   0.00000000e+00   0.00000000e+00  -4.04668617e-07  -2.25668702e-18   1.61086512e-18  -2.75040697e-41
  2.34400000e-05   0.00000000e+00   0.00000000e+00  -4.23419941e-07  -2.36125811e-18   1.68550588e-18  -3.01156401e-41
  2.35200000e-05   0.00000000e+00   0.00000000e+00  -6.91485774e-06  -3.85620530e-17   2.75253537e-17  -8.03202549e-39
  2.36000000e-05   0.00000000e+00   0.00000000e+00  -5.53131600e-07  -3.08466965e-18   2.20176856e-18  -5.14989386e-41
