       time             b_x              b_y              b_z              F_x              F_y              F_z
  0.00000000e+00   0.00000000e+00   0.00000000e+00  -9.40130571e-07   2.48689800e-19   5.34902488e-19   0.00000000e+00
  8.00000000e-08   0.00000000e+00   0.00000000e+00  -2.47539917e-06   6.54804999e-19   1.40842052e-18  -9.12987622e-42
  1.60000000e-07   0.00000000e+00   0.00000000e+00  -3.41964813e-06   9.04562009e-19   1.94567656e-18  -1.74240330e-41
  2.40000000e-07   0.00000000e+00   0.00000000e+00  -1.61265656e-07   4.26574137e-20   9.17554863e-20  -3.88334967e-44
  3.20000000e-07   0.00000000e+00   0.00000000e+00  -2.04383855e-06   5.40627078e-19   1.16288574e-18  -6.22384592e-42
  4.00000000e-07   0.00000000e+00   0.00000000e+00  -2.98808969e-06   7.90380930e-19   1.70014476e-18  -1.33035875e-41
  4.80000000e-07   0.00000000e+00   0.00000000e+00   6.17614264e-07  -1.63364957e-19  -3.51406555e-19  -5.68085234e-43
  5.60000000e-07   0.00000000e+00   0.00000000e+00  -1.61228342e-06   4.26464655e-19   9.17347569e-19  -3.87288865e-42
  6.40000000e-07   0.00000000e+00   0.00000000e+00  -2.55653587e-06   6.76217800e-19   1.45460782e-18  -9.73821819e-42
  7.20000000e-07   0.00000000e+00   0.00000000e+00   1.39650290e-06  -3.69384357e-19  -7.94576011e-19  -2.90532500e-42
  8.00000000e-07   0.00000000e+00   0.00000000e+00  -1.58183393e-07   4.18405503e-20   9.00024906e-20  -3.73031514e-44
  8.80000000e-07   0.00000000e+00   0.00000000e+00  -6.26454317e-08   1.65701281e-20   3.56437226e-20  -5.84180106e-45
  9.60000000e-07   0.00000000e+00   0.00000000e+00  -3.20995495e-07   8.49052915e-20   1.82638665e-19  -1.53506338e-43
  1.04000000e-06   0.00000000e+00   0.00000000e+00  -6.45719660e-08   1.70796513e-20   3.67399004e-20  -6.22032549e-45
  1.12000000e-06   0.00000000e+00   0.00000000e+00   2.37560144e-07  -6.28359350e-20  -1.35166059e-19  -8.40668918e-44
  1.20000000e-06   0.00000000e+00   0.00000000e+00   5.39466362e-07  -1.42692178e-19  -3.06943303e-19  -4.33594535e-43
  1.28000000e-06   0.00000000e+00   0.00000000e+00  -5.38650568e-07   1.42476303e-19   3.06479178e-19  -4.32292971e-43
  1.36000000e-06   0.00000000e+00   0.00000000e+00   3.30844440e-07  -8.75100228e-20  -1.88242651e-19  -1.63066377e-43
  1.44000000e-06   0.00000000e+00   0.00000000e+00   6.32750685e-07  -1.67366366e-19  -3.60019867e-19  -5.96525848e-43
  1.52000000e-06   0.00000000e+00   0.00000000e+00   6.89549666e-13  -1.82390285e-25  -3.92337001e-25  -7.08409777e-55
  1.60000000e-06   0.00000000e+00   0.00000000e+00   1.98883446e-13  -5.26059399e-26  -1.13159847e-25  -5.89679463e-56
  1.68000000e-06   0.00000000e+00   0.00000000e+00  -1.72842378e-13   4.57179115e-26   9.83431126e-26  -4.44920846e-56
  1.76000000e-06   0.00000000e+00   0.00000000e+00   8.62370753e-13  -2.28102565e-25  -4.90668000e-25  -1.10803628e-54
  1.84000000e-06   0.00000000e+00   0.00000000e+00   9.94162279e-14  -2.62962264e-26  -5.65654174e-26  -1.47413160e-56
  1.92000000e-06   0.00000000e+00   0.00000000e+00  -2.72309596e-13   7.20276251e-26   1.54937542e-25  -1.10457063e-55
  2.00000000e-06   0.00000000e+00   0.00000000e+00   1.03519184e-12  -2.73814844e-25  -5.88998998e-25  -1.59667289e-54
  2.08000000e-06   0.00000000e+00   0.00000000e+00  -5.09901504e-17   1.34872200e-29   2.90121563e-29  -3.05029685e-65
  2.16000000e-06   0.00000000e+00   0.00000000e+00  -3.71776814e-13   9.83373387e-26   2.11531972e-25  -2.05907356e-55
  2.24000000e-06   0.00000000e+00   0.00000000e+00   1.98375592e-13  -5.24716093e-26  -1.12870890e-25  -5.86659938e-56
  2.32000000e-06   0.00000000e+00   0.00000000e+00   3.21681803e-13  -8.50868887e-26  -1.83029128e-25  -1.54153264e-55
  2.40000000e-06   0.00000000e+00   0.00000000e+00   5.04399876e-13  -1.33416984e-25  -2.86991271e-25  -3.79177120e-55
  2.48000000e-06   0.00000000e+00   0.00000000e+00   1.49650337e-13  -3.95834685e-26  -8.51474044e-26  -3.33909333e-56
  2.56000000e-06   0.00000000e+00   0.00000000e+00   3.37927195e-13  -8.93838983e-26  -1.92272361e-25  -1.70118523e-55
  2.64000000e-06   0.00000000e+00   0.00000000e+00   4.55674621e-13  -1.20528844e-25  -2.59267785e-25  -3.09463924e-55
  2.72000000e-06   0.00000000e+00   0.00000000e+00   1.26606905e-12  -3.34883338e-25  -7.20362516e-25  -2.38836755e-54
  2.80000000e-06   0.00000000e+00   0.00000000e+00  -2.66996895e-13   7.06223817e-26   1.51914744e-25  -1.06192054e-55
  2.88000000e-06   0.00000000e+00   0.00000000e+00   9.93032737e-13  -2.62663493e-25  -5.65011493e-25  -1.46928287e-54
  2.96000000e-06   0.00000000e+00   0.00000000e+00   2.76223928e-13  -7.30629908e-26  -1.57164702e-25  -1.13708655e-55
  3.04000000e-06   0.00000000e+00   0.00000000e+00   2.25323241e-13  -5.95994344e-26  -1.28203448e-25  -7.56447151e-56
  3.12000000e-06   0.00000000e+00   0.00000000e+00   3.41538396e-13  -9.03390842e-26  -1.94327047e-25  -1.73835896e-55
  3.20000000e-06   0.00000000e+00   0.00000000e+00   2.01343564e-13  -5.32566568e-26  -1.14559594e-25  -6.04180804e-56
  3.28000000e-06   0.00000000e+00   0.00000000e+00   1.85992704e-13  -4.91962566e-26  -1.05825328e-25  -5.15404284e-56
  3.36000000e-06   0.00000000e+00   0.00000000e+00   2.66658032e-13  -7.05327502e-26  -1.51721939e-25  -1.05969831e-55
  3.44000000e-06   0.00000000e+00   0.00000000e+00   1.26463200e-13  -3.34503229e-26  -7.19544870e-26  -2.38377088e-56
  3.52000000e-06   0.00000000e+00   0.00000000e+00   1.46662168e-13  -3.87930787e-26  -8.34472088e-26  -3.20461910e-56
  3.60000000e-06   0.00000000e+00   0.00000000e+00   1.91777668e-13  -5.07264163e-26  -1.09116832e-25  -5.48139698e-56
  3.68000000e-06   0.00000000e+00   0.00000000e+00   3.10217091e-13  -8.20543992e-26  -1.76505985e-25  -1.43410031e-55
  3.76000000e-06   0.00000000e+00   0.00000000e+00   4.51114631e-13  -1.19322697e-25  -2.56673261e-25  -3.03223376e-55
  3.84000000e-06   0.00000000e+00   0.00000000e+00   4.73534283e-13  -1.25252838e-25  -2.69429498e-25  -3.34148729e-55
  3.92000000e-06   0.00000000e+00   0.00000000e+00   3.27545502e-13  -8.66378743e-26  -1.86365430e-25  -1.59853429e-55
  4.00000000e-06   0.00000000e+00   0.00000000e+00   4.39607745e-13  -1.16279052e-25  -2.50126122e-25  -2.87951149e-55
  4.08000000e-06   0.00000000e+00   0.00000000e+00   5.44663262e-13  -1.44066907e-25  -3.09900159e-25  -4.42069311e-55
  4.16000000e-06   0.00000000e+00   0.00000000e+00   3.16038615e-13  -8.35942293e-26  -1.79818291e-25  -1.48818740e-55
  4.24000000e-06   0.00000000e+00   0.00000000e+00   4.28100858e-13  -1.13235407e-25  -2.43578983e-25  -2.73073526e-55
  4.32000000e-06   0.00000000e+00   0.00000000e+00   5.02935441e-13  -1.33029632e-25  -2.86158042e-25  -3.76891469e-55
  4.40000000e-06   0.00000000e+00   0.00000000e+00   3.68093212e-13  -9.73630023e-26  -2.09436091e-25  -2.01889893e-55
  4.48000000e-06   0.00000000e+00   0.00000000e+00   4.25264491e-13  -1.12485170e-25  -2.41965160e-25  -2.69475614e-55
  4.56000000e-06   0.00000000e+00   0.00000000e+00   7.15541243e-13  -1.89265223e-25  -4.07125577e-25  -7.62947504e-55
  4.64000000e-06   0.00000000e+00   0.00000000e+00   3.35092555e-13  -8.86341182e-26  -1.90659520e-25  -1.67311911e-55
  4.72000000e-06   0.00000000e+00   0.00000000e+00   3.92263835e-13  -1.03756286e-25  -2.23188589e-25  -2.29274914e-55
  4.80000000e-06   0.00000000e+00   0.00000000e+00   7.32425391e-13  -1.93731187e-25  -4.16732246e-25  -7.99377423e-55
  4.88000000e-06   0.00000000e+00   0.00000000e+00   3.02091899e-13  -7.99052341e-26  -1.71882948e-25  -1.35979498e-55
  4.96000000e-06   0.00000000e+00   0.00000000e+00   3.59263179e-13  -9.50274022e-26  -2.04412017e-25  -1.92319784e-55
  5.04000000e-06   0.00000000e+00   0.00000000e+00   7.49309538e-13  -1.98197152e-25  -4.26338916e-25  -8.36656921e-55
  5.12000000e-06   0.00000000e+00   0.00000000e+00   2.69091243e-13  -7.11763500e-26  -1.53106377e-25  -1.07892656e-55
  5.20000000e-06   0.00000000e+00   0.00000000e+00   6.55959725e-13  -1.73505531e-25  -3.73225141e-25  -6.41094753e-55
  5.28000000e-06   0.00000000e+00   0.00000000e+00   7.75913901e-14  -2.05234176e-26  -4.41476152e-26  -8.98159945e-57
  5.36000000e-06   0.00000000e+00   0.00000000e+00   3.54012316e-13  -9.36385156e-26  -2.01424404e-25  -1.86708339e-55
  5.44000000e-06   0.00000000e+00   0.00000000e+00   2.28648081e-13  -6.04788757e-26  -1.30095201e-25  -7.79335240e-56
  5.52000000e-06   0.00000000e+00   0.00000000e+00  -1.36494324e-13   3.61036193e-26   7.76619531e-26  -2.77430695e-56
  5.60000000e-06   0.00000000e+00   0.00000000e+00   3.41761954e-13  -9.03982166e-26  -1.94454245e-25  -1.74008800e-55
  5.68000000e-06   0.00000000e+00   0.00000000e+00   1.45623663e-14  -3.85183878e-27  -8.28563252e-27  -3.17978596e-58
  5.76000000e-06   0.00000000e+00   0.00000000e+00  -3.50580039e-13   9.27306563e-26   1.99471521e-25  -1.83095260e-55
  5.84000000e-06   0.00000000e+00   0.00000000e+00  -1.47763321e-14   3.90843409e-27   8.40737384e-27  -3.25962188e-58
  5.92000000e-06   0.00000000e+00   0.00000000e+00  -1.18693430e-13   3.13951692e-26   6.75336768e-26  -2.09853420e-56
  6.00000000e-06   0.00000000e+00   0.00000000e+00  -2.86082621e-13   7.56706779e-26   1.62774058e-25  -1.21936927e-55
  6.08000000e-06   0.00000000e+00   0.00000000e+00   2.22143853e-13  -5.87584660e-26  -1.26394453e-25  -7.35212660e-56
  6.16000000e-06   0.00000000e+00   0.00000000e+00  -1.71644574e-13   4.54010847e-26   9.76615911e-26  -4.38904562e-56
  6.24000000e-06   0.00000000e+00   0.00000000e+00  -3.39033765e-13   8.96765933e-26   1.92901973e-25  -1.71256917e-55
  6.32000000e-06   0.00000000e+00   0.00000000e+00   2.11456923e-13  -5.59317047e-26  -1.20313850e-25  -6.66169248e-56
  6.40000000e-06   0.00000000e+00   0.00000000e+00  -2.24595719e-13   5.94070001e-26   1.27789505e-25  -7.51515337e-56
  6.48000000e-06   0.00000000e+00   0.00000000e+00  -3.91984910e-13   1.03682509e-25   2.23029887e-25  -2.28932871e-55
  6.56000000e-06   0.00000000e+00   0.00000000e+00   2.00769992e-13  -5.31049435e-26  -1.14233246e-25  -6.00529540e-56
  6.64000000e-06   0.00000000e+00   0.00000000e+00   6.21813891e-13  -1.64473740e-25  -3.53796991e-25  -5.76145667e-55
  6.72000000e-06   0.00000000e+00   0.00000000e+00   4.21028958e-13  -1.11364845e-25  -2.39555245e-25  -2.64148183e-55
  6.80000000e-06   0.00000000e+00   0.00000000e+00   3.90516864e-13  -1.03294201e-25  -2.22194605e-25  -2.27250001e-55
  6.88000000e-06   0.00000000e+00   0.00000000e+00   6.33733461e-13  -1.67626542e-25  -3.60578937e-25  -5.98445793e-55
  6.96000000e-06   0.00000000e+00   0.00000000e+00   3.92546681e-13  -1.03831101e-25  -2.23349521e-25  -2.29618504e-55
  7.04000000e-06   0.00000000e+00   0.00000000e+00   3.62034587e-13  -9.57604574e-26  -2.05988881e-25  -1.95310279e-55
  7.12000000e-06   0.00000000e+00   0.00000000e+00   6.45653030e-13  -1.70779345e-25  -3.67360882e-25  -6.21169335e-55
  7.20000000e-06   0.00000000e+00   0.00000000e+00   3.64064404e-13  -9.62973570e-26  -2.07143798e-25  -1.97506485e-55
  7.28000000e-06   0.00000000e+00   0.00000000e+00   3.33552310e-13  -8.82267135e-26  -1.89783158e-25  -1.65788217e-55
  7.36000000e-06   0.00000000e+00   0.00000000e+00   4.77485987e-13  -1.26298089e-25  -2.71677922e-25  -3.39761954e-55
  7.44000000e-06   0.00000000e+00   0.00000000e+00   3.05845880e-13  -8.08981861e-26  -1.74018873e-25  -1.39386946e-55
  7.52000000e-06   0.00000000e+00   0.00000000e+00   3.02999272e-13  -8.01452401e-26  -1.72399222e-25  -1.36804384e-55
  7.60000000e-06   0.00000000e+00   0.00000000e+00   5.14525608e-13  -1.36095305e-25  -2.92752566e-25  -3.94493219e-55
  7.68000000e-06   0.00000000e+00   0.00000000e+00   2.33631661e-13  -6.17970646e-26  -1.32930737e-25  -8.13355749e-56
  7.76000000e-06   0.00000000e+00   0.00000000e+00   2.30785053e-13  -6.10441186e-26  -1.31311086e-25  -7.93656394e-56
  7.84000000e-06   0.00000000e+00   0.00000000e+00   4.39877251e-13  -1.16350338e-25  -2.50279465e-25  -2.88330250e-55
  7.92000000e-06   0.00000000e+00   0.00000000e+00   1.61417442e-13  -4.26959430e-26  -9.18426016e-26  -3.88256434e-56
  8.00000000e-06   0.00000000e+00   0.00000000e+00   1.58570834e-13  -4.19429970e-26  -9.02229507e-26  -3.74683350e-56
  8.08000000e-06   0.00000000e+00   0.00000000e+00   4.05941521e-13  -1.07374121e-25  -2.30970859e-25  -2.45571943e-55
  8.16000000e-06   0.00000000e+00   0.00000000e+00   1.81049987e-13  -4.78888763e-26  -1.03013042e-25  -4.88374442e-56
  8.24000000e-06   0.00000000e+00   0.00000000e+00   4.27051830e-13  -1.12957933e-25  -2.42982112e-25  -2.71776058e-55
  8.32000000e-06   0.00000000e+00   0.00000000e+00   2.92543862e-13  -7.73797173e-26  -1.66450347e-25  -1.27540385e-55
  8.40000000e-06   0.00000000e+00   0.00000000e+00   1.90528047e-13  -5.03958837e-26  -1.08405828e-25  -5.40849887e-56
  8.48000000e-06   0.00000000e+00   0.00000000e+00   3.13654171e-13  -8.29635289e-26  -1.78461600e-25  -1.46610312e-55
  8.56000000e-06   0.00000000e+00   0.00000000e+00   1.79146203e-13  -4.73853133e-26  -1.01929835e-25  -4.78313408e-56
  8.64000000e-06   0.00000000e+00   0.00000000e+00   2.00006107e-13  -5.29028910e-26  -1.13798614e-25  -5.96002556e-56
  8.72000000e-06   0.00000000e+00   0.00000000e+00   2.00256513e-13  -5.29691248e-26  -1.13941089e-25  -5.97670808e-56
  8.80000000e-06   0.00000000e+00   0.00000000e+00   1.87973860e-13  -4.97202848e-26  -1.06952558e-25  -5.26498359e-56
  8.88000000e-06   0.00000000e+00   0.00000000e+00   2.38845890e-13  -6.31762614e-26  -1.35897507e-25  -8.50075627e-56
  8.96000000e-06   0.00000000e+00   0.00000000e+00   2.46949822e-13  -6.53198029e-26  -1.40508447e-25  -9.08704784e-56
  9.04000000e-06   0.00000000e+00   0.00000000e+00   4.82226863e-15  -1.27552081e-27  -2.74375365e-27  -3.46574192e-59
  9.12000000e-06   0.00000000e+00   0.00000000e+00  -3.42236936e-14   9.05238523e-27   1.94724499e-26  -1.74474538e-57
  9.20000000e-06   0.00000000e+00   0.00000000e+00  -8.03366132e-14   2.12495466e-26   4.57095804e-26  -9.61696873e-57
  9.28000000e-06   0.00000000e+00   0.00000000e+00  -8.37832163e-14   2.21611951e-26   4.76706138e-26  -1.04598490e-56
  9.36000000e-06   0.00000000e+00   0.00000000e+00  -8.59953887e-14   2.27463288e-26   4.89292861e-26  -1.10182196e-56
  9.44000000e-06   0.00000000e+00   0.00000000e+00  -1.68942098e-13   4.46862625e-26   9.61239479e-26  -4.25294118e-56
  9.52000000e-06   0.00000000e+00   0.00000000e+00   5.91740332e-13  -1.56519092e-25  -3.36685867e-25  -5.21745644e-55
  9.60000000e-06   0.00000000e+00   0.00000000e+00   2.67652303e-13  -7.07957413e-26  -1.52287655e-25  -1.06763644e-55
  9.68000000e-06   0.00000000e+00   0.00000000e+00   5.15326952e-13  -1.36307266e-25  -2.93208511e-25  -3.95693883e-55
  9.76000000e-06   0.00000000e+00   0.00000000e+00   2.31399877e-13  -6.12067433e-26  -1.31660906e-25  -7.98027655e-56
  9.84000000e-06   0.00000000e+00   0.00000000e+00   6.96899217e-14  -1.84334288e-26  -3.96518717e-26  -7.24115222e-57
  9.92000000e-06   0.00000000e+00   0.00000000e+00   5.44290624e-13  -1.43968342e-25  -3.09688136e-25  -4.41424577e-55
  1.00000000e-05   0.00000000e+00   0.00000000e+00   3.34374954e-14  -8.84443080e-27  -1.90251222e-26  -1.66804678e-57
  1.00800000e-05   0.00000000e+00   0.00000000e+00  -1.28272460e-13   3.39288837e-26   7.29839119e-26  -2.45101394e-56
  1.01600000e-05   0.00000000e+00   0.00000000e+00   5.73254295e-13  -1.51629417e-25  -3.26167762e-25  -4.89655346e-55
  1.02400000e-05   1.37348027e-14   1.11176103e-14  -1.64524886e-13   3.87804839e-27   1.42582093e-25   9.95859297e-27
  1.03200000e-05   0.00000000e+00   0.00000000e+00   5.48579329e-13  -1.45102731e-25  -3.12128305e-25  -4.48334225e-55
  1.04000000e-05  -2.86249673e-14   3.95632181e-14   3.30928018e-13  -2.28595204e-25  -2.90352304e-25   1.49390231e-26
  1.04800000e-05  -9.11713632e-14   2.23227523e-14   5.21856847e-13  -2.17626226e-25  -6.21995308e-25  -1.14143036e-26
  1.05600000e-05  -6.05590757e-13  -2.18763789e-13   1.37221711e-13   7.43706152e-25  -2.23730933e-24  -2.84653897e-25
  1.06400000e-05  -1.54442062e-13  -7.30207527e-14   1.20572195e-12  -5.85656943e-26  -1.23668958e-24  -8.23979441e-26
  1.07200000e-05   5.60142119e-13   2.23730524e-13   3.88552753e-14  -8.07988527e-25   1.97507871e-24   2.75458394e-25
  1.08000000e-05   7.62825318e-13   3.32787364e-13   1.09568702e-13  -1.21553478e-24   2.65751132e-24   3.91120084e-25
  1.08800000e-05   1.15387899e-13   5.45558061e-14   1.38359878e-13  -2.31115767e-25   3.32692081e-25   6.15617630e-26
  1.09600000e-05   0.00000000e+00   0.00000000e+00  -3.07175820e-13   8.12499637e-26   1.74775576e-25  -1.40609173e-55
  1.10400000e-05   0.00000000e+00   0.00000000e+00   7.02751151e-13  -1.85882162e-25  -3.99848325e-25  -7.35861803e-55
  1.11200000e-05   0.00000000e+00   0.00000000e+00   5.51043835e-13  -1.45754609e-25  -3.13530550e-25  -4.52470265e-55
  1.12000000e-05   0.00000000e+00   0.00000000e+00   7.32119843e-13  -1.93650368e-25  -4.16558397e-25  -7.98653492e-55
  1.12800000e-05   0.00000000e+00   0.00000000e+00   7.95931507e-13  -2.10528960e-25  -4.52865683e-25  -9.43992510e-55
  1.13600000e-05   0.00000000e+00   0.00000000e+00   7.86166787e-13  -2.07946129e-25  -4.47309795e-25  -9.20972276e-55
  1.14400000e-05   0.00000000e+00   0.00000000e+00   9.08381436e-13  -2.40272684e-25  -5.16846960e-25  -1.22951765e-54
  1.15200000e-05   0.00000000e+00   0.00000000e+00   1.03105446e-12  -2.72720480e-25  -5.86644928e-25  -1.58409076e-54
  1.16000000e-05   0.00000000e+00   0.00000000e+00   1.02128974e-12  -2.70137650e-25  -5.81089039e-25  -1.55422825e-54
  1.16800000e-05   0.00000000e+00   0.00000000e+00   1.08464303e-12  -2.86894999e-25  -6.17135522e-25  -1.75297119e-54
  1.17600000e-05   0.00000000e+00   0.00000000e+00   8.67279346e-13  -2.29400919e-25  -4.93460870e-25  -1.12088441e-54
  1.18400000e-05   0.00000000e+00   0.00000000e+00   6.51627812e-13  -1.72359713e-25  -3.70760388e-25  -6.32777428e-55
  1.19200000e-05   0.00000000e+00   0.00000000e+00   7.97942297e-13  -2.11060827e-25  -4.54009774e-25  -9.48737833e-55
  1.20000000e-05   0.00000000e+00   0.00000000e+00   7.18678218e-13  -1.90094973e-25  -4.08910439e-25  -7.69692699e-55
  1.20800000e-05   0.00000000e+00   0.00000000e+00   5.03026684e-13  -1.33053766e-25  -2.86209958e-25  -3.77089480e-55
  1.21600000e-05   0.00000000e+00   0.00000000e+00   9.23235150e-13  -2.44201586e-25  -5.25298362e-25  -1.27014816e-54
  1.22400000e-05   0.00000000e+00   0.00000000e+00   1.20645025e-12  -3.19113787e-25  -6.86440872e-25  -2.16883318e-54
  1.23200000e-05   0.00000000e+00   0.00000000e+00   1.30103162e-12  -3.44131161e-25  -7.40255369e-25  -2.52222387e-54
  1.24000000e-05   0.00000000e+00   0.00000000e+00   9.30376542e-13  -2.46090530e-25  -5.29361640e-25  -1.28987350e-54
  1.24800000e-05   0.00000000e+00   0.00000000e+00   4.58746928e-13  -1.21341488e-25  -2.61015852e-25  -3.13552201e-55
  1.25600000e-05   0.00000000e+00   0.00000000e+00   6.79752269e-13  -1.79798811e-25  -3.86762521e-25  -6.88464982e-55
  1.26400000e-05   0.00000000e+00   0.00000000e+00  -7.29797978e-14   1.93036220e-26   4.15237312e-26  -7.92927645e-57
  1.27200000e-05   0.00000000e+00   0.00000000e+00   5.20819478e-13  -1.37760074e-25  -2.96333625e-25  -4.04151491e-55
  1.28000000e-05   0.00000000e+00   0.00000000e+00   7.04763934e-15  -1.86414556e-27  -4.00993550e-27  -7.46975671e-59
  1.28800000e-05   0.00000000e+00   0.00000000e+00  -2.53410380e-13   6.70286617e-26   1.44184347e-25  -9.56649882e-56
  1.29600000e-05   0.00000000e+00   0.00000000e+00   5.82892028e-13  -1.54178659e-25  -3.31651397e-25  -5.06233507e-55
  1.30400000e-05   0.00000000e+00   0.00000000e+00  -1.73382943e-13   4.58608942e-26   9.86506804e-26  -4.47780778e-56
  1.31200000e-05   0.00000000e+00   0.00000000e+00  -4.33840962e-13   1.14753701e-25   2.46844963e-25  -2.80421783e-55
  1.32000000e-05   0.00000000e+00   0.00000000e+00   2.72907796e-13  -7.21858527e-26  -1.55277903e-25  -1.11015676e-55
  1.32800000e-05   0.00000000e+00   0.00000000e+00   3.94131919e-13  -1.04250406e-25  -2.24251483e-25  -2.31408694e-55
  1.33600000e-05   0.00000000e+00   0.00000000e+00   8.27415273e-13  -2.18856617e-25  -4.70779181e-25  -1.02001376e-54
  1.34400000e-05   0.00000000e+00   0.00000000e+00   3.91087649e-13  -1.03445178e-25  -2.22519367e-25  -2.27960368e-55
  1.35200000e-05   0.00000000e+00   0.00000000e+00   5.45669462e-13  -1.44333053e-25  -3.10472662e-25  -4.43597313e-55
  1.36000000e-05   0.00000000e+00   0.00000000e+00   9.78952816e-13  -2.58939264e-25  -5.57000360e-25  -1.42787861e-54
  1.36800000e-05   0.00000000e+00   0.00000000e+00   5.09267503e-13  -1.34704503e-25  -2.89760832e-25  -3.86527996e-55
  1.37600000e-05   0.00000000e+00   0.00000000e+00  -3.17820066e-14   8.40654347e-27   1.80831893e-26  -1.50217770e-57
  1.38400000e-05   0.00000000e+00   0.00000000e+00  -2.82563387e-13   7.47398181e-26   1.60771700e-25  -1.18946381e-55
  1.39200000e-05   0.00000000e+00   0.00000000e+00   8.35549126e-13  -2.21008073e-25  -4.75407145e-25  -1.04030735e-54
  1.40000000e-05   0.00000000e+00   0.00000000e+00   7.77297999e-13  -2.05600278e-25  -4.42263670e-25  -9.00269713e-55
  1.40800000e-05   0.00000000e+00   0.00000000e+00   1.10562254e-12  -2.92444214e-25  -6.29072354e-25  -1.82150765e-54
  1.41600000e-05   0.00000000e+00   0.00000000e+00   1.09128369e-12  -2.88651495e-25  -6.20913894e-25  -1.77456771e-54
  1.42400000e-05   0.00000000e+00   0.00000000e+00   8.71221932e-13  -2.30443758e-25  -4.95704105e-25  -1.13098569e-54
  1.43200000e-05   0.00000000e+00   0.00000000e+00   1.36135710e-12  -3.60087636e-25  -7.74579103e-25  -2.76160200e-54
  1.44000000e-05   0.00000000e+00   0.00000000e+00   1.34701825e-12  -3.56294918e-25  -7.66420643e-25  -2.70373384e-54
  1.44800000e-05   0.00000000e+00   0.00000000e+00   9.65145865e-13  -2.55287237e-25  -5.49144540e-25  -1.38799214e-54
  1.45600000e-05   0.00000000e+00   0.00000000e+00   1.61709166e-12  -4.27731058e-25  -9.20085852e-25  -3.89660210e-54
  1.46400000e-05   0.00000000e+00   0.00000000e+00   1.60275281e-12  -4.23938340e-25  -9.11927393e-25  -3.82780571e-54
  1.47200000e-05   0.00000000e+00   0.00000000e+00   1.20369735e-12  -3.18385626e-25  -6.84874536e-25  -2.15876193e-54
  1.48000000e-05   0.00000000e+00   0.00000000e+00   9.81299520e-13  -2.59559982e-25  -5.58335577e-25  -1.43508870e-54
  1.48800000e-05   0.00000000e+00   0.00000000e+00   4.41279337e-13  -1.16721199e-25  -2.51077218e-25  -2.90252430e-55
  1.49600000e-05   0.00000000e+00   0.00000000e+00   1.26023469e-12  -3.33340114e-25  -7.17042910e-25  -2.36632861e-54
  1.50400000e-05   0.00000000e+00   0.00000000e+00   8.23923194e-13  -2.17932940e-25  -4.68792273e-25  -1.01172024e-54
  1.51200000e-05   0.00000000e+00   0.00000000e+00   2.83903011e-13  -7.50941572e-26  -1.61533913e-25  -1.20160663e-55
  1.52000000e-05   0.00000000e+00   0.00000000e+00   1.31677203e-12  -3.48294602e-25  -7.49211285e-25  -2.58342142e-54
  1.52800000e-05   0.00000000e+00   0.00000000e+00   2.04013801e-12  -5.39629517e-25  -1.16078895e-24  -6.20218877e-54
  1.53600000e-05   0.00000000e+00   0.00000000e+00   1.85109468e-12  -4.89626350e-25  -1.05322788e-24  -5.10603959e-54
  1.54400000e-05   0.00000000e+00   0.00000000e+00   1.02034136e-12  -2.69886799e-25  -5.80549437e-25  -1.55128401e-54
  1.55200000e-05   0.00000000e+00   0.00000000e+00   7.10194255e-13  -1.87850910e-25  -4.04083270e-25  -7.51609327e-55
  1.56000000e-05   0.00000000e+00   0.00000000e+00   8.45567598e-13  -2.23658023e-25  -4.81107413e-25  -1.06535364e-54
  1.56800000e-05   0.00000000e+00   0.00000000e+00   9.91156739e-13  -2.62167280e-25  -5.63944096e-25  -1.46380947e-54
  1.57600000e-05   0.00000000e+00   0.00000000e+00   7.43890778e-13  -1.96763856e-25  -4.23255773e-25  -8.24622543e-55
  1.58400000e-05   0.00000000e+00   0.00000000e+00   8.16382975e-13  -2.15938504e-25  -4.64502071e-25  -9.93080237e-55
  1.59200000e-05   0.00000000e+00   0.00000000e+00   9.61972116e-13  -2.54447760e-25  -5.47338754e-25  -1.37887329e-54
  1.60000000e-05   0.00000000e+00   0.00000000e+00   7.77587301e-13  -2.05676801e-25  -4.42428276e-25  -9.01019647e-55
  1.60800000e-05   0.00000000e+00   0.00000000e+00   7.87198351e-13  -2.08218985e-25  -4.47896729e-25  -9.23345196e-55
  1.61600000e-05   0.00000000e+00   0.00000000e+00   9.49962362e-13  -2.51271104e-25  -5.40505496e-25  -1.34462694e-54
  1.62400000e-05   0.00000000e+00   0.00000000e+00   5.00346530e-13  -1.32344848e-25  -2.84685015e-25  -3.73081006e-55
  1.63200000e-05   0.00000000e+00   0.00000000e+00   7.71986688e-13  -2.04195403e-25  -4.39241663e-25  -8.87978508e-55
  1.64000000e-05   0.00000000e+00   0.00000000e+00   1.00656819e-12  -2.66243705e-25  -5.72712834e-25  -1.50965225e-54
  1.64800000e-05   0.00000000e+00   0.00000000e+00   5.17984520e-13  -1.37010209e-25  -2.94720603e-25  -3.99846563e-55
  1.65600000e-05   0.00000000e+00   0.00000000e+00   8.28592513e-13  -2.19168005e-25  -4.71449001e-25  -1.02297989e-54
  1.66400000e-05   0.00000000e+00   0.00000000e+00   1.06317401e-12  -2.81216307e-25  -6.04920172e-25  -1.68422679e-54
  1.67200000e-05   0.00000000e+00   0.00000000e+00   5.35622511e-13  -1.41675570e-25  -3.04756191e-25  -4.27539258e-55
  1.68000000e-05   0.00000000e+00   0.00000000e+00   8.85198337e-13  -2.34140606e-25  -5.03656340e-25  -1.16753049e-54
  1.68800000e-05   0.00000000e+00   0.00000000e+00   1.19530583e-12  -3.16166016e-25  -6.80099967e-25  -2.12887239e-54
  1.69600000e-05   0.00000000e+00   0.00000000e+00   3.70800469e-13  -9.80790892e-26  -2.10976455e-25  -2.04927529e-55
  1.70400000e-05   0.00000000e+00   0.00000000e+00   8.92287935e-13  -2.36015850e-25  -5.07690149e-25  -1.18629678e-54
  1.71200000e-05   0.00000000e+00   0.00000000e+00   4.98286268e-13  -1.31799896e-25  -2.83512776e-25  -3.70041985e-55
  1.72000000e-05   0.00000000e+00   0.00000000e+00   1.43324799e-13  -3.79103234e-26  -8.15483271e-26  -3.06286150e-56
  1.72800000e-05   0.00000000e+00   0.00000000e+00   8.56465460e-13  -2.26540577e-25  -4.87308031e-25  -1.09295343e-54
  1.73600000e-05   0.00000000e+00   0.00000000e+00   2.70810597e-13  -7.16311303e-26  -1.54084648e-25  -1.09317435e-55
  1.74400000e-05   0.00000000e+00   0.00000000e+00  -8.41508719e-14   2.22584424e-26   4.78798009e-26  -1.05408337e-56
  1.75200000e-05   0.00000000e+00   0.00000000e+00   8.20642984e-13  -2.17065304e-25  -4.66925913e-25  -1.00343442e-54
  1.76000000e-05   0.00000000e+00   0.00000000e+00   4.89333093e-13  -1.29431724e-25  -2.78418637e-25  -3.56770567e-55
  1.76800000e-05   0.00000000e+00   0.00000000e+00   6.51491194e-13  -1.72323576e-25  -3.70682656e-25  -6.32420441e-55
  1.77600000e-05   0.00000000e+00   0.00000000e+00   4.99117851e-13  -1.32019855e-25  -2.83985927e-25  -3.71238041e-55
  1.78400000e-05   0.00000000e+00   0.00000000e+00   4.82321959e-13  -1.27577235e-25  -2.74429472e-25  -3.46619818e-55
  1.79200000e-05   0.00000000e+00   0.00000000e+00   6.44480060e-13  -1.70469087e-25  -3.66693491e-25  -6.18881464e-55
  1.80000000e-05   0.00000000e+00   0.00000000e+00   5.72748019e-13  -1.51495504e-25  -3.25879702e-25  -4.88843162e-55
  1.80800000e-05   0.00000000e+00   0.00000000e+00   4.75310825e-13  -1.25722745e-25  -2.70440308e-25  -3.36615564e-55
  1.81600000e-05   0.00000000e+00   0.00000000e+00   6.37468927e-13  -1.68614597e-25  -3.62704326e-25  -6.05488982e-55
  1.82400000e-05   0.00000000e+00   0.00000000e+00   6.46378186e-13  -1.70971153e-25  -3.67773478e-25  -6.22605158e-55
  1.83200000e-05   0.00000000e+00   0.00000000e+00   5.63937071e-13  -1.49164952e-25  -3.20866488e-25  -4.73815177e-55
  1.84000000e-05   0.00000000e+00   0.00000000e+00   9.17873097e-13  -2.42783289e-25  -5.22247484e-25  -1.25527603e-54
  1.84800000e-05   0.00000000e+00   0.00000000e+00   1.00682709e-12  -2.66312187e-25  -5.72860143e-25  -1.51045107e-54
  1.85600000e-05   0.00000000e+00   0.00000000e+00   1.10513698e-13  -2.92315781e-26  -6.28796083e-26  -1.82074743e-56
  1.86400000e-05   0.00000000e+00   0.00000000e+00   8.83798444e-13  -2.33770326e-25  -5.02859834e-25  -1.16385990e-54
  1.87200000e-05   0.00000000e+00   0.00000000e+00   1.05949071e-12  -2.80242052e-25  -6.02824466e-25  -1.67260014e-54
  1.88000000e-05   0.00000000e+00   0.00000000e+00  -3.09277831e-14   8.18059589e-27   1.75971569e-26  -1.42295918e-57
  1.88800000e-05   0.00000000e+00   0.00000000e+00   9.36462070e-13  -2.47700191e-25  -5.32824158e-25  -1.30669984e-54
  1.89600000e-05   0.00000000e+00   0.00000000e+00   1.11215434e-12  -2.94171917e-25  -6.32788790e-25  -1.84301468e-54
  1.90400000e-05   0.00000000e+00   0.00000000e+00   1.10104083e-12  -2.91232324e-25  -6.26465475e-25  -1.80627294e-54
  1.91200000e-05   0.00000000e+00   0.00000000e+00   7.05123258e-13  -1.86509599e-25  -4.01197996e-25  -7.40984117e-55
  1.92000000e-05   0.00000000e+00   0.00000000e+00   2.95988249e-13  -7.82907797e-26  -1.68410120e-25  -1.30591475e-55
  1.92800000e-05   0.00000000e+00   0.00000000e+00   1.11228356e-12  -2.94206095e-25  -6.32862310e-25  -1.84335064e-54
  1.93600000e-05   0.00000000e+00   0.00000000e+00   6.62083208e-13  -1.75125232e-25  -3.76709254e-25  -6.53293085e-55
  1.94400000e-05   0.00000000e+00   0.00000000e+00   2.52948199e-13  -6.69064121e-26  -1.43921378e-25  -9.53794039e-56
  1.95200000e-05   0.00000000e+00   0.00000000e+00   1.12352628e-12  -2.97179867e-25  -6.39259146e-25  -1.88080503e-54
  1.96000000e-05   0.00000000e+00   0.00000000e+00   6.19043159e-13  -1.63740864e-25  -3.52220512e-25  -5.71122718e-55
  1.96800000e-05   0.00000000e+00   0.00000000e+00   2.09908150e-13  -5.55220444e-26  -1.19432635e-25  -6.56879972e-56
  1.97600000e-05   0.00000000e+00   0.00000000e+00   1.13476900e-12  -3.00153638e-25  -6.45655981e-25  -1.91863612e-54
  1.98400000e-05   0.00000000e+00   0.00000000e+00   7.42127214e-13  -1.96297382e-25  -4.22252348e-25  -8.20699122e-55
  1.99200000e-05   0.00000000e+00   0.00000000e+00   6.64001315e-13  -1.75632583e-25  -3.77800610e-25  -6.57001676e-55
  2.00000000e-05   0.00000000e+00   0.00000000e+00   4.81917239e-13  -1.27470183e-25  -2.74199196e-25  -3.46084046e-55
  2.00800000e-05   0.00000000e+00   0.00000000e+00   8.04162269e-13  -2.12706049e-25  -4.57548787e-25  -9.63597256e-55
  2.01600000e-05   0.00000000e+00   0.00000000e+00   4.82947012e-13  -1.27742565e-25  -2.74785112e-25  -3.47564634e-55
  2.02400000e-05   0.00000000e+00   0.00000000e+00   3.90481188e-13  -1.03284765e-25  -2.22174306e-25  -2.27217494e-55
  2.03200000e-05   0.00000000e+00   0.00000000e+00   7.88265460e-13  -2.08501242e-25  -4.48503889e-25  -9.25876391e-55
  2.04000000e-05   0.00000000e+00   0.00000000e+00   3.91510962e-13  -1.03557147e-25  -2.22760222e-25  -2.28417470e-55
  2.04800000e-05   0.00000000e+00   0.00000000e+00   2.99045137e-13  -7.90993462e-26  -1.70149415e-25  -1.33267081e-55
  2.05600000e-05   0.00000000e+00   0.00000000e+00   7.10551459e-13  -1.87945393e-25  -4.04286511e-25  -7.52367079e-55
  2.06400000e-05   0.00000000e+00   0.00000000e+00   9.65828699e-13  -2.55467851e-25  -5.49533056e-25  -1.38994166e-54
  2.07200000e-05   0.00000000e+00   0.00000000e+00   1.13895850e-12  -3.01261787e-25  -6.48039703e-25  -1.93292551e-54
  2.08000000e-05   0.00000000e+00   0.00000000e+00   6.88912872e-13  -1.82221849e-25  -3.91974681e-25  -7.07241981e-55
  2.08800000e-05   0.00000000e+00   0.00000000e+00   1.05744473e-12  -2.79700877e-25  -6.01660353e-25  -1.66614734e-54
  2.09600000e-05   0.00000000e+00   0.00000000e+00   1.23057453e-12  -3.25494813e-25  -7.00167001e-25  -2.25640157e-54
  2.10400000e-05   0.00000000e+00   0.00000000e+00   6.67274286e-13  -1.76498305e-25  -3.79662851e-25  -6.63512298e-55
  2.11200000e-05   0.00000000e+00   0.00000000e+00   1.14906077e-12  -3.03933903e-25  -6.53787651e-25  -1.96736735e-54
  2.12000000e-05   0.00000000e+00   0.00000000e+00   1.32219057e-12  -3.49727839e-25  -7.52294298e-25  -2.60489196e-54
  2.12800000e-05   0.00000000e+00   0.00000000e+00   8.71728553e-13  -2.30577763e-25  -4.95992360e-25  -1.13229529e-54
  2.13600000e-05   0.00000000e+00   0.00000000e+00   9.40548727e-13  -2.48781137e-25  -5.35149366e-25  -1.31825559e-54
  2.14400000e-05   0.00000000e+00   0.00000000e+00   7.56907475e-13  -2.00206855e-25  -4.30661957e-25  -8.53744176e-55
  2.15200000e-05   0.00000000e+00   0.00000000e+00   8.03365411e-13  -2.12495275e-25  -4.57095393e-25  -9.61660610e-55
  2.16000000e-05   0.00000000e+00   0.00000000e+00   1.60451246e-12  -4.24403779e-25  -9.12928591e-25  -3.83603522e-54
  2.16800000e-05   0.00000000e+00   0.00000000e+00   1.22939640e-12  -3.25183189e-25  -6.99496671e-25  -2.25223229e-54
  2.17600000e-05   0.00000000e+00   0.00000000e+00   1.07671032e-12  -2.84796747e-25  -6.12622002e-25  -1.72754341e-54
  2.18400000e-05   0.00000000e+00   0.00000000e+00   1.80025913e-12  -4.76180024e-25  -1.02430369e-24  -4.82912623e-54
  2.19200000e-05   0.00000000e+00   0.00000000e+00   1.43673155e-12  -3.80024660e-25  -8.17465335e-25  -3.07594540e-54
  2.20000000e-05   0.00000000e+00   0.00000000e+00   4.53755090e-13  -1.20021116e-25  -2.58175618e-25  -3.06838638e-55
  2.20800000e-05   0.00000000e+00   0.00000000e+00   1.04397889e-12  -2.76139075e-25  -5.93998614e-25  -1.62401260e-54
  2.21600000e-05   0.00000000e+00   0.00000000e+00   4.31875845e-13  -1.14233916e-25  -2.45726859e-25  -2.77963293e-55
  2.22400000e-05   0.00000000e+00   0.00000000e+00   2.17882596e-13  -5.76313365e-26  -1.23969902e-25  -7.07566946e-56
  2.23200000e-05   0.00000000e+00   0.00000000e+00   9.22342144e-13  -2.43965380e-25  -5.24790263e-25  -1.26761908e-54
  2.24000000e-05   0.00000000e+00   0.00000000e+00   1.96003351e-13  -5.18441365e-26  -1.11521143e-25  -5.72613189e-56
  2.24800000e-05   0.00000000e+00   0.00000000e+00  -1.79898976e-14   4.75844265e-27   1.02358145e-26  -4.80818024e-58
  2.25600000e-05   0.00000000e+00   0.00000000e+00   8.00705400e-13  -2.11791686e-25  -4.55581912e-25  -9.55319144e-55
  2.26400000e-05   0.00000000e+00   0.00000000e+00  -3.98691430e-14   1.05456426e-26   2.26845734e-26  -2.36541132e-57
  2.27200000e-05   0.00000000e+00   0.00000000e+00   7.21583707e-13  -1.90863493e-25  -4.10563592e-25  -7.75790311e-55
  2.28000000e-05   0.00000000e+00   0.00000000e+00   3.22804841e-13  -8.53839395e-26  -1.83668109e-25  -1.55307757e-55
  2.28800000e-05   0.00000000e+00   0.00000000e+00   4.56461775e-13  -1.20737051e-25  -2.59715656e-25  -3.10422834e-55
  2.29600000e-05   0.00000000e+00   0.00000000e+00   6.06575814e-13  -1.60443172e-25  -3.45126896e-25  -5.48324632e-55
  2.30400000e-05   0.00000000e+00   0.00000000e+00   3.17440243e-13  -8.39649692e-26  -1.80615783e-25  -1.50189191e-55
  2.31200000e-05   0.00000000e+00   0.00000000e+00   4.89799936e-13  -1.29555207e-25  -2.78684259e-25  -3.57426797e-55
  2.32000000e-05   0.00000000e+00   0.00000000e+00   1.60453381e-13  -4.24409428e-26  -9.12940743e-26  -3.83551925e-56
  2.32800000e-05   0.00000000e+00   0.00000000e+00   2.92571164e-13  -7.73869390e-26  -1.66465882e-25  -1.27535131e-55
  2.33600000e-05   0.00000000e+00   0.00000000e+00  -8.61127149e-13   2.27773623e-25   4.89960419e-25  -1.10488914e-54
  2.34400000e-05   0.00000000e+00   0.00000000e+00   5.71683909e-13  -1.51214040e-25  -3.25274250e-25  -4.87031141e-55
  2.35200000e-05   0.00000000e+00   0.00000000e+00   4.19138050e-13  -1.10864688e-25  -2.38479364e-25  -2.61799923e-55
  2.36000000e-05   0.00000000e+00   0.00000000e+00   5.88459653e-13  -1.55651332e-25  -3.34819241e-25  -5.15954593e-55
  2.36800000e-05   0.00000000e+00   0.00000000e+00   5.92336385e-13  -1.56676752e-25  -3.37025007e-25  -5.22854205e-55
  2.37600000e-05   0.00000000e+00   0.00000000e+00   4.39790526e-13  -1.16327399e-25  -2.50230120e-25  -2.88234008e-55
  2.38400000e-05   0.00000000e+00   0.00000000e+00   7.23533862e-13  -1.91379322e-25  -4.11673183e-25  -7.80014840e-55
  2.39200000e-05   0.00000000e+00   0.00000000e+00   6.12988861e-13  -1.62139464e-25  -3.48775764e-25  -5.59948400e-55
  2.40000000e-05   0.00000000e+00   0.00000000e+00   4.60443002e-13  -1.21790111e-25  -2.61980877e-25  -3.15939224e-55
  2.40800000e-05   0.00000000e+00   0.00000000e+00   8.58608071e-13  -2.27107311e-25  -4.88527125e-25  -1.09844901e-54
  2.41600000e-05   0.00000000e+00   0.00000000e+00   6.33641337e-13  -1.67602175e-25  -3.60526520e-25  -5.98313724e-55
  2.42400000e-05   0.00000000e+00   0.00000000e+00   9.27459755e-13  -2.45319021e-25  -5.27702059e-25  -1.28171585e-54
  2.43200000e-05   0.00000000e+00   0.00000000e+00   8.38203018e-13  -2.21710045e-25  -4.76917146e-25  -1.04692551e-54
  2.44000000e-05   0.00000000e+00   0.00000000e+00   1.07867613e-12  -2.85316716e-25  -6.13740500e-25  -1.73374705e-54
  2.44800000e-05   0.00000000e+00   0.00000000e+00   9.06402779e-13  -2.39749316e-25  -5.15721152e-25  -1.22422061e-54
  2.45600000e-05   0.00000000e+00   0.00000000e+00   8.94673439e-13  -2.36646831e-25  -5.09047442e-25  -1.19274151e-54
  2.46400000e-05   0.00000000e+00   0.00000000e+00   1.35132991e-12  -3.57435380e-25  -7.68873874e-25  -2.72100189e-54
  2.47200000e-05   0.00000000e+00   0.00000000e+00   8.12343363e-14  -2.14870001e-26  -4.62203630e-26  -9.84188400e-57
  2.48000000e-05   0.00000000e+00   0.00000000e+00  -2.05496275e-13   5.43550755e-26   1.16922386e-25  -6.29031256e-56
  2.48800000e-05   0.00000000e+00   0.00000000e+00   9.51344267e-13  -2.51636627e-25  -5.41291766e-25  -1.34854771e-54
  2.49600000e-05   0.00000000e+00   0.00000000e+00   1.04014612e-12  -2.75125283e-25  -5.91817861e-25  -1.61195956e-54
  2.50400000e-05   0.00000000e+00   0.00000000e+00   1.52283073e-12  -4.02798442e-25  -8.66453675e-25  -3.45529136e-54
  2.51200000e-05   0.00000000e+00   0.00000000e+00   1.21190830e-12  -3.20557476e-25  -6.89546370e-25  -2.18875144e-54
  2.52000000e-05   0.00000000e+00   0.00000000e+00   1.15923334e-12  -3.06624612e-25  -6.59575595e-25  -2.00222251e-54
  2.52800000e-05   0.00000000e+00   0.00000000e+00   1.64191795e-12  -4.34297771e-25  -9.34211409e-25  -4.01686104e-54
  2.53600000e-05   0.00000000e+00   0.00000000e+00   1.16461314e-12  -3.08047605e-25  -6.62636573e-25  -2.02125899e-54
  2.54400000e-05   0.00000000e+00   0.00000000e+00   1.27832056e-12  -3.38123942e-25  -7.27333329e-25  -2.43474999e-54
  2.55200000e-05   0.00000000e+00   0.00000000e+00   1.76100517e-12  -4.65797101e-25  -1.00196914e-24  -4.62069526e-54
  2.56000000e-05   0.00000000e+00   0.00000000e+00   1.11731798e-12  -2.95537733e-25  -6.35726777e-25  -1.86043276e-54
  2.56800000e-05   0.00000000e+00   0.00000000e+00   1.13370645e-12  -2.99872587e-25  -6.45051416e-25  -1.91509292e-54
  2.57600000e-05   0.00000000e+00   0.00000000e+00   1.41779989e-12  -3.75017115e-25  -8.06693679e-25  -2.99518702e-54
  2.58400000e-05   0.00000000e+00   0.00000000e+00   5.39794307e-13  -1.42779037e-25  -3.07129842e-25  -4.34234090e-55
  2.59200000e-05   0.00000000e+00   0.00000000e+00   1.28052679e-12  -3.38707503e-25  -7.28588619e-25  -2.44325654e-54
  2.60000000e-05   0.00000000e+00   0.00000000e+00   7.33242323e-13  -1.93947271e-25  -4.17197061e-25  -8.01214461e-55
  2.60800000e-05   0.00000000e+00   0.00000000e+00   4.77236336e-13  -1.26232055e-25  -2.71535876e-25  -3.39422846e-55
  2.61600000e-05   0.00000000e+00   0.00000000e+00   1.42734712e-12  -3.77542418e-25  -8.12125822e-25  -3.03566205e-54
  2.62400000e-05   0.00000000e+00   0.00000000e+00   6.70684352e-13  -1.77400289e-25  -3.81603096e-25  -6.70337651e-55
  2.63200000e-05   0.00000000e+00   0.00000000e+00   2.53547186e-13  -6.70648480e-26  -1.44262187e-25  -9.58328911e-56
  2.64000000e-05   0.00000000e+00   0.00000000e+00   1.41930732e-12  -3.75415840e-25  -8.07551371e-25  -3.00168346e-54
  2.64800000e-05   0.00000000e+00   0.00000000e+00   7.20760399e-13  -1.90645723e-25  -4.10095149e-25  -7.74107365e-55
  2.65600000e-05   0.00000000e+00   0.00000000e+00   6.97249644e-13  -1.84426978e-25  -3.96718101e-25  -7.24429433e-55
  2.66400000e-05   0.00000000e+00   0.00000000e+00   1.34081268e-12  -3.54653507e-25  -7.62889830e-25  -2.67884756e-54
  2.67200000e-05   0.00000000e+00   0.00000000e+00   8.78469006e-13  -2.32360655e-25  -4.99827514e-25  -1.14993056e-54
  2.68000000e-05   0.00000000e+00   0.00000000e+00   8.54958251e-13  -2.26141911e-25  -4.86450466e-25  -1.08920249e-54
  2.68800000e-05   0.00000000e+00   0.00000000e+00   1.26231805e-12  -3.33891175e-25  -7.18228288e-25  -2.37437391e-54
  2.69600000e-05   0.00000000e+00   0.00000000e+00   1.03617761e-12  -2.74075588e-25  -5.89559878e-25  -1.59987737e-54
  2.70400000e-05   0.00000000e+00   0.00000000e+00   1.01266686e-12  -2.67856843e-25  -5.76182830e-25  -1.52809916e-54
  2.71200000e-05   0.00000000e+00   0.00000000e+00   1.09608087e-12  -2.89920381e-25  -6.23643374e-25  -1.79004809e-54
  2.72000000e-05   0.00000000e+00   0.00000000e+00   8.79571263e-13  -2.32652209e-25  -5.00454671e-25  -1.15293235e-54
  2.72800000e-05   0.00000000e+00   0.00000000e+00   5.07418555e-13  -1.34215445e-25  -2.88708826e-25  -3.83732108e-55
  2.73600000e-05   0.00000000e+00   0.00000000e+00   1.27176051e-12  -3.36388766e-25  -7.23600819e-25  -2.40987874e-54
  2.74400000e-05   0.00000000e+00   0.00000000e+00   6.87377923e-13  -1.81815845e-25  -3.91101332e-25  -7.04150940e-55
  2.75200000e-05   0.00000000e+00   0.00000000e+00   1.08079201e-12  -2.85876379e-25  -6.14944383e-25  -1.74045676e-54
  2.76000000e-05   0.00000000e+00   0.00000000e+00   1.44744015e-12  -3.82857151e-25  -8.23558264e-25  -3.12168839e-54
  2.76800000e-05   0.00000000e+00   0.00000000e+00   4.95184583e-13  -1.30979481e-25  -2.81747993e-25  -3.65453098e-55
  2.77600000e-05   0.00000000e+00   0.00000000e+00   1.25647164e-12  -3.32344765e-25  -7.14901828e-25  -2.35228276e-54
  2.78400000e-05   0.00000000e+00   0.00000000e+00   7.07745870e-13  -1.87203297e-25  -4.02690199e-25  -7.46526492e-55
  2.79200000e-05   0.00000000e+00   0.00000000e+00   2.43686250e-13  -6.44565675e-26  -1.38651554e-25  -8.85296490e-56
  2.80000000e-05   0.00000000e+00   0.00000000e+00   1.40267178e-12  -3.71015633e-25  -7.98086152e-25  -2.93149631e-54
  2.80800000e-05   0.00000000e+00   0.00000000e+00   1.90123081e-12  -5.02887676e-25  -1.08175412e-24  -5.38588454e-54
  2.81600000e-05   0.00000000e+00   0.00000000e+00   2.21053720e-13  -5.84701190e-26  -1.25774194e-25  -7.28524122e-56
  2.82400000e-05   0.00000000e+00   0.00000000e+00   1.50096380e-12  -3.97014499e-25  -8.54011923e-25  -3.35675926e-54
  2.83200000e-05   0.00000000e+00   0.00000000e+00   1.99952283e-12  -5.28886543e-25  -1.13767989e-24  -5.95719047e-54
  2.84000000e-05   0.00000000e+00   0.00000000e+00   1.98421190e-13  -5.24836705e-26  -1.12896835e-25  -5.87017289e-56
  2.84800000e-05   0.00000000e+00   0.00000000e+00   1.59925582e-12  -4.23013366e-25  -9.09937694e-25  -3.81081492e-54
  2.85600000e-05   0.00000000e+00   0.00000000e+00   8.19961244e-13  -2.16884979e-25  -4.66538019e-25  -1.00185950e-54
  2.86400000e-05   0.00000000e+00   0.00000000e+00   7.56755004e-13  -2.00166526e-25  -4.30575205e-25  -8.53345999e-55
  2.87200000e-05   0.00000000e+00   0.00000000e+00   8.94073864e-13  -2.36488240e-25  -5.08706299e-25  -1.19115042e-54
  2.88000000e-05   0.00000000e+00   0.00000000e+00   8.61258957e-13  -2.27808488e-25  -4.90035414e-25  -1.10531856e-54
  2.88800000e-05   0.00000000e+00   0.00000000e+00   6.43579245e-13  -1.70230816e-25  -3.66180949e-25  -6.17189303e-55
  2.89600000e-05   0.00000000e+00   0.00000000e+00   9.35371576e-13  -2.47411748e-25  -5.32203693e-25  -1.30373093e-54
  2.90400000e-05   0.00000000e+00   0.00000000e+00   5.21547928e-13  -1.37952754e-25  -2.96748095e-25  -4.05324102e-55
  2.91200000e-05   0.00000000e+00   0.00000000e+00   5.30403486e-13  -1.40295105e-25  -3.01786693e-25  -4.19205287e-55
  2.92000000e-05   0.00000000e+00   0.00000000e+00   9.76669289e-13  -2.58335257e-25  -5.55701088e-25  -1.42139419e-54
  2.92800000e-05   0.00000000e+00   0.00000000e+00   4.08372169e-13  -1.08017044e-25  -2.32353839e-25  -2.48499629e-55
  2.93600000e-05   0.00000000e+00   0.00000000e+00   1.06772722e-12  -2.82420659e-25  -6.07510836e-25  -1.69859961e-54
  2.94400000e-05   0.00000000e+00   0.00000000e+00   1.41351272e-12  -3.73883130e-25  -8.04254382e-25  -2.97705339e-54
  2.95200000e-05   0.00000000e+00   0.00000000e+00   2.80827732e-13  -7.42807264e-26  -1.59784154e-25  -1.17553262e-55
  2.96000000e-05   0.00000000e+00   0.00000000e+00  -7.84030899e-14   2.07381174e-26   4.46094526e-26  -9.14923054e-57
  2.96800000e-05   0.00000000e+00   0.00000000e+00   1.52331616e-12  -4.02926841e-25  -8.66729872e-25  -3.45755699e-54
  2.97600000e-05   0.00000000e+00   0.00000000e+00   2.11909820e-13  -5.60514991e-26  -1.20571537e-25  -6.69425151e-56
  2.98400000e-05   0.00000000e+00   0.00000000e+00  -1.47321002e-13   3.89673447e-26   8.38220694e-26  -3.23206705e-56
  2.99200000e-05   0.00000000e+00   0.00000000e+00   1.63311960e-12  -4.31970552e-25  -9.29205363e-25  -3.97399228e-54
  3.00000000e-05   0.00000000e+00   0.00000000e+00   1.42991908e-13  -3.78222719e-26  -8.13589206e-26  -3.04867739e-56
  3.00800000e-05   0.00000000e+00   0.00000000e+00   1.32719005e-12  -3.51050233e-25  -7.55138880e-25  -2.62460503e-54
  3.01600000e-05   0.00000000e+00   0.00000000e+00   9.50401110e-13  -2.51387156e-25  -5.40755132e-25  -1.34604392e-54
  3.02400000e-05   0.00000000e+00   0.00000000e+00   9.82913549e-13  -2.59986903e-25  -5.59253920e-25  -1.43953434e-54
  3.03200000e-05   0.00000000e+00   0.00000000e+00   1.22003024e-12  -3.22705781e-25  -6.94167556e-25  -2.21809440e-54
  3.04000000e-05   0.00000000e+00   0.00000000e+00   9.61473161e-13  -2.54315784e-25  -5.47054860e-25  -1.37758800e-54
  3.04800000e-05   0.00000000e+00   0.00000000e+00   8.59870453e-13  -2.27441220e-25  -4.89245389e-25  -1.10167613e-54
  3.05600000e-05   0.00000000e+00   0.00000000e+00   1.23110229e-12  -3.25634409e-25  -7.00467284e-25  -2.25853543e-54
  3.06400000e-05   0.00000000e+00   0.00000000e+00   9.72545211e-13  -2.57244412e-25  -5.53354588e-25  -1.40949743e-54
  3.07200000e-05   0.00000000e+00   0.00000000e+00   7.36827357e-13  -1.94895536e-25  -4.19236858e-25  -8.08937015e-55
  3.08000000e-05   0.00000000e+00   0.00000000e+00   1.01294752e-12  -2.67931080e-25  -5.76342520e-25  -1.52915947e-54
  3.08800000e-05   0.00000000e+00   0.00000000e+00   4.24579837e-13  -1.12304075e-25  -2.41575608e-25  -2.68710724e-55
  3.09600000e-05   0.00000000e+00   0.00000000e+00   9.41515127e-13  -2.49036757e-25  -5.35699224e-25  -1.32071072e-54
  3.10400000e-05   0.00000000e+00   0.00000000e+00   1.47178641e-12  -3.89296893e-25  -8.37410695e-25  -3.22775898e-54
  3.11200000e-05   0.00000000e+00   0.00000000e+00   1.53008794e-12  -4.04718019e-25  -8.70582849e-25  -3.48854612e-54
  3.12000000e-05   0.00000000e+00   0.00000000e+00   7.05237700e-13  -1.86539870e-25  -4.01263111e-25  -7.41111426e-55
  3.12800000e-05   0.00000000e+00   0.00000000e+00   1.56015241e-12  -4.12670263e-25  -8.87688802e-25  -3.62698549e-54
  3.13600000e-05   0.00000000e+00   0.00000000e+00   1.61845394e-12  -4.28091390e-25  -9.20860955e-25  -3.90312626e-54
  3.14400000e-05   0.00000000e+00   0.00000000e+00   8.57175303e-13  -2.26728335e-25  -4.87711914e-25  -1.09484430e-54
  3.15200000e-05   0.00000000e+00   0.00000000e+00   6.28156798e-13  -1.66151480e-25  -3.57405951e-25  -5.87984667e-55
  3.16000000e-05   0.00000000e+00   0.00000000e+00   5.46875060e-13  -1.44651942e-25  -3.11158618e-25  -4.45664660e-55
  3.16800000e-05   0.00000000e+00   0.00000000e+00   8.47452293e-13  -2.24156537e-25  -4.82179758e-25  -1.07013461e-54
  3.17600000e-05   0.00000000e+00   0.00000000e+00   6.49267537e-13  -1.71735405e-25  -3.69417449e-25  -6.28169426e-55
  3.18400000e-05   0.00000000e+00   0.00000000e+00   7.06313768e-13  -1.86824497e-25  -4.01875367e-25  -7.43364215e-55
  3.19200000e-05   0.00000000e+00   0.00000000e+00   7.68222482e-13  -2.03199747e-25  -4.37099921e-25  -8.79389142e-55
  3.20000000e-05   0.00000000e+00   0.00000000e+00   6.70378277e-13  -1.77319330e-25  -3.81428946e-25  -6.69682351e-55
  3.20800000e-05   0.00000000e+00   0.00000000e+00   6.27083956e-13  -1.65867706e-25  -3.56795530e-25  -5.85944503e-55
  3.21600000e-05   0.00000000e+00   0.00000000e+00   6.88992670e-13  -1.82242956e-25  -3.92020084e-25  -7.07351488e-55
  3.22400000e-05   0.00000000e+00   0.00000000e+00   8.66830238e-13  -2.29282127e-25  -4.93205338e-25  -1.11972205e-54
  3.23200000e-05   0.00000000e+00   0.00000000e+00   8.70688892e-13  -2.30302766e-25  -4.95400818e-25  -1.12957525e-54
  3.24000000e-05   0.00000000e+00   0.00000000e+00   1.08449781e-12  -2.86856588e-25  -6.17052894e-25  -1.75247477e-54
  3.24800000e-05   0.00000000e+00   0.00000000e+00   7.97207824e-13  -2.10866554e-25  -4.53591876e-25  -9.47081877e-55
  3.25600000e-05   0.00000000e+00   0.00000000e+00   9.51779955e-13  -2.51751869e-25  -5.41539662e-25  -1.34978483e-54
  3.26400000e-05   0.00000000e+00   0.00000000e+00   2.80837013e-13  -7.42831812e-26  -1.59789435e-25  -1.17536031e-55
  3.27200000e-05   0.00000000e+00   0.00000000e+00   6.04418481e-13  -1.59872544e-25  -3.43899426e-25  -5.44361096e-55
  3.28000000e-05   0.00000000e+00   0.00000000e+00   2.96813879e-13  -7.85091644e-26  -1.68879884e-25  -1.31288969e-55
  3.28800000e-05   0.00000000e+00   0.00000000e+00   1.76513532e-13  -4.66889552e-26  -1.00431910e-25  -4.64350406e-56
  3.29600000e-05   0.00000000e+00   0.00000000e+00   9.01729784e-13  -2.38513280e-25  -5.13062331e-25  -1.21156793e-54
  3.30400000e-05   0.00000000e+00   0.00000000e+00   9.42742332e-13  -2.49361360e-25  -5.36397474e-25  -1.32440582e-54
  3.31200000e-05   0.00000000e+00   0.00000000e+00   7.75685063e-13  -2.05173647e-25  -4.41345948e-25  -8.96623389e-55
  3.32000000e-05   0.00000000e+00   0.00000000e+00   9.60871053e-13  -2.54156522e-25  -5.46712276e-25  -1.37570858e-54
  3.32800000e-05   0.00000000e+00   0.00000000e+00   9.02763758e-13  -2.38786773e-25  -5.13650638e-25  -1.21446261e-54
  3.33600000e-05   0.00000000e+00   0.00000000e+00   8.46567487e-13  -2.23922500e-25  -4.81676325e-25  -1.06786597e-54
  3.34400000e-05   0.00000000e+00   0.00000000e+00   1.02001232e-12  -2.69799765e-25  -5.80362220e-25  -1.55027305e-54
  3.35200000e-05  -1.57674306e-07  -1.30489079e-07   8.62785177e-13   4.65258497e-19  -5.62188121e-19  -1.15951127e-19
  3.36000000e-05   3.77312078e-08   3.12258269e-08   9.05708652e-13  -1.11335885e-19   1.34530057e-19   2.77471123e-20
  3.36800000e-05  -2.27356751e-06  -1.89027821e-06   9.16615287e-13   6.73978291e-18  -8.10640093e-18  -1.67692251e-18
  3.37600000e-05  -2.60338202e-06  -2.16420316e-06   7.36018713e-13   7.71644756e-18  -9.28233663e-18  -1.92016129e-18
  3.38400000e-05  -3.00694352e-06  -2.50047162e-06   4.87376573e-13   8.91539096e-18  -1.07212087e-17  -2.21844767e-18
  3.39200000e-05  -4.78261705e-07  -3.99706684e-07   2.25707579e-13   1.42514582e-18  -1.70523230e-18  -3.54005892e-19
  3.40000000e-05   0.00000000e+00   0.00000000e+00   0.00000000e+00  -0.00000000e+00   0.00000000e+00   0.00000000e+00
