     timestep     time              x             y              z              vx             vy             vz             ax             ay             az         v_magnitude      ELoss        Electronic      Nuclear
           0   0.000000e+00   1.000000e-01   1.384356e+01   1.413480e+00  -2.389480e+04   6.012863e+05  -2.027119e+06   0.000000e+00   0.000000e+00   0.000000e+00   2.114552e+06   0.000000e+00   0.000000e+00   0.000000e+00
        8000   7.999000e-08   9.808842e-02   1.389167e+01   1.251310e+00  -2.389480e+04   6.012863e+05  -2.027119e+06   0.000000e+00   0.000000e+00   0.000000e+00   2.114552e+06   0.000000e+00   0.000000e+00   0.000000e+00
       16000   1.599900e-07   9.617683e-02   1.393977e+01   1.089141e+00  -2.389480e+04   6.012863e+05  -2.027119e+06   0.000000e+00   0.000000e+00   0.000000e+00   2.114552e+06   0.000000e+00   0.000000e+00   0.000000e+00
       24000   2.399900e-07   9.426525e-02   1.398787e+01   9.269713e-01  -2.389480e+04   6.012863e+05  -2.027119e+06   0.000000e+00   0.000000e+00   0.000000e+00   2.114552e+06   0.000000e+00   0.000000e+00   0.000000e+00
       32000   3.199900e-07   9.235366e-02   1.403598e+01   7.648018e-01  -2.389480e+04   6.012863e+05  -2.027119e+06   0.000000e+00   0.000000e+00   0.000000e+00   2.114552e+06   0.000000e+00   0.000000e+00   0.000000e+00
       40000   3.999900e-07   9.044208e-02   1.408408e+01   6.026322e-01  -2.389480e+04   6.012863e+05  -2.027119e+06   0.000000e+00   0.000000e+00   0.000000e+00   2.114552e+06   0.000000e+00   0.000000e+00   0.000000e+00
       48000   4.799900e-07   8.853050e-02   1.413218e+01   4.404627e-01  -2.389480e+04   6.012863e+05  -2.027119e+06   0.000000e+00   0.000000e+00   0.000000e+00   2.114552e+06   0.000000e+00   0.000000e+00   0.000000e+00
       56000   5.599900e-07   8.661891e-02   1.418028e+01   2.782931e-01  -2.389480e+04   6.012863e+05  -2.027119e+06   0.000000e+00   0.000000e+00   0.000000e+00   2.114552e+06   0.000000e+00   0.000000e+00   0.000000e+00
       64000   6.399900e-07   8.470733e-02   1.422839e+01   1.161236e-01  -2.389480e+04   6.012863e+05  -2.027119e+06   0.000000e+00   0.000000e+00   0.000000e+00   2.114552e+06   0.000000e+00   0.000000e+00   0.000000e+00
