       time             b_x              b_y              b_z              F_x              F_y              F_z
  0.00000000e+00   0.00000000e+00   0.00000000e+00  -1.48936556e-06   6.11875558e-19   6.80509390e-19   0.00000000e+00
  8.00000000e-08   0.00000000e+00   0.00000000e+00  -2.29182625e-06   9.41546420e-19   1.04716694e-18  -1.02463128e-41
  1.60000000e-07   0.00000000e+00   0.00000000e+00  -1.45645326e-06   5.98345211e-19   6.65479447e-19  -4.13982809e-42
  2.40000000e-07   0.00000000e+00   0.00000000e+00  -1.67788337e-06   6.89312071e-19   7.66656455e-19  -5.49167584e-42
  3.20000000e-07   0.00000000e+00   0.00000000e+00  -2.99734588e-06   1.23136541e-18   1.36955395e-18  -1.75263979e-41
  4.00000000e-07   0.00000000e+00   0.00000000e+00   2.19365266e-07  -9.01190839e-20  -1.00233086e-19  -9.37106489e-44
  4.80000000e-07   0.00000000e+00   0.00000000e+00  -2.38340546e-06   9.79138591e-19   1.08903873e-18  -1.10816006e-41
  5.60000000e-07   0.00000000e+00   0.00000000e+00   2.52297053e-07  -1.03647067e-19  -1.15281257e-19  -1.23989184e-43
  6.40000000e-07   0.00000000e+00   0.00000000e+00   1.88422967e-06  -7.74065240e-19  -8.60956605e-19  -6.92532368e-42
  7.20000000e-07   0.00000000e+00   0.00000000e+00  -3.08808981e-06   1.26862076e-18   1.41103839e-18  -1.86037441e-41
  8.00000000e-07   0.00000000e+00   0.00000000e+00   1.91705679e-06  -7.87546199e-19  -8.75960567e-19  -7.16875884e-42
  8.80000000e-07   0.00000000e+00   0.00000000e+00  -2.47630421e-06   1.01729045e-18   1.13149762e-18  -1.19623659e-41
  9.60000000e-07   0.00000000e+00   0.00000000e+00  -4.51071175e-07   1.85303641e-19   2.06108745e-19  -3.96893065e-43
  1.04000000e-06   0.00000000e+00   0.00000000e+00   4.39972578e-08  -1.80743997e-20  -2.01037670e-20  -3.76855375e-45
  1.12000000e-06   0.00000000e+00   0.00000000e+00  -3.34265683e-07   1.37318836e-19   1.52736765e-19  -2.17940432e-43
  1.20000000e-06   0.00000000e+00   0.00000000e+00  -1.54055046e-09   6.32868721e-22   7.03927972e-22  -4.92191030e-48
  1.28000000e-06   0.00000000e+00   0.00000000e+00  -2.17460271e-07   8.93342072e-20   9.93646922e-20  -9.22260545e-44
  1.36000000e-06   0.00000000e+00   0.00000000e+00  -4.70782253e-08   1.93400398e-20   2.15116002e-20  -4.33298812e-45
  1.44000000e-06   0.00000000e+00   0.00000000e+00  -1.00654921e-07   4.13497139e-20   4.59925481e-20  -1.97498155e-44
  1.52000000e-06   0.00000000e+00   0.00000000e+00  -4.47044913e-07   1.83648837e-19   2.04269722e-19  -3.89838677e-43
  1.60000000e-06   0.00000000e+00   0.00000000e+00   2.89408109e-07  -1.18890698e-19  -1.32240174e-19  -1.63359653e-43
  1.68000000e-06   0.00000000e+00   0.00000000e+00   6.69071032e-07  -2.74858863e-19  -3.05720577e-19  -8.73271765e-43
  1.76000000e-06   0.00000000e+00   0.00000000e+00  -6.75671886e-07   2.77570177e-19   3.08737049e-19  -8.90600576e-43
  1.84000000e-06   0.00000000e+00   0.00000000e+00   1.01253579e-13  -4.15956071e-26  -4.62661305e-26  -1.99987810e-56
  1.92000000e-06   0.00000000e+00   0.00000000e+00  -3.01011659e-14   1.23657483e-26   1.37542246e-26  -1.76676501e-57
  2.00000000e-06   0.00000000e+00   0.00000000e+00   1.05653755e-13  -4.34032272e-26  -4.82767175e-26  -2.17748982e-56
  2.08000000e-06   0.00000000e+00   0.00000000e+00  -1.90110323e-14   7.80985162e-27   8.68677342e-27  -7.04490276e-58
  2.16000000e-06   0.00000000e+00   0.00000000e+00   1.10053932e-13  -4.52108473e-26  -5.02873046e-26  -2.36265658e-56
  2.24000000e-06   0.00000000e+00   0.00000000e+00  -7.92089862e-15   3.25395497e-27   3.61932222e-27  -1.22137145e-58
  2.32000000e-06   0.00000000e+00   0.00000000e+00   1.14454108e-13  -4.70184675e-26  -5.22978916e-26  -2.55537838e-56
  2.40000000e-06   0.00000000e+00   0.00000000e+00   3.16923503e-15  -1.30194168e-27  -1.44812897e-27  -1.97056143e-59
  2.48000000e-06   0.00000000e+00   0.00000000e+00   1.18854285e-13  -4.88260876e-26  -5.43084786e-26  -2.75565522e-56
  2.56000000e-06   0.00000000e+00   0.00000000e+00   1.42593687e-14  -5.85783833e-27  -6.51558017e-27  -3.97195683e-58
  2.64000000e-06   0.00000000e+00   0.00000000e+00   1.23254461e-13  -5.06337077e-26  -5.63190657e-26  -2.96348711e-56
  2.72000000e-06   0.00000000e+00   0.00000000e+00   9.69484962e-13  -3.98270520e-25  -4.42989948e-25  -1.83380889e-54
  2.80000000e-06   0.00000000e+00   0.00000000e+00  -1.13124684e-13   4.64723314e-26   5.16904332e-26  -2.49603725e-56
  2.88000000e-06   0.00000000e+00   0.00000000e+00   2.53808870e-13  -1.04266280e-25  -1.15973721e-25  -1.25666376e-55
  2.96000000e-06   0.00000000e+00   0.00000000e+00  -9.26415732e-14   3.80577409e-26   4.23310183e-26  -1.67386068e-56
  3.04000000e-06   0.00000000e+00   0.00000000e+00   2.47855909e-13  -1.01820766e-25  -1.13253615e-25  -1.19840216e-55
  3.12000000e-06   0.00000000e+00   0.00000000e+00  -7.21584628e-14   2.96431503e-26   3.29716034e-26  -1.01539915e-56
  3.20000000e-06   0.00000000e+00   0.00000000e+00   2.41902948e-13  -9.93752526e-26  -1.10533509e-25  -1.14152338e-55
  3.28000000e-06   0.00000000e+00   0.00000000e+00  -5.16753524e-14   2.12285598e-26   2.36121885e-26  -5.20652638e-57
  3.36000000e-06   0.00000000e+00   0.00000000e+00   2.35949988e-13  -9.69297389e-26  -1.07813403e-25  -1.08602740e-55
  3.44000000e-06   0.00000000e+00   0.00000000e+00  -3.11922421e-14   1.28139692e-26   1.42527736e-26  -1.89621157e-57
  3.52000000e-06   0.00000000e+00   0.00000000e+00   2.29997027e-13  -9.44842252e-26  -1.05093297e-25  -1.03191424e-55
  3.60000000e-06   0.00000000e+00   0.00000000e+00  -1.07091317e-14   4.39937866e-27   4.89335874e-27  -2.23047034e-58
  3.68000000e-06   0.00000000e+00   0.00000000e+00   3.01910427e-13  -1.24026702e-25  -1.37952923e-25  -1.77782905e-55
  3.76000000e-06   0.00000000e+00   0.00000000e+00   6.40863531e-15  -2.63270769e-27  -2.92831878e-27  -8.11789969e-59
  3.84000000e-06   0.00000000e+00   0.00000000e+00   2.98662959e-13  -1.22692622e-25  -1.36469047e-25  -1.73978289e-55
  3.92000000e-06   0.00000000e+00   0.00000000e+00   8.04049021e-14  -3.30308395e-26  -3.67396760e-26  -1.26265046e-56
  4.00000000e-06   0.00000000e+00   0.00000000e+00  -2.53929223e-13   1.04315722e-25   1.16028714e-25  -1.25761916e-55
  4.08000000e-06   0.00000000e+00   0.00000000e+00   6.65124016e-13  -2.73237129e-25  -3.03917301e-25  -8.63001692e-55
  4.16000000e-06   0.00000000e+00   0.00000000e+00  -1.79932956e-13   7.39175900e-26   8.22173567e-26  -6.31373583e-56
  4.24000000e-06   0.00000000e+00   0.00000000e+00   6.61876548e-13  -2.71903049e-25  -3.02433425e-25  -8.54594471e-55
  4.32000000e-06   0.00000000e+00   0.00000000e+00  -1.05936689e-13   4.35194582e-26   4.84059994e-26  -2.18784631e-56
  4.40000000e-06   0.00000000e+00   0.00000000e+00   6.58629080e-13  -2.70568968e-25  -3.00949549e-25  -8.46228402e-55
  4.48000000e-06   0.00000000e+00   0.00000000e+00  -3.19404225e-14   1.31213264e-26   1.45946422e-26  -1.98522997e-57
  4.56000000e-06   0.00000000e+00   0.00000000e+00   3.42453200e-13  -1.40681928e-25  -1.56478266e-25  -2.28836069e-55
  4.64000000e-06   0.00000000e+00   0.00000000e+00   3.50511740e-13  -1.43992427e-25  -1.60160481e-25  -2.39669424e-55
  4.72000000e-06   0.00000000e+00   0.00000000e+00   6.75145411e-13  -2.77353981e-25  -3.08496410e-25  -8.89186953e-55
  4.80000000e-06   0.00000000e+00   0.00000000e+00   8.45323918e-14  -3.47264382e-26  -3.86256635e-26  -1.39599607e-56
  4.88000000e-06   0.00000000e+00   0.00000000e+00   5.77952979e-13  -2.37426719e-25  -2.64085953e-25  -6.51586335e-55
  4.96000000e-06   0.00000000e+00   0.00000000e+00   1.41476400e-13  -5.81193951e-26  -6.46452764e-26  -3.90819339e-56
  5.04000000e-06   0.00000000e+00   0.00000000e+00   4.80760546e-13  -1.97499456e-25  -2.19675496e-25  -4.50846252e-55
  5.12000000e-06   0.00000000e+00   0.00000000e+00   1.98420409e-13  -8.15123519e-26  -9.06648893e-26  -7.68568868e-56
  5.20000000e-06   0.00000000e+00   0.00000000e+00  -2.46398569e-13   1.01222082e-25   1.12587707e-25  -1.18398739e-55
  5.28000000e-06   0.00000000e+00   0.00000000e+00   8.08262880e-13  -3.32039474e-25  -3.69322213e-25  -1.27442698e-54
  5.36000000e-06   0.00000000e+00   0.00000000e+00  -1.89454560e-13   7.78291249e-26   8.65680946e-26  -6.99877307e-56
  5.44000000e-06   0.00000000e+00   0.00000000e+00   7.11070447e-13  -2.92112212e-25  -3.24911755e-25  -9.86341147e-55
  5.52000000e-06   0.00000000e+00   0.00000000e+00   2.30590278e-13  -9.47279363e-26  -1.05364373e-25  -1.03742899e-55
  5.60000000e-06   0.00000000e+00   0.00000000e+00   3.36721547e-13  -1.38327329e-25  -1.53859283e-25  -2.21204495e-55
  5.68000000e-06   0.00000000e+00   0.00000000e+00   2.61782025e-13  -1.07541702e-25  -1.19616921e-25  -1.33707230e-55
  5.76000000e-06   0.00000000e+00   0.00000000e+00   3.54632443e-13  -1.45685238e-25  -1.62043367e-25  -2.45317765e-55
  5.84000000e-06   0.00000000e+00   0.00000000e+00   2.48899955e-14  -1.02249667e-26  -1.13730674e-26  -1.21252003e-57
  5.92000000e-06   0.00000000e+00   0.00000000e+00   2.94654039e-13  -1.21045732e-25  -1.34637238e-25  -1.69347035e-55
  6.00000000e-06   0.00000000e+00   0.00000000e+00   7.34753973e-14  -3.01841553e-26  -3.35733546e-26  -1.05442531e-56
  6.08000000e-06   0.00000000e+00   0.00000000e+00   2.34675635e-13  -9.64062266e-26  -1.07231109e-25  -1.07413700e-55
  6.16000000e-06   0.00000000e+00   0.00000000e+00   1.22060799e-13  -5.01433440e-26  -5.57736419e-26  -2.90870192e-56
  6.24000000e-06   0.00000000e+00   0.00000000e+00   1.74697230e-13  -7.17667208e-26  -7.98249792e-26  -5.95177618e-56
  6.32000000e-06   0.00000000e+00   0.00000000e+00   1.70646201e-13  -7.01025326e-26  -7.79739291e-26  -5.68408181e-56
  6.40000000e-06   0.00000000e+00   0.00000000e+00   3.02494554e-13  -1.24266665e-25  -1.38219830e-25  -1.78502499e-55
  6.48000000e-06   0.00000000e+00   0.00000000e+00   4.62857875e-13  -1.90144926e-25  -2.11495169e-25  -4.17950103e-55
  6.56000000e-06   0.00000000e+00   0.00000000e+00   2.19784628e-13  -9.02889075e-26  -1.00426912e-25  -9.42619308e-56
  6.64000000e-06   0.00000000e+00   0.00000000e+00   4.19655957e-13  -1.72397306e-25  -1.91754775e-25  -3.43567468e-55
  6.72000000e-06   0.00000000e+00   0.00000000e+00   2.80210111e-13  -1.15112076e-25  -1.28037327e-25  -1.53212128e-55
  6.80000000e-06   0.00000000e+00   0.00000000e+00   3.04477703e-13  -1.25081355e-25  -1.39125997e-25  -1.80856778e-55
  6.88000000e-06   0.00000000e+00   0.00000000e+00   3.53782569e-13  -1.45336104e-25  -1.61655031e-25  -2.44206310e-55
  6.96000000e-06   0.00000000e+00   0.00000000e+00   3.72080368e-13  -1.52852955e-25  -1.70015905e-25  -2.70087891e-55
  7.04000000e-06   0.00000000e+00   0.00000000e+00   4.14413692e-13  -1.70243751e-25  -1.89359410e-25  -3.35080908e-55
  7.12000000e-06   0.00000000e+00   0.00000000e+00   4.39683032e-13  -1.80624555e-25  -2.00905812e-25  -3.77152002e-55
  7.20000000e-06   0.00000000e+00   0.00000000e+00   4.75044816e-13  -1.95151398e-25  -2.17063788e-25  -4.40300090e-55
  7.28000000e-06   0.00000000e+00   0.00000000e+00   5.07285697e-13  -2.08396155e-25  -2.31795720e-25  -5.02049112e-55
  7.36000000e-06   0.00000000e+00   0.00000000e+00   6.01547777e-13  -2.47119610e-25  -2.74867202e-25  -7.06004794e-55
  7.44000000e-06   0.00000000e+00   0.00000000e+00   5.67768868e-13  -2.33243022e-25  -2.59432494e-25  -6.28938081e-55
  7.52000000e-06   7.88130744e-15   1.68681250e-15   5.96963832e-13  -2.53448003e-25  -2.34405958e-25   4.00845144e-27
  7.60000000e-06   4.46663047e-14   2.20863457e-14   5.45801799e-13  -3.31736492e-25  -3.19567085e-26   2.84411853e-26
  7.68000000e-06   2.90411634e-13   1.86113716e-13   4.45217073e-13  -1.08891091e-24   1.21030708e-24   2.04344477e-25
  7.76000000e-06   1.09073628e-13   2.86018199e-14  -1.48739882e-13  -7.81321279e-26   5.98941287e-25   5.78772557e-26
  7.84000000e-06   3.89316405e-13   2.35661652e-13   5.01198258e-13  -1.35311072e-24   1.66620188e-24   2.67615280e-25
  7.92000000e-06  -5.11799376e-14  -1.34206539e-14   8.95888084e-13  -3.02703896e-25  -6.58508149e-25  -2.71573837e-26
  8.00000000e-06   0.00000000e+00   0.00000000e+00   5.96187950e-13  -2.44917759e-25  -2.72418118e-25  -6.93512143e-55
  8.08000000e-06   0.00000000e+00   0.00000000e+00   8.95329876e-13  -3.67807144e-25  -4.09106021e-25  -1.56393246e-54
  8.16000000e-06   0.00000000e+00   0.00000000e+00   6.12520663e-13  -2.51627341e-25  -2.79881078e-25  -7.32029548e-55
  8.24000000e-06   0.00000000e+00   0.00000000e+00   5.80075469e-13  -2.38298651e-25  -2.65055789e-25  -6.56528529e-55
  8.32000000e-06   0.00000000e+00   0.00000000e+00   5.98310155e-13  -2.45789574e-25  -2.73387824e-25  -6.98407109e-55
  8.40000000e-06   0.00000000e+00   0.00000000e+00   5.44714341e-13  -2.23772077e-25  -2.48898113e-25  -5.78926436e-55
  8.48000000e-06   0.00000000e+00   0.00000000e+00   5.62243655e-13  -2.30973230e-25  -2.56907840e-25  -6.16743151e-55
  8.56000000e-06   0.00000000e+00   0.00000000e+00   5.09353213e-13  -2.09245503e-25  -2.32740436e-25  -5.06203546e-55
  8.64000000e-06   0.00000000e+00   0.00000000e+00   5.26177156e-13  -2.16156885e-25  -2.40427856e-25  -5.40154995e-55
  8.72000000e-06   0.00000000e+00   0.00000000e+00   4.73992084e-13  -1.94718929e-25  -2.16582760e-25  -4.38359860e-55
  8.80000000e-06   0.00000000e+00   0.00000000e+00   4.30461792e-13  -1.76836412e-25  -1.96692321e-25  -3.61527437e-55
  8.88000000e-06   0.00000000e+00   0.00000000e+00   4.09442927e-13  -1.68201730e-25  -1.87088102e-25  -3.27083820e-55
  8.96000000e-06   0.00000000e+00   0.00000000e+00   6.75569522e-13  -2.77528208e-25  -3.08690201e-25  -8.90444910e-55
  9.04000000e-06   0.00000000e+00   0.00000000e+00   3.69907060e-13  -1.51960146e-25  -1.69022848e-25  -2.66967350e-55
  9.12000000e-06   0.00000000e+00   0.00000000e+00   2.37468779e-13  -9.75536677e-26  -1.08507389e-25  -1.10052518e-55
  9.20000000e-06   0.00000000e+00   0.00000000e+00   5.70343434e-13  -2.34300670e-25  -2.60608899e-25  -6.34596369e-55
  9.28000000e-06   0.00000000e+00   0.00000000e+00   2.46023817e-13  -1.01068131e-25  -1.12416471e-25  -1.18123708e-55
  9.36000000e-06   0.00000000e+00   0.00000000e+00   4.77699506e-13  -1.96241961e-25  -2.18276804e-25  -4.45170236e-55
  9.44000000e-06   0.00000000e+00   0.00000000e+00   2.54578856e-13  -1.04582595e-25  -1.16325553e-25  -1.26480487e-55
  9.52000000e-06   0.00000000e+00   0.00000000e+00   3.85055578e-13  -1.58183253e-25  -1.75944710e-25  -2.89235299e-55
  9.60000000e-06   0.00000000e+00   0.00000000e+00   2.63133895e-13  -1.08097059e-25  -1.20234635e-25  -1.35122854e-55
  9.68000000e-06   0.00000000e+00   0.00000000e+00   2.92411650e-13  -1.20124545e-25  -1.33612616e-25  -1.66791557e-55
  9.76000000e-06   0.00000000e+00   0.00000000e+00   2.71688933e-13  -1.11611522e-25  -1.24143717e-25  -1.44050810e-55
  9.84000000e-06   0.00000000e+00   0.00000000e+00   4.38442377e-13  -1.80114886e-25  -2.00338915e-25  -3.75028208e-55
  9.92000000e-06   0.00000000e+00   0.00000000e+00   7.38945034e-13  -3.03563267e-25  -3.37648582e-25  -1.06537672e-54
  1.00000000e-05   0.00000000e+00   0.00000000e+00   4.60153851e-13  -1.89034096e-25  -2.10259611e-25  -4.13091563e-55
  1.00800000e-05   0.00000000e+00   0.00000000e+00   3.65928088e-13  -1.50325560e-25  -1.67204723e-25  -2.61282547e-55
  1.01600000e-05   0.00000000e+00   0.00000000e+00   1.90103280e-13  -7.80956228e-26  -8.68645159e-26  -7.05255322e-56
  1.02400000e-05   0.00000000e+00   0.00000000e+00   3.36569386e-13  -1.38264821e-25  -1.53789755e-25  -2.20986287e-55
  1.03200000e-05   0.00000000e+00   0.00000000e+00   2.15526034e-13  -8.85394502e-26  -9.84810185e-26  -9.06472815e-56
  1.04000000e-05   0.00000000e+00   0.00000000e+00   2.73426448e-13  -1.12325304e-25  -1.24937645e-25  -1.45842954e-55
  1.04800000e-05   0.00000000e+00   0.00000000e+00   2.40948788e-13  -9.89832775e-26  -1.10097521e-25  -1.13291012e-55
  1.05600000e-05   0.00000000e+00   0.00000000e+00   2.10283510e-13  -8.63857883e-26  -9.60855348e-26  -8.62573531e-56
  1.06400000e-05   0.00000000e+00   0.00000000e+00   2.66371542e-13  -1.09427105e-25  -1.21714024e-25  -1.38456725e-55
  1.07200000e-05   0.00000000e+00   0.00000000e+00   1.47140572e-13  -6.04462722e-26  -6.72334247e-26  -4.22294853e-56
  1.08000000e-05   0.00000000e+00   0.00000000e+00   6.89791109e-13  -2.83370526e-25  -3.15188517e-25  -9.28435470e-55
  1.08800000e-05   0.00000000e+00   0.00000000e+00   1.07154333e-12  -4.40196740e-25  -4.89623814e-25  -2.23999988e-54
  1.09600000e-05   0.00000000e+00   0.00000000e+00   3.97796797e-13  -1.63417426e-25  -1.81766597e-25  -3.08744567e-55
  1.10400000e-05   0.00000000e+00   0.00000000e+00   1.35261231e-13  -5.55661645e-26  -6.18053586e-26  -3.56902570e-56
  1.11200000e-05   0.00000000e+00   0.00000000e+00   4.55370879e-13  -1.87069221e-25  -2.08074112e-25  -4.04581482e-55
  1.12000000e-05   0.00000000e+00   0.00000000e+00   1.63081418e-13  -6.69948720e-26  -7.45173278e-26  -5.18827315e-56
  1.12800000e-05   0.00000000e+00   0.00000000e+00   5.12944962e-13  -2.10721016e-25  -2.34381626e-25  -5.13352932e-55
  1.13600000e-05   0.00000000e+00   0.00000000e+00   4.76239992e-13  -1.95642384e-25  -2.17609904e-25  -4.42513814e-55
  1.14400000e-05   0.00000000e+00   0.00000000e+00   2.70303709e-13  -1.11042463e-25  -1.23510761e-25  -1.42540690e-55
  1.15200000e-05   0.00000000e+00   0.00000000e+00   5.33814074e-13  -2.19294179e-25  -2.43917418e-25  -5.55973698e-55
  1.16000000e-05   0.00000000e+00   0.00000000e+00   2.98123895e-13  -1.22471171e-25  -1.36222731e-25  -1.73392935e-55
  1.16800000e-05   0.00000000e+00   0.00000000e+00   5.91388156e-13  -2.42945974e-25  -2.70224933e-25  -6.82368115e-55
  1.17600000e-05   0.00000000e+00   0.00000000e+00   3.25944082e-13  -1.33899879e-25  -1.48934700e-25  -2.07265248e-55
  1.18400000e-05   0.00000000e+00   0.00000000e+00   1.64957394e-12  -6.77655349e-25  -7.53745238e-25  -5.30889388e-54
  1.19200000e-05   0.00000000e+00   0.00000000e+00   4.58759031e-13  -1.88461095e-25  -2.09622271e-25  -4.10543050e-55
  1.20000000e-05   0.00000000e+00   0.00000000e+00   5.45142450e-13  -2.23947947e-25  -2.49093730e-25  -5.79886209e-55
  1.20800000e-05   0.00000000e+00   0.00000000e+00   4.90037753e-13  -2.01310591e-25  -2.23914560e-25  -4.68439452e-55
  1.21600000e-05   0.00000000e+00   0.00000000e+00   6.04274653e-13  -2.48239828e-25  -2.76113202e-25  -7.12501935e-55
  1.22400000e-05   0.00000000e+00   0.00000000e+00   5.21316475e-13  -2.14160087e-25  -2.38206849e-25  -5.30153491e-55
  1.23200000e-05   0.00000000e+00   0.00000000e+00   6.63406856e-13  -2.72531709e-25  -3.03132674e-25  -8.58761761e-55
  1.24000000e-05   0.00000000e+00   0.00000000e+00   5.52595196e-13  -2.27009582e-25  -2.52499138e-25  -5.95685168e-55
  1.24800000e-05   0.00000000e+00   0.00000000e+00   7.22539058e-13  -2.96823589e-25  -3.30152145e-25  -1.01866568e-54
  1.25600000e-05   0.00000000e+00   0.00000000e+00   4.41181114e-13  -1.81239976e-25  -2.01590336e-25  -3.79812983e-55
  1.26400000e-05   0.00000000e+00   0.00000000e+00   9.10437325e-13  -3.74013379e-25  -4.16009117e-25  -1.61706659e-54
  1.27200000e-05   0.00000000e+00   0.00000000e+00   5.00313317e-13  -2.05531857e-25  -2.28609807e-25  -4.88440786e-55
  1.28000000e-05   0.00000000e+00   0.00000000e+00   8.05970964e-13  -3.31097941e-25  -3.68274960e-25  -1.26731319e-54
  1.28800000e-05   0.00000000e+00   0.00000000e+00   1.07914675e-14  -4.43320274e-27  -4.93098071e-27  -2.32317396e-58
  1.29600000e-05   0.00000000e+00   0.00000000e+00   1.34814314e-12  -5.53825682e-25  -6.16011474e-25  -3.54541113e-54
  1.30400000e-05   0.00000000e+00   0.00000000e+00   3.77934478e-14  -1.55257860e-26  -1.72690842e-26  -2.80457660e-57
  1.31200000e-05   0.00000000e+00   0.00000000e+00   1.18307364e-12  -4.86014094e-25  -5.40585726e-25  -2.73028562e-54
  1.32000000e-05   0.00000000e+00   0.00000000e+00   6.47954281e-14  -2.66183694e-26  -2.96071878e-26  -8.22187313e-57
  1.32800000e-05   0.00000000e+00   0.00000000e+00   1.01800415e-12  -4.18202506e-25  -4.65159979e-25  -2.02148389e-54
  1.33600000e-05   0.00000000e+00   0.00000000e+00   9.17974083e-14  -3.77109527e-26  -4.19452913e-26  -1.64842070e-56
  1.34400000e-05   0.00000000e+00   0.00000000e+00   8.52934650e-13  -3.50390918e-25  -3.89734231e-25  -1.41900593e-54
  1.35200000e-05   0.00000000e+00   0.00000000e+00   1.18799389e-13  -4.88035360e-26  -5.42833948e-26  -2.75915781e-56
  1.36000000e-05   0.00000000e+00   0.00000000e+00   6.87865152e-13  -2.82579331e-25  -3.14308483e-25  -9.22851756e-55
  1.36800000e-05   0.00000000e+00   0.00000000e+00   2.96737158e-13  -1.21901491e-25  -1.35589084e-25  -1.71767042e-55
  1.37600000e-05   0.00000000e+00   0.00000000e+00   5.45263335e-13  -2.23997607e-25  -2.49148967e-25  -5.80110307e-55
  1.38400000e-05   0.00000000e+00   0.00000000e+00   4.43901999e-13  -1.82357733e-25  -2.02833599e-25  -3.84430846e-55
  1.39200000e-05   0.00000000e+00   0.00000000e+00   1.13721508e-13  -4.67175106e-26  -5.19631421e-26  -2.52361886e-56
  1.40000000e-05   0.00000000e+00   0.00000000e+00   4.21591623e-13  -1.73192490e-25  -1.92639245e-25  -3.46758222e-55
  1.40800000e-05   0.00000000e+00   0.00000000e+00   1.71356974e-13  -7.03945225e-26  -7.82987049e-26  -5.72951635e-56
  1.41600000e-05   0.00000000e+00   0.00000000e+00   3.99281246e-13  -1.64027247e-25  -1.82444891e-25  -3.11027873e-55
  1.42400000e-05   0.00000000e+00   0.00000000e+00   2.28992440e-13  -9.40715344e-26  -1.04634268e-25  -1.02316268e-55
  1.43200000e-05   0.00000000e+00   0.00000000e+00   3.76970870e-13  -1.54862004e-25  -1.72250538e-25  -2.77239798e-55
  1.44000000e-05   0.00000000e+00   0.00000000e+00   2.86627906e-13  -1.17748546e-25  -1.30969830e-25  -1.60299502e-55
  1.44800000e-05   0.00000000e+00   0.00000000e+00   3.54660493e-13  -1.45696761e-25  -1.62056184e-25  -2.45393998e-55
  1.45600000e-05   0.00000000e+00   0.00000000e+00   3.44263372e-13  -1.41425558e-25  -1.57305393e-25  -2.31244865e-55
  1.46400000e-05   0.00000000e+00   0.00000000e+00   6.19779535e-13  -2.54609331e-25  -2.83197899e-25  -7.49426644e-55
  1.47200000e-05   0.00000000e+00   0.00000000e+00   5.42442364e-13  -2.22838735e-25  -2.47859971e-25  -5.74127652e-55
  1.48000000e-05   0.00000000e+00   0.00000000e+00   4.51487371e-13  -1.85473851e-25  -2.06299607e-25  -3.97686985e-55
  1.48800000e-05   0.00000000e+00   0.00000000e+00   4.91479327e-13  -2.01902798e-25  -2.24573263e-25  -4.71192568e-55
  1.49600000e-05   0.00000000e+00   0.00000000e+00   3.45235388e-13  -1.41824869e-25  -1.57749540e-25  -2.32592646e-55
  1.50400000e-05   0.00000000e+00   0.00000000e+00   3.16115455e-14  -1.29862217e-26  -1.44443673e-26  -1.95449566e-57
  1.51200000e-05   0.00000000e+00   0.00000000e+00   8.01603347e-13  -3.29303696e-25  -3.66279250e-25  -1.25353787e-54
  1.52000000e-05   0.00000000e+00   0.00000000e+00   1.64555787e-13  -6.76005524e-26  -7.51910164e-26  -5.28566904e-56
  1.52800000e-05   0.00000000e+00   0.00000000e+00   7.54955385e-13  -3.10140420e-25  -3.44964244e-25  -1.11188022e-54
  1.53600000e-05   0.00000000e+00   0.00000000e+00   2.97500029e-13  -1.22214883e-25  -1.35937666e-25  -1.72725006e-55
  1.54400000e-05   0.00000000e+00   0.00000000e+00   7.08307423e-13  -2.90977144e-25  -3.23649237e-25  -9.78713631e-55
  1.55200000e-05   0.00000000e+00   0.00000000e+00   5.56597673e-13  -2.28653825e-25  -2.54328003e-25  -6.04531436e-55
  1.56000000e-05   0.00000000e+00   0.00000000e+00   7.21845853e-13  -2.96538816e-25  -3.29835396e-25  -1.01650462e-54
  1.56800000e-05   0.00000000e+00   0.00000000e+00   5.65312131e-13  -2.32233779e-25  -2.58309929e-25  -6.23607972e-55
  1.57600000e-05   0.00000000e+00   0.00000000e+00   6.17637125e-13  -2.53729215e-25  -2.82218960e-25  -7.44182402e-55
  1.58400000e-05   0.00000000e+00   0.00000000e+00   5.74026590e-13  -2.35813733e-25  -2.62291855e-25  -6.42980839e-55
  1.59200000e-05   0.00000000e+00   0.00000000e+00   4.70529789e-13  -1.93296596e-25  -2.15000722e-25  -4.31999516e-55
  1.60000000e-05   0.00000000e+00   0.00000000e+00   1.19600533e-12  -4.91326513e-25  -5.46494645e-25  -2.79070997e-54
  1.60800000e-05   0.00000000e+00   0.00000000e+00   5.01320100e-13  -2.05945450e-25  -2.29069840e-25  -4.90384408e-55
  1.61600000e-05   0.00000000e+00   0.00000000e+00   1.20129645e-12  -4.93500138e-25  -5.48912334e-25  -2.81545728e-54
  1.62400000e-05   0.00000000e+00   0.00000000e+00   1.40254258e-12  -5.76173313e-25  -6.40868388e-25  -3.83780825e-54
  1.63200000e-05   0.00000000e+00   0.00000000e+00   3.48904999e-13  -1.43332368e-25  -1.59426307e-25  -2.37540755e-55
  1.64000000e-05   0.00000000e+00   0.00000000e+00   1.40783370e-12  -5.78346938e-25  -6.43286077e-25  -3.86681981e-54
  1.64800000e-05   0.00000000e+00   0.00000000e+00   8.28147474e-13  -3.40208191e-25  -3.78408145e-25  -1.33790337e-54
  1.65600000e-05   0.00000000e+00   0.00000000e+00   3.88468037e-13  -1.59585113e-25  -1.77503976e-25  -2.94507495e-55
  1.66400000e-05   0.00000000e+00   0.00000000e+00   7.96998958e-13  -3.27412184e-25  -3.64175351e-25  -1.23914649e-54
  1.67200000e-05   0.00000000e+00   0.00000000e+00   4.42736046e-13  -1.81878752e-25  -2.02300836e-25  -3.82525988e-55
  1.68000000e-05   0.00000000e+00   0.00000000e+00   7.65850441e-13  -3.14616178e-25  -3.49942558e-25  -1.14417553e-54
  1.68800000e-05   0.00000000e+00   0.00000000e+00   4.49174153e-13  -1.84523567e-25  -2.05242621e-25  -3.93728231e-55
  1.69600000e-05   0.00000000e+00   0.00000000e+00   2.58713922e-13  -1.06281306e-25  -1.18215002e-25  -1.30545212e-55
  1.70400000e-05   0.00000000e+00   0.00000000e+00   4.41837150e-13  -1.81509480e-25  -2.01890100e-25  -3.80972094e-55
  1.71200000e-05   0.00000000e+00   0.00000000e+00   1.28941354e-13  -5.29699193e-26  -5.89175965e-26  -3.24160020e-56
  1.72000000e-05   0.00000000e+00   0.00000000e+00   4.34500148e-13  -1.78495393e-25  -1.98537580e-25  -3.68426012e-55
  1.72800000e-05   0.00000000e+00   0.00000000e+00  -8.31213262e-16   3.41467636e-28   3.79809006e-28  -1.49211259e-60
  1.73600000e-05   0.00000000e+00   0.00000000e+00   5.05201946e-13  -2.07540137e-25  -2.30843585e-25  -4.98082615e-55
  1.74400000e-05   0.00000000e+00   0.00000000e+00   3.93971351e-13  -1.61845909e-25  -1.80018623e-25  -3.02727674e-55
  1.75200000e-05   0.00000000e+00   0.00000000e+00   9.16087809e-13  -3.76334633e-25  -4.18591011e-25  -1.63711454e-54
  1.76000000e-05   0.00000000e+00   0.00000000e+00   1.17056689e-13  -4.80876241e-26  -5.34870975e-26  -2.67615102e-56
  1.76800000e-05   0.00000000e+00   0.00000000e+00   8.88069191e-13  -3.64824409e-25  -4.05788372e-25  -1.53849650e-54
  1.77600000e-05   0.00000000e+00   0.00000000e+00   2.15710362e-13  -8.86151733e-26  -9.85652442e-26  -9.08351091e-56
  1.78400000e-05   0.00000000e+00   0.00000000e+00   8.60050574e-13  -3.53314185e-25  -3.92985734e-25  -1.44294177e-54
  1.79200000e-05   0.00000000e+00   0.00000000e+00   5.56465779e-13  -2.28599642e-25  -2.54267736e-25  -6.04131960e-55
  1.80000000e-05   0.00000000e+00   0.00000000e+00  -3.89753837e-13   1.60113328e-25   1.78091501e-25  -2.96359163e-55
  1.80800000e-05   0.00000000e+00   0.00000000e+00   4.92139428e-13  -2.02173972e-25  -2.24874885e-25  -4.72530296e-55
  1.81600000e-05   0.00000000e+00   0.00000000e+00  -4.13432023e-13   1.69840475e-25   1.88910852e-25  -3.33462849e-55
  1.82400000e-05   0.00000000e+00   0.00000000e+00   3.97967634e-13  -1.63487607e-25  -1.81844658e-25  -3.09064921e-55
  1.83200000e-05   0.00000000e+00   0.00000000e+00   5.90043411e-13  -2.42393544e-25  -2.69610474e-25  -6.79154434e-55
  1.84000000e-05   0.00000000e+00   0.00000000e+00   5.14507941e-13  -2.11363098e-25  -2.35095803e-25  -5.16557368e-55
  1.84800000e-05   0.00000000e+00   0.00000000e+00   5.51019612e-13  -2.26362322e-25  -2.51779201e-25  -5.92284053e-55
  1.85600000e-05   0.00000000e+00   0.00000000e+00   6.31048247e-13  -2.59238589e-25  -2.88346948e-25  -7.77046542e-55
  1.86400000e-05   0.00000000e+00   0.00000000e+00   5.11995813e-13  -2.10331100e-25  -2.33947929e-25  -5.11355989e-55
  1.87200000e-05   0.00000000e+00   0.00000000e+00   8.71373760e-13  -3.57965821e-25  -3.98159674e-25  -1.48125871e-54
  1.88000000e-05   0.00000000e+00   0.00000000e+00   4.26968860e-13  -1.75401493e-25  -1.95096284e-25  -3.55746529e-55
  1.88800000e-05   0.00000000e+00   0.00000000e+00   8.32349960e-13  -3.41934599e-25  -3.80328401e-25  -1.35154898e-54
  1.89600000e-05   0.00000000e+00   0.00000000e+00  -5.62588269e-13   2.31114799e-25   2.57065306e-25  -6.17402163e-55
  1.90400000e-05   0.00000000e+00   0.00000000e+00   2.56124745e-13  -1.05217656e-25  -1.17031921e-25  -1.27934485e-55
  1.91200000e-05   0.00000000e+00   0.00000000e+00  -5.47323417e-13   2.24843902e-25   2.50090287e-25  -5.84349441e-55
  1.92000000e-05   0.00000000e+00   0.00000000e+00   5.03974361e-13  -2.07035837e-25  -2.30282660e-25  -4.95602656e-55
  1.92800000e-05   0.00000000e+00   0.00000000e+00   9.07305751e-13  -3.72726909e-25  -4.14578197e-25  -1.60600579e-54
  1.93600000e-05   0.00000000e+00   0.00000000e+00   5.31892882e-13  -2.18504941e-25  -2.43039562e-25  -5.52029736e-55
  1.94400000e-05   0.00000000e+00   0.00000000e+00   8.65820326e-13  -3.55684435e-25  -3.95622125e-25  -1.46249383e-54
  1.95200000e-05   0.00000000e+00   0.00000000e+00   5.59811404e-13  -2.29974045e-25  -2.55796463e-25  -6.11498273e-55
  1.96000000e-05   0.00000000e+00   0.00000000e+00   8.24334900e-13  -3.38641962e-25  -3.76666054e-25  -1.32569751e-54
  1.96800000e-05   0.00000000e+00   0.00000000e+00   5.87729925e-13  -2.41443150e-25  -2.68553365e-25  -6.74008266e-55
  1.97600000e-05   0.00000000e+00   0.00000000e+00   7.82849475e-13  -3.21599488e-25  -3.57709982e-25  -1.19561684e-54
  1.98400000e-05   0.00000000e+00   0.00000000e+00   6.15648446e-13  -2.52912254e-25  -2.81310267e-25  -7.39559715e-55
  1.99200000e-05   0.00000000e+00   0.00000000e+00  -1.79333245e-13   7.36712248e-26   8.19433285e-26  -6.27128136e-56
  2.00000000e-05   0.00000000e+00   0.00000000e+00  -5.62592152e-13   2.31116394e-25   2.57067080e-25  -6.17419175e-55
  2.00800000e-05   0.00000000e+00   0.00000000e+00   2.75212671e-13  -1.13059096e-25  -1.25753830e-25  -1.47837235e-55
  2.01600000e-05   0.00000000e+00   0.00000000e+00   1.28235621e-12  -5.26799997e-25  -5.85951236e-25  -3.20803144e-54
  2.02400000e-05   0.00000000e+00   0.00000000e+00   4.09139087e-13  -1.68076910e-25  -1.86949267e-25  -3.26685553e-55
  2.03200000e-05   0.00000000e+00   0.00000000e+00   1.30902333e-12  -5.37755016e-25  -5.98136329e-25  -3.34285050e-54
  2.04000000e-05   0.00000000e+00   0.00000000e+00   5.43065503e-13  -2.23094724e-25  -2.48144704e-25  -5.75522781e-55
  2.04800000e-05   0.00000000e+00   0.00000000e+00   1.33569044e-12  -5.48710034e-25  -6.10321421e-25  -3.48044447e-54
  2.05600000e-05   0.00000000e+00   0.00000000e+00   6.76991919e-13  -2.78112538e-25  -3.09340141e-25  -8.94348919e-55
  2.06400000e-05   0.00000000e+00   0.00000000e+00   1.36235756e-12  -5.59665053e-25  -6.22506514e-25  -3.62081334e-54
  2.07200000e-05   0.00000000e+00   0.00000000e+00   8.10918335e-13  -3.33130352e-25  -3.70535578e-25  -1.28316397e-54
  2.08000000e-05   0.00000000e+00   0.00000000e+00   1.38902467e-12  -5.70620072e-25  -6.34691606e-25  -3.76395713e-54
  2.08800000e-05   0.00000000e+00   0.00000000e+00   9.44844751e-13  -3.88148166e-25  -4.31731015e-25  -1.74196792e-54
  2.09600000e-05   0.00000000e+00   0.00000000e+00   9.22397184e-13  -3.78926565e-25  -4.21473975e-25  -1.65983959e-54
  2.10400000e-05   0.00000000e+00   0.00000000e+00   1.04689710e-12  -4.30071914e-25  -4.78362132e-25  -2.13856927e-54
  2.11200000e-05   0.00000000e+00   0.00000000e+00   1.28049982e-12  -5.26037379e-25  -5.85102988e-25  -3.19880132e-54
  2.12000000e-05   0.00000000e+00   0.00000000e+00   1.73475710e-12  -7.12649128e-25  -7.92668260e-25  -5.87104836e-54
  2.12800000e-05   0.00000000e+00   0.00000000e+00   6.72011099e-13  -2.76066386e-25  -3.07064239e-25  -8.81242267e-55
  2.13600000e-05   0.00000000e+00   0.00000000e+00   1.61272924e-12  -6.62519314e-25  -7.36909667e-25  -5.07410065e-54
  2.14400000e-05   0.00000000e+00   0.00000000e+00   7.65601239e-13  -3.14513804e-25  -3.49828689e-25  -1.14376929e-54
  2.15200000e-05   0.00000000e+00   0.00000000e+00   1.49070137e-12  -6.12389499e-25  -6.81151074e-25  -4.33525810e-54
  2.16000000e-05   0.00000000e+00   0.00000000e+00   8.59191378e-13  -3.52961222e-25  -3.92593138e-25  -1.44047511e-54
  2.16800000e-05   0.00000000e+00   0.00000000e+00   1.36867351e-12  -5.62259685e-25  -6.25392482e-25  -3.65452071e-54
  2.17600000e-05   0.00000000e+00   0.00000000e+00   9.52781518e-13  -3.91408640e-25  -4.35357588e-25  -1.77135975e-54
  2.18400000e-05   0.00000000e+00   0.00000000e+00   1.24664564e-12  -5.12129871e-25  -5.69633889e-25  -3.03188850e-54
  2.19200000e-05   0.00000000e+00   0.00000000e+00   1.08840465e-12  -4.47123477e-25  -4.97328314e-25  -2.31136650e-54
  2.20000000e-05   0.00000000e+00   0.00000000e+00   1.09279434e-12  -4.48926789e-25  -4.99334108e-25  -2.32986403e-54
  2.20800000e-05   0.00000000e+00   0.00000000e+00   1.26046299e-12  -5.17806125e-25  -5.75947495e-25  -3.09980092e-54
  2.21600000e-05   0.00000000e+00   0.00000000e+00   1.17321475e-12  -4.81963999e-25  -5.36080870e-25  -2.68540395e-54
  2.22400000e-05   0.00000000e+00   0.00000000e+00   1.28321860e-12  -5.27154270e-25  -5.86345288e-25  -3.21273402e-54
  2.23200000e-05   0.00000000e+00   0.00000000e+00   1.25363516e-12  -5.15001209e-25  -5.72827632e-25  -3.06618039e-54
  2.24000000e-05   0.00000000e+00   0.00000000e+00   1.38489592e-12  -5.68923954e-25  -6.32805041e-25  -3.74188746e-54
  2.24800000e-05   0.00000000e+00   0.00000000e+00   1.22630145e-12  -5.03772347e-25  -5.60337948e-25  -2.93405518e-54
  2.25600000e-05   0.00000000e+00   0.00000000e+00   1.46531633e-12  -6.01961164e-25  -6.69551803e-25  -4.18909099e-54
  2.26400000e-05   0.00000000e+00   0.00000000e+00   1.24905705e-12  -5.13120492e-25  -5.70735741e-25  -3.04395493e-54
  2.27200000e-05   0.00000000e+00   0.00000000e+00   1.54573674e-12  -6.34998373e-25  -7.06298564e-25  -4.66153102e-54
  2.28000000e-05   0.00000000e+00   0.00000000e+00   1.25378018e-12  -5.15060784e-25  -5.72893897e-25  -3.06684873e-54
  2.28800000e-05   0.00000000e+00   0.00000000e+00   1.15885308e-12  -4.76064134e-25  -5.29518544e-25  -2.62023905e-54
  2.29600000e-05   0.00000000e+00   0.00000000e+00   1.08753918e-12  -4.46767934e-25  -4.96932848e-25  -2.30772300e-54
  2.30400000e-05   0.00000000e+00   0.00000000e+00   1.56707459e-12  -6.43764098e-25  -7.16048540e-25  -4.79105244e-54
  2.31200000e-05   0.00000000e+00   0.00000000e+00   1.09126813e-12  -4.48299809e-25  -4.98636729e-25  -2.32357505e-54
  2.32000000e-05   0.00000000e+00   0.00000000e+00   1.45757777e-12  -5.98782114e-25  -6.66015796e-25  -4.14489867e-54
  2.32800000e-05   0.00000000e+00   0.00000000e+00   1.09499707e-12  -4.49831685e-25  -5.00340610e-25  -2.33948137e-54
  2.33600000e-05   0.00000000e+00   0.00000000e+00   1.34808094e-12  -5.53800130e-25  -6.15983053e-25  -3.54552917e-54
  2.34400000e-05   0.00000000e+00   0.00000000e+00   1.09872602e-12  -4.51363560e-25  -5.02044490e-25  -2.35544194e-54
  2.35200000e-05   0.00000000e+00   0.00000000e+00   1.23858412e-12  -5.08818145e-25  -5.65950309e-25  -2.99294393e-54
  2.36000000e-05   0.00000000e+00   0.00000000e+00   1.10245497e-12  -4.52895436e-25  -5.03748371e-25  -2.37145676e-54
  2.36800000e-05   0.00000000e+00   0.00000000e+00   8.30837148e-13  -3.41313126e-25  -3.79637147e-25  -1.34689595e-54
  2.37600000e-05   0.00000000e+00   0.00000000e+00   9.16251583e-13  -3.76401913e-25  -4.18665845e-25  -1.63790584e-54
  2.38400000e-05   0.00000000e+00   0.00000000e+00   7.58160919e-13  -3.11457274e-25  -3.46428959e-25  -1.12151537e-54
  2.39200000e-05   0.00000000e+00   0.00000000e+00   8.94209533e-13  -3.67346900e-25  -4.08594099e-25  -1.56004766e-54
  2.40000000e-05   0.00000000e+00   0.00000000e+00   9.31963426e-13  -3.82856437e-25  -4.25845109e-25  -1.69464131e-54
  2.40800000e-05   0.00000000e+00   0.00000000e+00   8.74981117e-13  -3.59447746e-25  -3.99807995e-25  -1.49366933e-54
  2.41600000e-05   0.00000000e+00   0.00000000e+00   9.42533417e-13  -3.87198656e-25  -4.30674890e-25  -1.73329871e-54
  2.42400000e-05   0.00000000e+00   0.00000000e+00   7.91250835e-13  -3.25050820e-25  -3.61548843e-25  -1.22147462e-54
  2.43200000e-05   0.00000000e+00   0.00000000e+00   9.53103408e-13  -3.91540874e-25  -4.35504671e-25  -1.77239208e-54
  2.44000000e-05   0.00000000e+00   0.00000000e+00   7.07520553e-13  -2.90653893e-25  -3.23289690e-25  -9.76636484e-55
  2.44800000e-05   0.00000000e+00   0.00000000e+00   9.63673399e-13  -3.95883093e-25  -4.40334451e-25  -1.81192140e-54
  2.45600000e-05  -1.13098631e-06  -8.76822888e-07   6.11496399e-13   4.26842667e-18  -5.50571015e-18  -8.65272102e-19
  2.46400000e-05  -2.03548826e-06  -1.58040579e-06   4.47805515e-13   7.69350301e-18  -9.90887015e-18  -1.55844628e-18
  2.47200000e-05  -2.98346541e-06  -2.31942891e-06  -4.68031782e-14   1.12910905e-17  -1.45236518e-17  -2.28585976e-18
  2.48000000e-05   0.00000000e+00   0.00000000e+00   0.00000000e+00  -0.00000000e+00   0.00000000e+00   0.00000000e+00
  2.48800000e-05   0.00000000e+00   0.00000000e+00   0.00000000e+00  -0.00000000e+00   0.00000000e+00   0.00000000e+00
