       time             b_x              b_y              b_z              F_x              F_y              F_z
  0.00000000e+00   0.00000000e+00   0.00000000e+00   0.00000000e+00   0.00000000e+00   0.00000000e+00   0.00000000e+00
  8.00000000e-08   0.00000000e+00   0.00000000e+00   0.00000000e+00   0.00000000e+00   0.00000000e+00   0.00000000e+00
  1.60000000e-07   0.00000000e+00   0.00000000e+00   0.00000000e+00   0.00000000e+00   0.00000000e+00   0.00000000e+00
  2.40000000e-07   0.00000000e+00   0.00000000e+00   0.00000000e+00   0.00000000e+00   0.00000000e+00   0.00000000e+00
  3.20000000e-07   0.00000000e+00   0.00000000e+00   0.00000000e+00   0.00000000e+00   0.00000000e+00   0.00000000e+00
  4.00000000e-07   0.00000000e+00   0.00000000e+00   0.00000000e+00   0.00000000e+00   0.00000000e+00   0.00000000e+00
  4.80000000e-07   0.00000000e+00   0.00000000e+00   0.00000000e+00   0.00000000e+00   0.00000000e+00   0.00000000e+00
  5.60000000e-07   0.00000000e+00   0.00000000e+00   0.00000000e+00   0.00000000e+00   0.00000000e+00   0.00000000e+00
  6.40000000e-07   0.00000000e+00   0.00000000e+00   0.00000000e+00   0.00000000e+00   0.00000000e+00   0.00000000e+00
  7.20000000e-07   0.00000000e+00   0.00000000e+00   0.00000000e+00   0.00000000e+00   0.00000000e+00   0.00000000e+00
  8.00000000e-07   0.00000000e+00   0.00000000e+00   0.00000000e+00   0.00000000e+00   0.00000000e+00   0.00000000e+00
  8.80000000e-07   0.00000000e+00   0.00000000e+00   0.00000000e+00   0.00000000e+00   0.00000000e+00   0.00000000e+00
  9.60000000e-07   0.00000000e+00   0.00000000e+00   0.00000000e+00   0.00000000e+00   0.00000000e+00   0.00000000e+00
  1.04000000e-06   0.00000000e+00   0.00000000e+00   0.00000000e+00   0.00000000e+00   0.00000000e+00   0.00000000e+00
  1.12000000e-06   0.00000000e+00   0.00000000e+00   0.00000000e+00   0.00000000e+00   0.00000000e+00   0.00000000e+00
  1.20000000e-06   0.00000000e+00   0.00000000e+00   0.00000000e+00   0.00000000e+00   0.00000000e+00   0.00000000e+00
  1.28000000e-06   0.00000000e+00   0.00000000e+00   0.00000000e+00   0.00000000e+00   0.00000000e+00   0.00000000e+00
  1.36000000e-06   0.00000000e+00   0.00000000e+00   0.00000000e+00   0.00000000e+00   0.00000000e+00   0.00000000e+00
  1.44000000e-06   0.00000000e+00   0.00000000e+00   0.00000000e+00   0.00000000e+00   0.00000000e+00   0.00000000e+00
  1.52000000e-06   0.00000000e+00   0.00000000e+00   0.00000000e+00   0.00000000e+00   0.00000000e+00   0.00000000e+00
  1.60000000e-06   0.00000000e+00   0.00000000e+00   0.00000000e+00   0.00000000e+00   0.00000000e+00   0.00000000e+00
  1.68000000e-06   0.00000000e+00   0.00000000e+00   0.00000000e+00   0.00000000e+00   0.00000000e+00   0.00000000e+00
  1.76000000e-06   0.00000000e+00   0.00000000e+00   0.00000000e+00   0.00000000e+00   0.00000000e+00   0.00000000e+00
  1.84000000e-06   0.00000000e+00   0.00000000e+00   0.00000000e+00   0.00000000e+00   0.00000000e+00   0.00000000e+00
  1.92000000e-06   0.00000000e+00   0.00000000e+00   0.00000000e+00   0.00000000e+00   0.00000000e+00   0.00000000e+00
  2.00000000e-06   0.00000000e+00   0.00000000e+00   0.00000000e+00   0.00000000e+00   0.00000000e+00   0.00000000e+00
  2.08000000e-06   0.00000000e+00   0.00000000e+00   0.00000000e+00   0.00000000e+00   0.00000000e+00   0.00000000e+00
  2.16000000e-06   0.00000000e+00   0.00000000e+00   0.00000000e+00   0.00000000e+00   0.00000000e+00   0.00000000e+00
  2.24000000e-06   0.00000000e+00   0.00000000e+00   0.00000000e+00   0.00000000e+00   0.00000000e+00   0.00000000e+00
  2.32000000e-06   0.00000000e+00   0.00000000e+00   0.00000000e+00   0.00000000e+00   0.00000000e+00   0.00000000e+00
  2.40000000e-06   0.00000000e+00   0.00000000e+00   0.00000000e+00   0.00000000e+00   0.00000000e+00   0.00000000e+00
  2.48000000e-06   0.00000000e+00   0.00000000e+00   0.00000000e+00   0.00000000e+00   0.00000000e+00   0.00000000e+00
  2.56000000e-06   0.00000000e+00   0.00000000e+00   0.00000000e+00   0.00000000e+00   0.00000000e+00   0.00000000e+00
  2.64000000e-06   0.00000000e+00   0.00000000e+00   0.00000000e+00   0.00000000e+00   0.00000000e+00   0.00000000e+00
  2.72000000e-06   0.00000000e+00   0.00000000e+00   0.00000000e+00   0.00000000e+00   0.00000000e+00   0.00000000e+00
  2.80000000e-06   0.00000000e+00   0.00000000e+00   0.00000000e+00   0.00000000e+00   0.00000000e+00   0.00000000e+00
  2.88000000e-06   0.00000000e+00   0.00000000e+00   0.00000000e+00   0.00000000e+00   0.00000000e+00   0.00000000e+00
  2.96000000e-06   0.00000000e+00   0.00000000e+00   0.00000000e+00   0.00000000e+00   0.00000000e+00   0.00000000e+00
  3.04000000e-06   0.00000000e+00   0.00000000e+00   0.00000000e+00   0.00000000e+00   0.00000000e+00   0.00000000e+00
  3.12000000e-06   0.00000000e+00   0.00000000e+00   0.00000000e+00   0.00000000e+00   0.00000000e+00   0.00000000e+00
  3.20000000e-06   0.00000000e+00   0.00000000e+00   0.00000000e+00   0.00000000e+00   0.00000000e+00   0.00000000e+00
  3.28000000e-06   0.00000000e+00   0.00000000e+00   0.00000000e+00   0.00000000e+00   0.00000000e+00   0.00000000e+00
  3.36000000e-06   0.00000000e+00   0.00000000e+00   0.00000000e+00   0.00000000e+00   0.00000000e+00   0.00000000e+00
  3.44000000e-06   0.00000000e+00   0.00000000e+00   0.00000000e+00   0.00000000e+00   0.00000000e+00   0.00000000e+00
  3.52000000e-06   0.00000000e+00   0.00000000e+00   0.00000000e+00   0.00000000e+00   0.00000000e+00   0.00000000e+00
  3.60000000e-06   0.00000000e+00   0.00000000e+00   0.00000000e+00   0.00000000e+00   0.00000000e+00   0.00000000e+00
  3.68000000e-06   0.00000000e+00   0.00000000e+00   0.00000000e+00   0.00000000e+00   0.00000000e+00   0.00000000e+00
  3.76000000e-06   0.00000000e+00   0.00000000e+00   0.00000000e+00   0.00000000e+00   0.00000000e+00   0.00000000e+00
  3.84000000e-06   0.00000000e+00   0.00000000e+00   0.00000000e+00   0.00000000e+00   0.00000000e+00   0.00000000e+00
  3.92000000e-06   0.00000000e+00   0.00000000e+00   0.00000000e+00   0.00000000e+00   0.00000000e+00   0.00000000e+00
  4.00000000e-06   0.00000000e+00   0.00000000e+00   0.00000000e+00   0.00000000e+00   0.00000000e+00   0.00000000e+00
  4.08000000e-06   0.00000000e+00   0.00000000e+00   0.00000000e+00   0.00000000e+00   0.00000000e+00   0.00000000e+00
  4.16000000e-06   0.00000000e+00   0.00000000e+00   0.00000000e+00   0.00000000e+00   0.00000000e+00   0.00000000e+00
  4.24000000e-06   0.00000000e+00   0.00000000e+00   0.00000000e+00   0.00000000e+00   0.00000000e+00   0.00000000e+00
  4.32000000e-06   0.00000000e+00   0.00000000e+00   0.00000000e+00   0.00000000e+00   0.00000000e+00   0.00000000e+00
  4.40000000e-06   0.00000000e+00   0.00000000e+00   0.00000000e+00   0.00000000e+00   0.00000000e+00   0.00000000e+00
  4.48000000e-06   0.00000000e+00   0.00000000e+00   0.00000000e+00   0.00000000e+00   0.00000000e+00   0.00000000e+00
  4.56000000e-06   0.00000000e+00   0.00000000e+00   0.00000000e+00   0.00000000e+00   0.00000000e+00   0.00000000e+00
  4.64000000e-06   0.00000000e+00   0.00000000e+00   0.00000000e+00   0.00000000e+00   0.00000000e+00   0.00000000e+00
  4.72000000e-06   0.00000000e+00   0.00000000e+00   0.00000000e+00   0.00000000e+00   0.00000000e+00   0.00000000e+00
  4.80000000e-06   0.00000000e+00   0.00000000e+00   0.00000000e+00   0.00000000e+00   0.00000000e+00   0.00000000e+00
  4.88000000e-06   0.00000000e+00   0.00000000e+00   0.00000000e+00   0.00000000e+00   0.00000000e+00   0.00000000e+00
  4.96000000e-06   0.00000000e+00   0.00000000e+00   0.00000000e+00   0.00000000e+00   0.00000000e+00   0.00000000e+00
  5.04000000e-06   0.00000000e+00   0.00000000e+00   0.00000000e+00   0.00000000e+00   0.00000000e+00   0.00000000e+00
  5.12000000e-06   0.00000000e+00   0.00000000e+00   0.00000000e+00   0.00000000e+00   0.00000000e+00   0.00000000e+00
  5.20000000e-06   0.00000000e+00   0.00000000e+00   0.00000000e+00   0.00000000e+00   0.00000000e+00   0.00000000e+00
  5.28000000e-06   0.00000000e+00   0.00000000e+00   0.00000000e+00   0.00000000e+00   0.00000000e+00   0.00000000e+00
  5.36000000e-06   0.00000000e+00   0.00000000e+00   0.00000000e+00   0.00000000e+00   0.00000000e+00   0.00000000e+00
  5.44000000e-06   0.00000000e+00   0.00000000e+00   0.00000000e+00   0.00000000e+00   0.00000000e+00   0.00000000e+00
  5.52000000e-06   3.59970847e-08   5.59540199e-09   0.00000000e+00  -1.64152111e-20   1.05604520e-19  -1.12151959e-19
  5.60000000e-06   0.00000000e+00   0.00000000e+00   0.00000000e+00   0.00000000e+00   0.00000000e+00   0.00000000e+00
  5.68000000e-06   1.44734315e-06   2.17411435e-07  -5.63993858e-14  -6.37817917e-19   4.24605606e-18  -4.54103163e-18
  5.76000000e-06   8.18064772e-07   1.19925721e-07   0.00000000e+00  -3.51822739e-19   2.39993377e-18  -2.57909014e-18
  5.84000000e-06   5.69922109e-06   8.09958657e-07  -8.03762734e-13  -2.37612590e-18   1.67194365e-17  -1.80749738e-17
  5.92000000e-06   2.33756439e-06   3.25424597e-07  -3.33172176e-13  -9.54661600e-19   6.85744257e-18  -7.44208692e-18
  6.00000000e-06   3.70965116e-06   4.97516454e-07  -4.01402058e-12  -1.45949568e-18   1.08823981e-17  -1.18898793e-17
  6.08000000e-06   1.21655860e-06   1.54715965e-07  -4.42712111e-12  -4.53875972e-19   3.56879330e-18  -3.93463321e-18
  6.16000000e-06   6.38999252e-06   8.33862232e-07  -3.98874260e-12  -2.44610601e-18   1.87447236e-17  -2.05781216e-17
  6.24000000e-06  -2.50250647e-13  -2.18727694e-15  -3.08017580e-12  -1.15975290e-23   1.21751989e-23   9.33602101e-25
  6.32000000e-06   5.48378451e-13   6.59568104e-14  -4.41090026e-12  -1.68106627e-23   2.00951061e-23  -1.78947507e-24
  6.40000000e-06  -7.61455537e-15  -2.53857943e-15  -3.84674424e-12  -1.44843915e-23   1.60997115e-23   1.80468989e-26
  6.48000000e-06   1.99220211e-14   3.81964489e-15  -3.87252137e-12  -1.46001530e-23   1.62885224e-23  -5.90437506e-26
  6.56000000e-06   0.00000000e+00   0.00000000e+00  -4.33437431e-12  -1.63288868e-23   1.81657494e-23  -1.85786861e-51
  6.64000000e-06   0.00000000e+00   0.00000000e+00  -4.52224689e-12  -1.70366591e-23   1.89531401e-23  -2.02244296e-51
  6.72000000e-06   0.00000000e+00   0.00000000e+00  -3.93963653e-12  -1.48417913e-23   1.65113681e-23  -1.53486646e-51
  6.80000000e-06   0.00000000e+00   0.00000000e+00  -4.40475657e-12  -1.65940379e-23   1.84607277e-23  -1.91864529e-51
  6.88000000e-06   0.00000000e+00   0.00000000e+00  -4.58941884e-12  -1.72897160e-23   1.92346638e-23  -2.08279219e-51
  6.96000000e-06   0.00000000e+00   0.00000000e+00  -4.73035083e-12  -1.78206490e-23   1.98253223e-23  -2.21273132e-51
  7.04000000e-06   0.00000000e+00   0.00000000e+00  -5.80872665e-12  -2.18832138e-23   2.43448916e-23  -3.33663311e-51
  7.12000000e-06   0.00000000e+00   0.00000000e+00  -5.27815265e-12  -1.98843826e-23   2.21212086e-23  -2.75489759e-51
  7.20000000e-06   0.00000000e+00   0.00000000e+00  -4.72287417e-12  -1.77924822e-23   1.97939870e-23  -2.20582460e-51
  7.28000000e-06   0.00000000e+00   0.00000000e+00  -5.11993099e-12  -1.92883142e-23   2.14580875e-23  -2.59233650e-51
  7.36000000e-06   0.00000000e+00   0.00000000e+00  -4.82276075e-12  -1.81687849e-23   2.02126205e-23  -2.30010606e-51
  7.44000000e-06   0.00000000e+00   0.00000000e+00  -5.94247666e-12  -2.23870902e-23   2.49054498e-23  -3.49206706e-51
  7.52000000e-06   0.00000000e+00   0.00000000e+00  -5.03561986e-12  -1.89706889e-23   2.11047320e-23  -2.50781848e-51
  7.60000000e-06   0.00000000e+00   0.00000000e+00  -5.50631985e-12  -2.07439568e-23   2.30774777e-23  -2.99831126e-51
  7.68000000e-06   0.00000000e+00   0.00000000e+00  -6.22969493e-12  -2.34691275e-23   2.61092072e-23  -3.83794887e-51
  7.76000000e-06   0.00000000e+00   0.00000000e+00  -4.91371928e-12  -1.85114529e-23   2.05938358e-23  -2.38773147e-51
  7.84000000e-06   0.00000000e+00   0.00000000e+00  -6.43076548e-12  -2.42266205e-23   2.69519118e-23  -4.08949627e-51
  7.92000000e-06   0.00000000e+00   0.00000000e+00  -4.87702980e-12  -1.83732326e-23   2.04400670e-23  -2.35237570e-51
  8.00000000e-06   0.00000000e+00   0.00000000e+00  -5.42082865e-12  -2.04218859e-23   2.27191764e-23  -2.90623658e-51
  8.08000000e-06   0.00000000e+00   0.00000000e+00  -6.38874776e-12  -2.40683272e-23   2.67758118e-23  -4.03627619e-51
  8.16000000e-06   0.00000000e+00   0.00000000e+00  -5.98268275e-12  -2.25385586e-23   2.50739571e-23  -3.53985105e-51
  8.24000000e-06   0.00000000e+00   0.00000000e+00  -7.76642246e-12  -2.92584406e-23   3.25497694e-23  -5.96453822e-51
  8.32000000e-06   0.00000000e+00   0.00000000e+00  -6.59496381e-12  -2.48452049e-23   2.76400817e-23  -4.30110644e-51
  8.40000000e-06   0.00000000e+00   0.00000000e+00  -7.05015185e-12  -2.65600346e-23   2.95478153e-23  -4.91542447e-51
  8.48000000e-06   0.00000000e+00   0.00000000e+00  -6.34422362e-12  -2.39005914e-23   2.65892071e-23  -3.98052808e-51
  8.56000000e-06   0.00000000e+00   0.00000000e+00  -7.19490527e-12  -2.71053641e-23   3.01544898e-23  -5.11945562e-51
  8.64000000e-06   0.00000000e+00   0.00000000e+00  -7.40591838e-12  -2.79003137e-23   3.10388646e-23  -5.42392181e-51
  8.72000000e-06   0.00000000e+00   0.00000000e+00  -6.96582758e-12  -2.62423598e-23   2.91944048e-23  -4.79897965e-51
  8.80000000e-06   0.00000000e+00   0.00000000e+00  -8.08470850e-12  -3.04575195e-23   3.38837345e-23  -6.46364843e-51
  8.88000000e-06   0.00000000e+00   0.00000000e+00  -7.89403746e-12  -2.97392046e-23   3.30846152e-23  -6.16260793e-51
  8.96000000e-06   0.00000000e+00   0.00000000e+00  -8.59598468e-12  -3.23836501e-23   3.60265386e-23  -7.30707994e-51
  9.04000000e-06   0.00000000e+00   0.00000000e+00  -7.11092810e-12  -2.67889969e-23   2.98025340e-23  -5.00096173e-51
  9.12000000e-06   0.00000000e+00   0.00000000e+00  -1.00298987e-11  -3.77856337e-23   4.20362000e-23  -9.94798388e-51
  9.20000000e-06   0.00000000e+00   0.00000000e+00  -8.20083006e-12  -3.08949842e-23   3.43704103e-23  -6.65088722e-51
  9.28000000e-06   0.00000000e+00   0.00000000e+00  -8.99688650e-12  -3.38939674e-23   3.77067539e-23  -8.00476944e-51
  9.36000000e-06   0.00000000e+00   0.00000000e+00  -8.62434645e-12  -3.24904974e-23   3.61454053e-23  -7.35543447e-51
  9.44000000e-06   0.00000000e+00   0.00000000e+00  -9.19096460e-12  -3.46251177e-23   3.85201525e-23  -8.35375668e-51
  9.52000000e-06   0.00000000e+00   0.00000000e+00  -9.18587523e-12  -3.46059445e-23   3.84988225e-23  -8.34474935e-51
  9.60000000e-06   0.00000000e+00   0.00000000e+00  -9.01053325e-12  -3.39453788e-23   3.77639486e-23  -8.02950542e-51
  9.68000000e-06   0.00000000e+00   0.00000000e+00  -8.70099024e-12  -3.27792375e-23   3.64666263e-23  -7.48717714e-51
  9.76000000e-06   0.00000000e+00   0.00000000e+00  -1.03901673e-11  -3.91428735e-23   4.35461178e-23  -1.06758553e-50
  9.84000000e-06   0.00000000e+00   0.00000000e+00  -9.38657161e-12  -3.53620279e-23   3.93399589e-23  -8.71277675e-51
  9.92000000e-06   0.00000000e+00   0.00000000e+00  -9.18542021e-12  -3.46042304e-23   3.84969155e-23  -8.34359273e-51
  1.00000000e-05   0.00000000e+00   0.00000000e+00  -1.11279432e-11  -4.19222967e-23   4.66382028e-23  -1.22454170e-50
  1.00800000e-05   0.00000000e+00   0.00000000e+00  -1.02136030e-11  -3.84777028e-23   4.28061211e-23  -1.03166401e-50
  1.01600000e-05   0.00000000e+00   0.00000000e+00  -1.05962332e-11  -3.99191857e-23   4.44097586e-23  -1.11032815e-50
  1.02400000e-05   0.00000000e+00   0.00000000e+00  -1.09702431e-11  -4.13281930e-23   4.59772674e-23  -1.19011615e-50
  1.03200000e-05   0.00000000e+00   0.00000000e+00  -1.11140445e-11  -4.18699359e-23   4.65799518e-23  -1.22154958e-50
  1.04000000e-05   0.00000000e+00   0.00000000e+00  -1.12193303e-11  -4.22665792e-23   4.70212142e-23  -1.24476517e-50
  1.04800000e-05   0.00000000e+00   0.00000000e+00  -1.15060180e-11  -4.33466176e-23   4.82227478e-23  -1.30922975e-50
  1.05600000e-05   0.00000000e+00   0.00000000e+00  -1.14916196e-11  -4.32923745e-23   4.81624029e-23  -1.30594542e-50
  1.06400000e-05   0.00000000e+00   0.00000000e+00  -1.04497428e-11  -3.93673123e-23   4.37958041e-23  -1.07987959e-50
  1.07200000e-05   0.00000000e+00   0.00000000e+00  -1.15460136e-11  -4.34972929e-23   4.83903728e-23  -1.31828064e-50
  1.08000000e-05   0.00000000e+00   0.00000000e+00  -1.07458419e-11  -4.04828065e-23   4.50367820e-23  -1.14196629e-50
  1.08800000e-05   0.00000000e+00   0.00000000e+00  -1.24769998e-11  -4.70045972e-23   5.22922193e-23  -1.53941937e-50
  1.09600000e-05   0.00000000e+00   0.00000000e+00  -1.17337875e-11  -4.42046937e-23   4.91773502e-23  -1.36156063e-50
  1.10400000e-05   0.00000000e+00   0.00000000e+00  -1.19490516e-11  -4.50156579e-23   5.00795411e-23  -1.41208334e-50
  1.11200000e-05   0.00000000e+00   0.00000000e+00  -1.05799402e-11  -3.98578052e-23   4.43414733e-23  -1.10700283e-50
  1.12000000e-05   0.00000000e+00   0.00000000e+00  -1.27465265e-11  -4.80199849e-23   5.34218296e-23  -1.60670263e-50
  1.12800000e-05   0.00000000e+00   0.00000000e+00  -1.09942308e-11  -4.14185619e-23   4.60778020e-23  -1.19536499e-50
  1.13600000e-05   0.00000000e+00   0.00000000e+00  -1.15558919e-11  -4.35345074e-23   4.84317736e-23  -1.32054588e-50
  1.14400000e-05   0.00000000e+00   0.00000000e+00  -1.11321145e-11  -4.19380110e-23   4.66556848e-23  -1.22560486e-50
  1.15200000e-05   0.00000000e+00   0.00000000e+00  -1.09494876e-11  -4.12500008e-23   4.58902792e-23  -1.18567815e-50
  1.16000000e-05   0.00000000e+00   0.00000000e+00  -1.09441731e-11  -4.12299794e-23   4.58680055e-23  -1.18455924e-50
  1.16800000e-05   0.00000000e+00   0.00000000e+00  -1.11019257e-11  -4.18242810e-23   4.65291611e-23  -1.21888760e-50
  1.17600000e-05   0.00000000e+00   0.00000000e+00  -1.17674411e-11  -4.43314770e-23   4.93183955e-23  -1.36937369e-50
  1.18400000e-05   0.00000000e+00   0.00000000e+00  -1.11645016e-11  -4.20600231e-23   4.67914222e-23  -1.23265099e-50
  1.19200000e-05   0.00000000e+00   0.00000000e+00  -1.10379525e-11  -4.15832748e-23   4.62610437e-23  -1.20492236e-50
  1.20000000e-05   0.00000000e+00   0.00000000e+00  -1.15539508e-11  -4.35271950e-23   4.84236386e-23  -1.32015297e-50
  1.20800000e-05   0.00000000e+00   0.00000000e+00  -1.10112783e-11  -4.14827849e-23   4.61492496e-23  -1.19903486e-50
  1.21600000e-05   0.00000000e+00   0.00000000e+00  -9.86509301e-12  -3.71647615e-23   4.13454848e-23  -9.62479742e-51
  1.22400000e-05   0.00000000e+00   0.00000000e+00  -1.01406169e-11  -3.82027427e-23   4.25002301e-23  -1.01694978e-50
  1.23200000e-05   0.00000000e+00   0.00000000e+00  -1.07346309e-11  -4.04405713e-23   4.49897956e-23  -1.13957163e-50
  1.24000000e-05   0.00000000e+00   0.00000000e+00  -1.01547853e-11  -3.82561190e-23   4.25596109e-23  -1.01976829e-50
  1.24800000e-05   0.00000000e+00   0.00000000e+00  -9.39864642e-12  -3.54075174e-23   3.93905655e-23  -8.73585244e-51
  1.25600000e-05   0.00000000e+00   0.00000000e+00  -9.86562797e-12  -3.71667769e-23   4.13477268e-23  -9.62509855e-51
  1.26400000e-05   0.00000000e+00   0.00000000e+00  -8.39363036e-12  -3.16213208e-23   3.51784536e-23  -6.96717956e-51
  1.27200000e-05   0.00000000e+00   0.00000000e+00  -8.30282475e-12  -3.12792288e-23   3.47978791e-23  -6.81744968e-51
  1.28000000e-05   0.00000000e+00   0.00000000e+00  -8.08162429e-12  -3.04459004e-23   3.38708083e-23  -6.45934174e-51
  1.28800000e-05   0.00000000e+00   0.00000000e+00  -7.85547625e-12  -2.95939330e-23   3.29230017e-23  -6.10253251e-51
  1.29600000e-05   0.00000000e+00   0.00000000e+00  -7.01909759e-12  -2.64430439e-23   2.94176641e-23  -4.87246277e-51
  1.30400000e-05   0.00000000e+00   0.00000000e+00  -7.42080761e-12  -2.79564060e-23   3.11012666e-23  -5.44646513e-51
  1.31200000e-05   0.00000000e+00   0.00000000e+00  -5.81610200e-12  -2.19109991e-23   2.43758023e-23  -3.34542900e-51
  1.32000000e-05   0.00000000e+00   0.00000000e+00  -5.69366120e-12  -2.14497279e-23   2.38626419e-23  -3.20598107e-51
  1.32800000e-05   0.00000000e+00   0.00000000e+00  -4.56028619e-12  -1.71799646e-23   1.91125662e-23  -2.05668720e-51
  1.33600000e-05   0.00000000e+00   0.00000000e+00  -4.15615380e-12  -1.56574768e-23   1.74188113e-23  -1.70813330e-51
  1.34400000e-05   0.00000000e+00   0.00000000e+00  -3.74783091e-12  -1.41192021e-23   1.57074936e-23  -1.38918977e-51
  1.35200000e-05   0.00000000e+00   0.00000000e+00  -2.58246696e-12  -9.72892688e-24   1.08233494e-23  -6.59566006e-52
  1.36000000e-05   0.00000000e+00   0.00000000e+00  -2.27497117e-12  -8.57049810e-24   9.53460708e-24  -5.11844405e-52
  1.36800000e-05   0.00000000e+00   0.00000000e+00  -1.24411279e-12  -4.68694568e-24   5.21418766e-24  -1.53072052e-52
  1.37600000e-05   0.00000000e+00   0.00000000e+00  -1.94557278e-13  -7.32955567e-25   8.15406907e-25  -3.75953797e-54
  1.38400000e-05   0.00000000e+00   0.00000000e+00   5.42931609e-13   2.04538607e-24  -2.27547480e-24  -2.91265850e-53
  1.39200000e-05   0.00000000e+00   0.00000000e+00   9.96782688e-13   3.75517908e-24  -4.17760516e-24  -9.82299791e-53
  1.40000000e-05   0.00000000e+00   0.00000000e+00   2.13193303e-12   8.03163058e-24  -8.93512150e-24  -4.49423768e-52
  1.40800000e-05   0.00000000e+00   0.00000000e+00   2.94896217e-12   1.11096242e-23  -1.23593635e-23  -8.59933293e-52
  1.41600000e-05   0.00000000e+00   0.00000000e+00   4.21146009e-12   1.58658322e-23  -1.76506049e-23  -1.75402068e-51
  1.42400000e-05   0.00000000e+00   0.00000000e+00   5.42647920e-12   2.04431732e-23  -2.27428583e-23  -2.91206128e-51
  1.43200000e-05   0.00000000e+00   0.00000000e+00   6.10533332e-12   2.30006201e-23  -2.55879965e-23  -3.68619311e-51
  1.44000000e-05   0.00000000e+00   0.00000000e+00   7.27310992e-12   2.73999845e-23  -3.04822524e-23  -5.23101024e-51
  1.44800000e-05   0.00000000e+00   0.00000000e+00   8.22721612e-12   3.09943885e-23  -3.44809966e-23  -6.69319533e-51
  1.45600000e-05   0.00000000e+00   0.00000000e+00   8.85829147e-12   3.33718384e-23  -3.71258897e-23  -7.75992675e-51
  1.46400000e-05   0.00000000e+00   0.00000000e+00   1.08616685e-11   4.09191600e-23  -4.55222215e-23  -1.16668506e-50
  1.47200000e-05   0.00000000e+00   0.00000000e+00   1.08523514e-11   4.08840599e-23  -4.54831729e-23  -1.16470742e-50
  1.48000000e-05   0.00000000e+00   0.00000000e+00   1.29832630e-11   4.89118424e-23  -5.44140135e-23  -1.66697137e-50
  1.48800000e-05   0.00000000e+00   0.00000000e+00   1.37216634e-11   5.16936178e-23  -5.75087153e-23  -1.86197828e-50
  1.49600000e-05   0.00000000e+00   0.00000000e+00   1.53359927e-11   5.77752801e-23  -6.42745134e-23  -2.32577960e-50
  1.50400000e-05   0.00000000e+00   0.00000000e+00   1.61207937e-11   6.07318606e-23  -6.75636844e-23  -2.56993750e-50
  1.51200000e-05   0.00000000e+00   0.00000000e+00   1.78010336e-11   6.70618276e-23  -7.46057195e-23  -3.13361319e-50
  1.52000000e-05   0.00000000e+00   0.00000000e+00   1.82856030e-11   6.88873457e-23  -7.66365931e-23  -3.30659738e-50
  1.52800000e-05   0.00000000e+00   0.00000000e+00   1.96313437e-11   7.39571542e-23  -8.22767124e-23  -3.81118641e-50
  1.53600000e-05   0.00000000e+00   0.00000000e+00   2.06929106e-11   7.79563948e-23  -8.67258340e-23  -4.23465402e-50
  1.54400000e-05   0.00000000e+00   0.00000000e+00   2.36122463e-11   8.89544073e-23  -9.89610305e-23  -5.51350389e-50
  1.55200000e-05   0.00000000e+00   0.00000000e+00   2.29671651e-11   8.65241930e-23  -9.62574375e-23  -5.21651477e-50
  1.56000000e-05   0.00000000e+00   0.00000000e+00   2.49597282e-11   9.40307754e-23  -1.04608447e-22  -6.16089200e-50
  1.56800000e-05   0.00000000e+00   0.00000000e+00   2.63427818e-11   9.92411527e-23  -1.10404948e-22  -6.86247538e-50
  1.57600000e-05   0.00000000e+00   0.00000000e+00   2.69039684e-11   1.01355311e-22  -1.12756931e-22  -7.15804381e-50
  1.58400000e-05   0.00000000e+00   0.00000000e+00   2.83971053e-11   1.06980405e-22  -1.19014802e-22  -7.97464321e-50
  1.59200000e-05   0.00000000e+00   0.00000000e+00   2.88519437e-11   1.08693918e-22  -1.20921070e-22  -8.23212057e-50
  1.60000000e-05   0.00000000e+00   0.00000000e+00   3.02237795e-11   1.13862034e-22  -1.26670556e-22  -9.03356864e-50
  1.60800000e-05   0.00000000e+00   0.00000000e+00   3.18900384e-11   1.20139330e-22  -1.33653995e-22  -1.00569172e-49
  1.61600000e-05   0.00000000e+00   0.00000000e+00   3.16740828e-11   1.19325761e-22  -1.32748907e-22  -9.92144884e-50
  1.62400000e-05   0.00000000e+00   0.00000000e+00   3.25375954e-11   1.22578872e-22  -1.36367965e-22  -1.04699908e-49
  1.63200000e-05   0.00000000e+00   0.00000000e+00   3.39416432e-11   1.27868341e-22  -1.42252454e-22  -1.13927957e-49
  1.64000000e-05   0.00000000e+00   0.00000000e+00   3.49480811e-11   1.31659894e-22  -1.46470526e-22  -1.20785557e-49
  1.64800000e-05   0.00000000e+00   0.00000000e+00   3.60859632e-11   1.35946636e-22  -1.51239491e-22  -1.28776702e-49
  1.65600000e-05   0.00000000e+00   0.00000000e+00   3.64063832e-11   1.37153755e-22  -1.52582400e-22  -1.31074141e-49
  1.66400000e-05   0.00000000e+00   0.00000000e+00   3.66330302e-11   1.38007602e-22  -1.53532298e-22  -1.32712446e-49
  1.67200000e-05   0.00000000e+00   0.00000000e+00   3.65192087e-11   1.37578802e-22  -1.53055262e-22  -1.31887789e-49
  1.68000000e-05   0.00000000e+00   0.00000000e+00   3.78223890e-11   1.42488273e-22  -1.58517006e-22  -1.41470564e-49
  1.68800000e-05   0.00000000e+00   0.00000000e+00   3.87908009e-11   1.46136570e-22  -1.62575707e-22  -1.48805501e-49
  1.69600000e-05   0.00000000e+00   0.00000000e+00   3.86393238e-11   1.45565911e-22  -1.61940853e-22  -1.47646927e-49
  1.70400000e-05   0.00000000e+00   0.00000000e+00   3.86662250e-11   1.45667256e-22  -1.62053598e-22  -1.47852442e-49
  1.71200000e-05   0.00000000e+00   0.00000000e+00   3.80381367e-11   1.43301059e-22  -1.59421224e-22  -1.43088245e-49
  1.72000000e-05   0.00000000e+00   0.00000000e+00   3.78635374e-11   1.42643291e-22  -1.58689463e-22  -1.41779740e-49
  1.72800000e-05   0.00000000e+00   0.00000000e+00   4.00604440e-11   1.50919696e-22  -1.67896895e-22  -1.58705790e-49
  1.73600000e-05   0.00000000e+00   0.00000000e+00   3.91359338e-11   1.47436789e-22  -1.64022190e-22  -1.51466310e-49
  1.74400000e-05   0.00000000e+00   0.00000000e+00   3.86003268e-11   1.45418997e-22  -1.61777413e-22  -1.47350522e-49
  1.75200000e-05   0.00000000e+00   0.00000000e+00   3.80937903e-11   1.43510723e-22  -1.59654474e-22  -1.43509372e-49
  1.76000000e-05   0.00000000e+00   0.00000000e+00   3.80759062e-11   1.43443348e-22  -1.59579520e-22  -1.43373957e-49
  1.76800000e-05   0.00000000e+00   0.00000000e+00   3.77796441e-11   1.42327240e-22  -1.58337859e-22  -1.41149368e-49
  1.77600000e-05   0.00000000e+00   0.00000000e+00   3.77094254e-11   1.42062705e-22  -1.58043566e-22  -1.40625525e-49
  1.78400000e-05   0.00000000e+00   0.00000000e+00   3.71631627e-11   1.40004769e-22  -1.55754130e-22  -1.36580572e-49
  1.79200000e-05   0.00000000e+00   0.00000000e+00   3.52082001e-11   1.32639840e-22  -1.47560708e-22  -1.22590066e-49
  1.80000000e-05   0.00000000e+00   0.00000000e+00   3.46975362e-11   1.30716015e-22  -1.45420470e-22  -1.19060182e-49
  1.80800000e-05   0.00000000e+00   0.00000000e+00   3.48222217e-11   1.31185743e-22  -1.45943038e-22  -1.19916601e-49
  1.81600000e-05   0.00000000e+00   0.00000000e+00   3.33899460e-11   1.25789932e-22  -1.39940243e-22  -1.10256395e-49
  1.82400000e-05   0.00000000e+00   0.00000000e+00   3.19319839e-11   1.20297352e-22  -1.33829794e-22  -1.00838542e-49
  1.83200000e-05   0.00000000e+00   0.00000000e+00   3.32306656e-11   1.25189875e-22  -1.39272684e-22  -1.09205690e-49
  1.84000000e-05   0.00000000e+00   0.00000000e+00   3.12675907e-11   1.17794383e-22  -1.31045262e-22  -9.66840729e-50
  1.84800000e-05   0.00000000e+00   0.00000000e+00   2.96868240e-11   1.11839161e-22  -1.24420128e-22  -8.71565228e-50
  1.85600000e-05   0.00000000e+00   0.00000000e+00   2.90642780e-11   1.09493844e-22  -1.21810982e-22  -8.35385303e-50
  1.86400000e-05   0.00000000e+00   0.00000000e+00   2.76738109e-11   1.04255537e-22  -1.15983410e-22  -7.57367229e-50
  1.87200000e-05   0.00000000e+00   0.00000000e+00   2.62086768e-11   9.87359386e-23  -1.09842903e-22  -6.79305345e-50
  1.88000000e-05   0.00000000e+00   0.00000000e+00   2.51033650e-11   9.45718978e-23  -1.05210442e-22  -6.23197005e-50
  1.88800000e-05   0.00000000e+00   0.00000000e+00   2.40168881e-11   9.04788139e-23  -1.00656921e-22  -5.70441027e-50
  1.89600000e-05   0.00000000e+00   0.00000000e+00   2.11114520e-11   7.95331653e-23  -8.84799788e-23  -4.40775543e-50
  1.90400000e-05   0.00000000e+00   0.00000000e+00   2.05449597e-11   7.73990192e-23  -8.61057593e-23  -4.17437213e-50
  1.91200000e-05   0.00000000e+00   0.00000000e+00   1.93707521e-11   7.29754274e-23  -8.11845505e-23  -3.71084946e-50
  1.92000000e-05   0.00000000e+00   0.00000000e+00   1.78419427e-11   6.72159442e-23  -7.47771737e-23  -3.14821802e-50
  1.92800000e-05   0.00000000e+00   0.00000000e+00   1.81423550e-11   6.83476872e-23  -7.60362284e-23  -3.25503200e-50
  1.93600000e-05   0.00000000e+00   0.00000000e+00   1.60176311e-11   6.03432156e-23  -6.71313209e-23  -2.53728145e-50
  1.94400000e-05   0.00000000e+00   0.00000000e+00   1.48234747e-11   5.58444706e-23  -6.21265049e-23  -2.17314274e-50
  1.95200000e-05   0.00000000e+00   0.00000000e+00   1.26582866e-11   4.76875586e-23  -5.30520087e-23  -1.58465926e-50
  1.96000000e-05   0.00000000e+00   0.00000000e+00   1.12620907e-11   4.24276701e-23  -4.72004269e-23  -1.25429621e-50
  1.96800000e-05   0.00000000e+00   0.00000000e+00   1.03969193e-11   3.91683102e-23  -4.35744164e-23  -1.06898281e-50
  1.97600000e-05   0.00000000e+00   0.00000000e+00   8.51688657e-12   3.20856636e-23  -3.56950315e-23  -7.17385786e-51
  1.98400000e-05   0.00000000e+00   0.00000000e+00   6.92354861e-12   2.60830821e-23  -2.90172100e-23  -4.74099394e-51
  1.99200000e-05   1.24859091e-13  -2.43743412e-13   5.95046299e-12   2.31321812e-23  -2.45726559e-23  -1.49193199e-24
  2.00000000e-05   1.49367772e-14  -2.21189367e-13   5.00796541e-12   1.95153497e-23  -2.09450139e-23  -9.83295689e-25
  2.00800000e-05  -7.69102779e-14  -6.63342301e-13   4.31556012e-12   1.82038761e-23  -1.83125084e-23  -2.49038271e-24
  2.01600000e-05  -9.01830098e-13   1.04635256e-12   2.35113472e-12   5.78802726e-24  -1.24992706e-23   7.78282114e-24
  2.02400000e-05  -9.14700969e-14  -1.37281097e-13   5.69740218e-13   2.54908656e-24  -2.65615319e-24  -2.30762065e-25
  2.03200000e-05  -4.54076671e-14   8.47172118e-14   1.61857206e-13   3.61252603e-25  -8.11558190e-25   5.26121681e-25
  2.04000000e-05  -3.48764735e-13   2.92820971e-13   4.01584794e-13   6.53920504e-25  -2.70615454e-24   2.54114007e-24
  2.04800000e-05   4.16549658e-14   4.33254752e-13  -1.77952677e-12  -7.97493290e-24   7.58034738e-24   1.65888258e-24
  2.05600000e-05   1.04422207e-13   5.32184826e-13  -2.63760974e-12  -1.14977930e-23   1.13607730e-23   1.83704435e-24
  2.06400000e-05   1.64861816e-13  -3.33277470e-13  -2.91870128e-12  -1.00179762e-23   1.27161480e-23  -2.01787947e-24
  2.07200000e-05   0.00000000e+00   0.00000000e+00  -4.50001759e-12  -1.69529146e-23   1.88599752e-23  -2.00257850e-51
  2.08000000e-05   0.00000000e+00   0.00000000e+00  -5.77271781e-12  -2.17475577e-23   2.41939754e-23  -3.29560589e-51
  2.08800000e-05   0.00000000e+00   0.00000000e+00  -6.21917757e-12  -2.34295054e-23   2.60651281e-23  -3.82471361e-51
  2.09600000e-05   0.00000000e+00   0.00000000e+00  -8.15092266e-12  -3.07069679e-23   3.41612441e-23  -6.56983625e-51
  2.10400000e-05   0.00000000e+00   0.00000000e+00  -7.89261990e-12  -2.97338640e-23   3.30786742e-23  -6.16038910e-51
  2.11200000e-05   0.00000000e+00   0.00000000e+00  -9.38729723e-12  -3.53647614e-23   3.93430003e-23  -8.71399169e-51
  2.12000000e-05   0.00000000e+00   0.00000000e+00  -9.35312146e-12  -3.52360110e-23   3.91997665e-23  -8.65060590e-51
  2.12800000e-05   0.00000000e+00   0.00000000e+00  -9.97387221e-12  -3.75745651e-23   4.18013883e-23  -9.83816263e-51
  2.13600000e-05   0.00000000e+00   0.00000000e+00  -1.13164766e-11  -4.26325582e-23   4.74283631e-23  -1.26641065e-50
  2.14400000e-05   0.00000000e+00   0.00000000e+00  -1.11435863e-11  -4.19812286e-23   4.67037645e-23  -1.22804496e-50
  2.15200000e-05   0.00000000e+00   0.00000000e+00  -1.27486183e-11  -4.80278651e-23   5.34305968e-23  -1.60722104e-50
  2.16000000e-05   0.00000000e+00   0.00000000e+00  -1.25855825e-11  -4.74136602e-23   5.27472990e-23  -1.56641326e-50
  2.16800000e-05   0.00000000e+00   0.00000000e+00  -1.18503539e-11  -4.46438339e-23   4.96658905e-23  -1.38878813e-50
  2.17600000e-05   0.00000000e+00   0.00000000e+00  -1.30850662e-11  -4.92953651e-23   5.48406799e-23  -1.69324556e-50
  2.18400000e-05   0.00000000e+00   0.00000000e+00  -1.42107068e-11  -5.35359904e-23   5.95583400e-23  -1.99705942e-50
  2.19200000e-05   0.00000000e+00   0.00000000e+00  -1.35635008e-11  -5.10977717e-23   5.68458422e-23  -1.81934275e-50
  2.20000000e-05   0.00000000e+00   0.00000000e+00  -1.43838280e-11  -5.41881898e-23   6.02839063e-23  -2.04603902e-50
  2.20800000e-05   0.00000000e+00   0.00000000e+00  -1.51011035e-11  -5.68903818e-23   6.32900722e-23  -2.25519883e-50
  2.21600000e-05   0.00000000e+00   0.00000000e+00  -1.40412491e-11  -5.28975927e-23   5.88481279e-23  -1.94977402e-50
  2.22400000e-05   0.00000000e+00   0.00000000e+00  -1.35322826e-11  -5.09801632e-23   5.67150036e-23  -1.81102611e-50
  2.23200000e-05   0.00000000e+00   0.00000000e+00  -1.51046465e-11  -5.69037291e-23   6.33049210e-23  -2.25629619e-50
  2.24000000e-05   0.00000000e+00   0.00000000e+00  -1.57674857e-11  -5.94008430e-23   6.60829393e-23  -2.45858361e-50
  2.24800000e-05   0.00000000e+00   0.00000000e+00  -1.54260196e-11  -5.81144379e-23   6.46518243e-23  -2.35324504e-50
  2.25600000e-05   0.00000000e+00   0.00000000e+00  -1.59393117e-11  -6.00481632e-23   6.68030775e-23  -2.51245476e-50
  2.26400000e-05   0.00000000e+00   0.00000000e+00  -1.49800986e-11  -5.64345201e-23   6.27829299e-23  -2.21925542e-50
  2.27200000e-05   0.00000000e+00   0.00000000e+00  -1.61310984e-11  -6.07706810e-23   6.76068724e-23  -2.57328319e-50
  2.28000000e-05   0.00000000e+00   0.00000000e+00  -1.54667496e-11  -5.82678800e-23   6.48225273e-23  -2.36572219e-50
  2.28800000e-05   0.00000000e+00   0.00000000e+00  -1.53561811e-11  -5.78513356e-23   6.43591252e-23  -2.33201749e-50
  2.29600000e-05   0.00000000e+00   0.00000000e+00  -1.59174434e-11  -5.99657787e-23   6.67114254e-23  -2.50553710e-50
  2.30400000e-05   0.00000000e+00   0.00000000e+00  -1.57149631e-11  -5.92029749e-23   6.58628126e-23  -2.44226622e-50
  2.31200000e-05   0.00000000e+00   0.00000000e+00  -1.45637576e-11  -5.48660388e-23   6.10380076e-23  -2.09759288e-50
  2.32000000e-05   0.00000000e+00   0.00000000e+00  -1.51116878e-11  -5.69302560e-23   6.33344319e-23  -2.25834945e-50
  2.32800000e-05   0.00000000e+00   0.00000000e+00  -1.61738596e-11  -6.09317754e-23   6.77860886e-23  -2.58693820e-50
  2.33600000e-05   0.00000000e+00   0.00000000e+00  -1.42063354e-11  -5.35195221e-23   5.95400190e-23  -1.99580193e-50
  2.34400000e-05   0.00000000e+00   0.00000000e+00  -1.65140375e-11  -6.22133274e-23   6.92118045e-23  -2.69689469e-50
  2.35200000e-05   0.00000000e+00   0.00000000e+00  -1.23939750e-11  -4.66918176e-23   5.19442550e-23  -1.51923001e-50
  2.36000000e-05   0.00000000e+00   0.00000000e+00  -1.53798322e-11  -5.79404363e-23   6.44582490e-23  -2.33921163e-50
  2.36800000e-05   0.00000000e+00   0.00000000e+00  -1.55948619e-11  -5.87505176e-23   6.53594576e-23  -2.40503081e-50
  2.37600000e-05   0.00000000e+00   0.00000000e+00  -1.42537604e-11  -5.36981862e-23   5.97387813e-23  -2.00920354e-50
  2.38400000e-05   0.00000000e+00   0.00000000e+00  -1.32868526e-11  -5.00555551e-23   5.56863847e-23  -1.74590285e-50
  2.39200000e-05   0.00000000e+00   0.00000000e+00  -1.48626732e-11  -5.59921432e-23   6.22907892e-23  -2.18449400e-50
  2.40000000e-05   0.00000000e+00   0.00000000e+00  -1.43228508e-11  -5.39584707e-23   6.00283456e-23  -2.02860549e-50
  2.40800000e-05   0.00000000e+00   0.00000000e+00  -1.35597730e-11  -5.10837280e-23   5.68302184e-23  -1.81824168e-50
  2.41600000e-05   0.00000000e+00   0.00000000e+00  -1.30496916e-11  -4.91620986e-23   5.46924219e-23  -1.68412380e-50
  2.42400000e-05   0.00000000e+00   0.00000000e+00  -1.31271177e-11  -4.94537858e-23   5.50169214e-23  -1.70410477e-50
  2.43200000e-05   0.00000000e+00   0.00000000e+00  -1.31055995e-11  -4.93727201e-23   5.49267366e-23  -1.69853687e-50
  2.44000000e-05   0.00000000e+00   0.00000000e+00  -1.18449983e-11  -4.46236578e-23   4.96434446e-23  -1.38754265e-50
  2.44800000e-05   0.00000000e+00   0.00000000e+00  -1.31552110e-11  -4.95596217e-23   5.51346630e-23  -1.71141077e-50
  2.45600000e-05   0.00000000e+00   0.00000000e+00  -1.21032885e-11  -4.55967143e-23   5.07259618e-23  -1.44870728e-50
  2.46400000e-05   0.00000000e+00   0.00000000e+00  -1.25608265e-11  -4.73203973e-23   5.26435447e-23  -1.56026743e-50
  2.47200000e-05   0.00000000e+00   0.00000000e+00  -1.16255938e-11  -4.37970952e-23   4.87239007e-23  -1.33660661e-50
  2.48000000e-05   0.00000000e+00   0.00000000e+00  -1.19292500e-11  -4.49410593e-23   4.99965511e-23  -1.40728558e-50
  2.48800000e-05   0.00000000e+00   0.00000000e+00  -1.05930835e-11  -3.99073197e-23   4.43965581e-23  -1.10970518e-50
  2.49600000e-05   0.00000000e+00   0.00000000e+00  -1.15196981e-11  -4.33981546e-23   4.82800825e-23  -1.31232969e-50
  2.50400000e-05   0.00000000e+00   0.00000000e+00  -1.01160219e-11  -3.81100856e-23   4.23971502e-23  -1.01204845e-50
  2.51200000e-05   0.00000000e+00   0.00000000e+00  -9.91497954e-12  -3.73526989e-23   4.15545638e-23  -9.72211159e-51
  2.52000000e-05   0.00000000e+00   0.00000000e+00  -1.03280277e-11  -3.89087751e-23   4.32856856e-23  -1.05491719e-50
  2.52800000e-05   0.00000000e+00   0.00000000e+00  -9.75317775e-12  -3.67431431e-23   4.08764381e-23  -9.40737909e-51
  2.53600000e-05   0.00000000e+00   0.00000000e+00  -1.04227548e-11  -3.92656403e-23   4.36826951e-23  -1.07431448e-50
  2.54400000e-05   0.00000000e+00   0.00000000e+00  -1.01231331e-11  -3.81368758e-23   4.24269541e-23  -1.01342148e-50
  2.55200000e-05   0.00000000e+00   0.00000000e+00  -8.80050761e-12  -3.31541492e-23   3.68837125e-23  -7.65940150e-51
  2.56000000e-05   0.00000000e+00   0.00000000e+00  -8.34316155e-12  -3.14311895e-23   3.49669344e-23  -6.88418091e-51
  2.56800000e-05   0.00000000e+00   0.00000000e+00  -8.96877277e-12  -3.37880545e-23   3.75889268e-23  -7.95511337e-51
  2.57600000e-05   0.00000000e+00   0.00000000e+00  -8.77513076e-12  -3.30585470e-23   3.67773559e-23  -7.61479680e-51
  2.58400000e-05   0.00000000e+00   0.00000000e+00  -8.05563856e-12  -3.03480043e-23   3.37618999e-23  -6.41765645e-51
  2.59200000e-05   0.00000000e+00   0.00000000e+00  -8.30616517e-12  -3.12918131e-23   3.48118793e-23  -6.82286972e-51
  2.60000000e-05   0.00000000e+00   0.00000000e+00  -7.85571320e-12  -2.95948255e-23   3.29239948e-23  -6.10325890e-51
  2.60800000e-05   0.00000000e+00   0.00000000e+00  -7.78258508e-12  -2.93193300e-23   3.26175084e-23  -5.98930845e-51
  2.61600000e-05   0.00000000e+00   0.00000000e+00  -7.65642487e-12  -2.88440467e-23   3.20887597e-23  -5.79728765e-51
  2.62400000e-05   0.00000000e+00   0.00000000e+00  -7.59305360e-12  -2.86053081e-23   3.18231650e-23  -5.70134323e-51
  2.63200000e-05   0.00000000e+00   0.00000000e+00  -7.03239210e-12  -2.64931283e-23   2.94733827e-23  -4.89075540e-51
  2.64000000e-05   0.00000000e+00   0.00000000e+00  -6.91553052e-12  -2.60528757e-23   2.89836054e-23  -4.72983035e-51
  2.64800000e-05   0.00000000e+00   0.00000000e+00  -6.81221703e-12  -2.56636628e-23   2.85506093e-23  -4.58929821e-51
  2.65600000e-05   0.00000000e+00   0.00000000e+00  -6.26265144e-12  -2.35932845e-23   2.62473309e-23  -3.87869262e-51
  2.66400000e-05   0.00000000e+00   0.00000000e+00  -5.96478813e-12  -2.24711442e-23   2.49989592e-23  -3.51833455e-51
  2.67200000e-05   0.00000000e+00   0.00000000e+00  -7.63054716e-12  -2.87465576e-23   3.19803039e-23  -5.75775782e-51
  2.68000000e-05   0.00000000e+00   0.00000000e+00  -7.03359179e-12  -2.64976479e-23   2.94784107e-23  -4.89209712e-51
  2.68800000e-05   0.00000000e+00   0.00000000e+00  -6.06950951e-12  -2.28656610e-23   2.54378558e-23  -3.64316067e-51
  2.69600000e-05   0.00000000e+00   0.00000000e+00  -5.41958788e-12  -2.04172115e-23   2.27139763e-23  -2.90463295e-51
  2.70400000e-05   0.00000000e+00   0.00000000e+00  -5.74621887e-12  -2.16477283e-23   2.40829159e-23  -3.26540296e-51
  2.71200000e-05   0.00000000e+00   0.00000000e+00  -4.42020170e-12  -1.66522243e-23   1.85254597e-23  -1.93231653e-51
  2.72000000e-05   0.00000000e+00   0.00000000e+00  -4.61590755e-12  -1.73895069e-23   1.93456803e-23  -2.10726152e-51
  2.72800000e-05   0.00000000e+00   0.00000000e+00  -5.01778396e-12  -1.89034957e-23   2.10299802e-23  -2.48972289e-51
  2.73600000e-05   0.00000000e+00   0.00000000e+00  -2.94334811e-12  -1.10884743e-23   1.23358345e-23  -8.56948140e-52
  2.74400000e-05   0.00000000e+00   0.00000000e+00  -5.09854468e-12  -1.92077456e-23   2.13684556e-23  -2.57079558e-51
  2.75200000e-05   0.00000000e+00   0.00000000e+00  -4.70645119e-12  -1.77306119e-23   1.97251568e-23  -2.19066664e-51
  2.76000000e-05   0.00000000e+00   0.00000000e+00  -3.48649765e-12  -1.31346814e-23   1.46122227e-23  -1.20218601e-51
  2.76800000e-05   0.00000000e+00   0.00000000e+00  -3.76278677e-12  -1.41755452e-23   1.57701750e-23  -1.40037562e-51
  2.77600000e-05   0.00000000e+00   0.00000000e+00  -4.02463993e-12  -1.51620246e-23   1.68676250e-23  -1.60178677e-51
  2.78400000e-05   0.00000000e+00   0.00000000e+00  -3.68665746e-12  -1.38887434e-23   1.54511103e-23  -1.34415886e-51
  2.79200000e-05   0.00000000e+00   0.00000000e+00  -3.06563935e-12  -1.15491820e-23   1.28483680e-23  -9.29460309e-52
  2.80000000e-05   0.00000000e+00   0.00000000e+00  -4.39172854e-12  -1.65449574e-23   1.84061261e-23  -1.90721700e-51
  2.80800000e-05   0.00000000e+00   0.00000000e+00  -3.08314059e-12  -1.16151144e-23   1.29217173e-23  -9.40159419e-52
  2.81600000e-05   0.00000000e+00   0.00000000e+00  -2.86121505e-12  -1.07790544e-23   1.19916075e-23  -8.09674595e-52
  2.82400000e-05   0.00000000e+00   0.00000000e+00  -3.49919509e-12  -1.31825164e-23   1.46654388e-23  -1.21086535e-51
  2.83200000e-05   0.00000000e+00   0.00000000e+00  -2.83324507e-12  -1.06736832e-23   1.18743829e-23  -7.93889807e-52
  2.84000000e-05   0.00000000e+00   0.00000000e+00  -2.71061789e-12  -1.02117098e-23   1.13604414e-23  -7.26686270e-52
  2.84800000e-05   0.00000000e+00   0.00000000e+00  -3.62688542e-12  -1.36635641e-23   1.52006003e-23  -1.30079809e-51
  2.85600000e-05   0.00000000e+00   0.00000000e+00  -3.67152739e-12  -1.38317438e-23   1.53876988e-23  -1.33304941e-51
  2.86400000e-05   0.00000000e+00   0.00000000e+00  -2.75706479e-12  -1.03866892e-23   1.15551045e-23  -7.51673576e-52
  2.87200000e-05   0.00000000e+00   0.00000000e+00  -3.01561687e-12  -1.13607324e-23   1.26387193e-23  -8.99271744e-52
  2.88000000e-05   0.00000000e+00   0.00000000e+00  -1.43551137e-12  -5.40800149e-24   6.01635623e-24  -2.03843256e-52
  2.88800000e-05   0.00000000e+00   0.00000000e+00  -2.76376844e-12  -1.04119439e-23   1.15832001e-23  -7.55433904e-52
  2.89600000e-05   0.00000000e+00   0.00000000e+00  -2.62978402e-12  -9.90718441e-24   1.10216594e-23  -6.83896548e-52
  2.90400000e-05   0.00000000e+00   0.00000000e+00  -2.16258786e-12  -8.14711646e-24   9.06359863e-24  -4.62511287e-52
  2.91200000e-05   0.00000000e+00   0.00000000e+00  -1.82526171e-12  -6.87630778e-24   7.64983464e-24  -3.29513418e-52
  2.92000000e-05   0.00000000e+00   0.00000000e+00  -2.76069324e-12  -1.04003587e-23   1.15703116e-23  -7.53625618e-52
  2.92800000e-05   0.00000000e+00   0.00000000e+00  -1.92714293e-12  -7.26012486e-24   8.07682792e-24  -3.67282399e-52
  2.93600000e-05   0.00000000e+00   0.00000000e+00  -9.70238121e-13  -3.65517773e-24   4.06635452e-24  -9.31202241e-53
  2.94400000e-05   0.00000000e+00   0.00000000e+00  -2.13336058e-12  -8.03700856e-24   8.94110451e-24  -4.50129079e-52
  2.95200000e-05   0.00000000e+00   0.00000000e+00  -1.38092989e-12  -5.20237669e-24   5.78760036e-24  -1.88567363e-52
  2.96000000e-05   0.00000000e+00   0.00000000e+00  -1.93374995e-12  -7.28501550e-24   8.10451855e-24  -3.69773960e-52
  2.96800000e-05   0.00000000e+00   0.00000000e+00  -1.92535332e-12  -7.25338286e-24   8.06932750e-24  -3.66562266e-52
  2.97600000e-05   0.00000000e+00   0.00000000e+00  -1.08322342e-12  -4.08082722e-24   4.53988601e-24  -1.16094946e-52
  2.98400000e-05   0.00000000e+00   0.00000000e+00  -1.63834469e-12  -6.17213537e-24   6.86644875e-24  -2.65467553e-52
  2.99200000e-05   0.00000000e+00   0.00000000e+00  -1.11543368e-12  -4.20217291e-24   4.67488206e-24  -1.23036132e-52
  3.00000000e-05   0.00000000e+00   0.00000000e+00  -9.53872008e-13  -3.59352168e-24   3.99776268e-24  -9.00090998e-53
  3.00800000e-05   0.00000000e+00   0.00000000e+00  -1.30021878e-12  -4.89831373e-24   5.44933288e-24  -1.67197909e-52
  3.01600000e-05   0.00000000e+00   0.00000000e+00  -1.65719807e-12  -6.24316169e-24   6.94546494e-24  -2.71591283e-52
  3.02400000e-05   0.00000000e+00   0.00000000e+00  -8.81839487e-13  -3.32215359e-24   3.69586796e-24  -7.69206926e-53
  3.03200000e-05   0.00000000e+00   0.00000000e+00  -1.53190931e-12  -5.77116141e-24   6.42036859e-24  -2.32075990e-52
  3.04000000e-05   0.00000000e+00   0.00000000e+00  -1.52754977e-12  -5.75473772e-24   6.40209737e-24  -2.30732154e-52
  3.04800000e-05   0.00000000e+00   0.00000000e+00  -2.48362565e-13  -9.35656202e-25   1.04090966e-24  -6.10712141e-54
  3.05600000e-05   0.00000000e+00   0.00000000e+00  -1.17033603e-12  -4.40900651e-24   4.90498271e-24  -1.35432058e-52
  3.06400000e-05   0.00000000e+00   0.00000000e+00  -7.84493043e-13  -2.95542036e-24   3.28788033e-24  -6.08514171e-53
  3.07200000e-05   0.00000000e+00   0.00000000e+00  -1.11334629e-12  -4.19430907e-24   4.66613361e-24  -1.22593544e-52
  3.08000000e-05   0.00000000e+00   0.00000000e+00  -4.26332614e-13  -1.60612271e-24   1.78679802e-24  -1.79824937e-53
  3.08800000e-05   0.00000000e+00   0.00000000e+00  -8.51039001e-13  -3.20611893e-24   3.56678037e-24  -7.16313947e-53
  3.09600000e-05   0.00000000e+00   0.00000000e+00  -6.34688741e-13  -2.39106267e-24   2.66003713e-24  -3.98441576e-53
  3.10400000e-05   0.00000000e+00   0.00000000e+00  -8.74472744e-13  -3.29440086e-24   3.66499328e-24  -7.56484437e-53
  3.11200000e-05   0.00000000e+00   0.00000000e+00  -9.62533593e-13  -3.62615246e-24   4.03406416e-24  -9.16222874e-53
  3.12000000e-05   0.00000000e+00   0.00000000e+00  -6.73150141e-13  -2.53595829e-24   2.82123229e-24  -4.48190959e-53
  3.12800000e-05   0.00000000e+00   0.00000000e+00  -1.09510660e-12  -4.12559470e-24   4.58968945e-24  -1.18563941e-52
  3.13600000e-05   0.00000000e+00   0.00000000e+00  -9.89133024e-13  -3.72636049e-24   4.14554474e-24  -9.67387639e-53
  3.14400000e-05   0.00000000e+00   0.00000000e+00  -5.22311861e-13  -1.96770529e-24   2.18905561e-24  -2.69834988e-53
  3.15200000e-05   0.00000000e+00   0.00000000e+00  -5.03293158e-13  -1.89605613e-24   2.10934652e-24  -2.50279353e-53
  3.16000000e-05   0.00000000e+00   0.00000000e+00  -6.27932190e-13  -2.36560872e-24   2.63171983e-24  -3.89966834e-53
  3.16800000e-05   0.00000000e+00   0.00000000e+00   2.76619922e-13   1.04211013e-24  -1.15933877e-24  -7.55753920e-54
  3.17600000e-05   0.00000000e+00   0.00000000e+00  -8.40724173e-13  -3.16725988e-24   3.52355001e-24  -6.99033699e-53
  3.18400000e-05   0.00000000e+00   0.00000000e+00  -5.39539044e-13  -2.03260525e-24   2.26125627e-24  -2.87803801e-53
  3.19200000e-05   0.00000000e+00   0.00000000e+00  -4.72588583e-13  -1.78038280e-24   1.98066091e-24  -2.20851121e-53
  3.20000000e-05   0.00000000e+00   0.00000000e+00   2.26116571e-13   8.51848880e-25  -9.47674723e-25  -5.05229477e-54
  3.20800000e-05   0.00000000e+00   0.00000000e+00  -7.68124034e-13  -2.89375340e-24   3.21927635e-24  -5.83316315e-53
  3.21600000e-05   0.00000000e+00   0.00000000e+00  -2.28010402e-13  -8.58983506e-25   9.55611934e-25  -5.14173631e-54
  3.22400000e-05   0.00000000e+00   0.00000000e+00  -6.95372503e-13  -2.61967658e-24   2.91436819e-24  -4.78067334e-53
  3.23200000e-05   0.00000000e+00   0.00000000e+00  -3.53668040e-13  -1.33237348e-24   1.48225431e-24  -1.23738724e-53
  3.24000000e-05   0.00000000e+00   0.00000000e+00  -2.45711443e-14  -9.25668631e-26   1.02979858e-25  -5.97882432e-56
  3.24800000e-05   0.00000000e+00   0.00000000e+00  -6.43221064e-13  -2.42320649e-24   2.69579686e-24  -4.09104919e-53
  3.25600000e-05   0.00000000e+00   0.00000000e+00   2.47675288e-13   9.33067023e-25  -1.03802922e-24  -6.06222575e-54
  3.26400000e-05   0.00000000e+00   0.00000000e+00  -3.30089343e-13  -1.24354547e-24   1.38343388e-24  -1.07685545e-53
  3.27200000e-05   0.00000000e+00   0.00000000e+00  -2.06511391e-13  -7.77990289e-25   8.65507661e-25  -4.22246631e-54
  3.28000000e-05   0.00000000e+00   0.00000000e+00  -4.97575636e-13  -1.87451652e-24   2.08538388e-24  -2.44831473e-53
  3.28800000e-05   0.00000000e+00   0.00000000e+00   8.25121666e-13   3.10848056e-24  -3.45815851e-24  -6.73025210e-53
  3.29600000e-05   0.00000000e+00   0.00000000e+00  -3.75988023e-13  -1.41645955e-24   1.57579935e-24  -1.39763683e-53
  3.30400000e-05   0.00000000e+00   0.00000000e+00  -1.63381555e-13  -6.15507275e-25   6.84746673e-25  -2.63901434e-54
  3.31200000e-05   0.00000000e+00   0.00000000e+00   1.27251442e-14   4.79394312e-26  -5.33322145e-26  -1.58579226e-56
  3.32000000e-05   0.00000000e+00   0.00000000e+00   2.98252619e-15   1.12360699e-26  -1.25000333e-26  -8.68395439e-58
  3.32800000e-05   0.00000000e+00   0.00000000e+00   2.19878564e-13   8.28348438e-25  -9.21530678e-25  -4.77652890e-54
  3.33600000e-05   0.00000000e+00   0.00000000e+00  -3.17534778e-13  -1.19624866e-24   1.33081658e-24  -9.96906122e-54
  3.34400000e-05   0.00000000e+00   0.00000000e+00  -3.17228375e-13  -1.19509434e-24   1.32953242e-24  -9.94839579e-54
  3.35200000e-05   0.00000000e+00   0.00000000e+00   8.41887588e-14   3.17164281e-25  -3.52842598e-25  -6.99455088e-55
  3.36000000e-05   0.00000000e+00   0.00000000e+00  -1.31483316e-13  -4.95337048e-25   5.51058305e-25  -1.70902751e-54
  3.36800000e-05   0.00000000e+00   0.00000000e+00   1.41774597e-13   5.34107389e-25  -5.94189983e-25  -1.98697979e-54
  3.37600000e-05   0.00000000e+00   0.00000000e+00  -4.97605529e-14  -1.87462913e-25   2.08550916e-25  -2.44892778e-55
  3.38400000e-05   0.00000000e+00   0.00000000e+00  -1.57974972e-13  -5.95139057e-25   6.62087201e-25  -2.46733698e-54
  3.39200000e-05   0.00000000e+00   0.00000000e+00  -1.60086752e-13  -6.03094763e-25   6.70937858e-25  -2.53724057e-54
  3.40000000e-05   0.00000000e+00   0.00000000e+00   4.36457033e-13   1.64426443e-24  -1.82923036e-24  -1.88396554e-53
  3.40800000e-05   0.00000000e+00   0.00000000e+00  -1.68382371e-13  -6.34346848e-25   7.05705540e-25  -2.80441103e-54
  3.41600000e-05   0.00000000e+00   0.00000000e+00   1.77214807e-13   6.67621279e-25  -7.42723064e-25  -3.10297547e-54
  3.42400000e-05   0.00000000e+00   0.00000000e+00  -1.35017347e-13  -5.08650804e-25   5.65869747e-25  -1.80076034e-54
  3.43200000e-05   0.00000000e+00   0.00000000e+00  -6.02047501e-15  -2.26809334e-26   2.52323478e-26  -3.69641555e-57
  3.44000000e-05   0.00000000e+00   0.00000000e+00  -1.89169455e-13  -7.12658021e-25   7.92826061e-25  -3.53424865e-54
  3.44800000e-05   0.00000000e+00   0.00000000e+00   4.98442951e-13   1.87778395e-24  -2.08901887e-24  -2.45531923e-53
  3.45600000e-05   0.00000000e+00   0.00000000e+00  -2.54420453e-13  -9.58478081e-25   1.06629881e-24  -6.39750026e-54
  3.46400000e-05   0.00000000e+00   0.00000000e+00   2.84771492e-13   1.07281954e-24  -1.19350273e-24  -8.01237901e-54
  3.47200000e-05   0.00000000e+00   0.00000000e+00  -8.39213465e-14  -3.16156859e-25   3.51721850e-25  -6.95269371e-55
  3.48000000e-05   0.00000000e+00   0.00000000e+00   3.46956977e-13   1.30709090e-24  -1.45412764e-24  -1.19148927e-53
  3.48800000e-05   0.00000000e+00   0.00000000e+00  -8.42545193e-13  -3.17412021e-24   3.53118207e-24  -7.01778155e-53
  3.49600000e-05   0.00000000e+00   0.00000000e+00   2.03339695e-13   7.66041560e-25  -8.52214801e-25  -4.09036978e-54
  3.50400000e-05   0.00000000e+00   0.00000000e+00  -2.71479323e-13  -1.02274396e-24   1.13779406e-24  -7.28909251e-54
  3.51200000e-05   0.00000000e+00   0.00000000e+00  -1.16463221e-13  -4.38751852e-25   4.88107750e-25  -1.34076046e-54
  3.52000000e-05   0.00000000e+00   0.00000000e+00  -3.04441933e-14  -1.14692399e-25   1.27594330e-25  -9.19723568e-56
  3.52800000e-05   0.00000000e+00   0.00000000e+00   2.92279648e-13   1.10110502e-24  -1.22497008e-24  -8.44488879e-54
  3.53600000e-05   0.00000000e+00   0.00000000e+00   1.56162358e-13   5.88310395e-25  -6.54490372e-25  -2.41396095e-54
  3.54400000e-05   0.00000000e+00   0.00000000e+00   6.50405188e-13   2.45027123e-24  -2.72590616e-24  -4.18232476e-53
  3.55200000e-05   0.00000000e+00   0.00000000e+00   7.19531047e-13   2.71068906e-24  -3.01561880e-24  -5.11712200e-53
  3.56000000e-05   0.00000000e+00   0.00000000e+00   8.05299567e-14   3.03380477e-25  -3.37508232e-25  -6.41271729e-55
  3.56800000e-05   0.00000000e+00   0.00000000e+00  -1.07611829e-12  -4.05406005e-24   4.51010775e-24  -1.14491647e-52
  3.57600000e-05   0.00000000e+00   0.00000000e+00  -4.51347356e-13  -1.70036073e-24   1.89163703e-24  -2.01311265e-53
  3.58400000e-05   0.00000000e+00   0.00000000e+00   4.70103272e-13   1.77101989e-24  -1.97024475e-24  -2.18512637e-53
  3.59200000e-05   0.00000000e+00   0.00000000e+00  -3.10796029e-14  -1.17086177e-25   1.30257388e-25  -9.62542592e-56
  3.60000000e-05   0.00000000e+00   0.00000000e+00   4.97437440e-13   1.87399589e-24  -2.08480469e-24  -2.44623741e-53
  3.60800000e-05   0.00000000e+00   0.00000000e+00  -1.23759871e-13  -4.66240677e-25   5.18688517e-25  -1.51471813e-54
  3.61600000e-05   0.00000000e+00   0.00000000e+00  -1.72334390e-06  -6.49236722e-18   7.22267514e-18  -2.93580151e-40
  3.62400000e-05   0.00000000e+00   0.00000000e+00  -1.40549524e-06  -5.29498139e-18   5.89050232e-18  -1.95417612e-40
  3.63200000e-05   0.00000000e+00   0.00000000e+00  -5.55822986e-06  -2.09399857e-17   2.32946162e-17  -3.05463328e-39
  3.64000000e-05   0.00000000e+00   0.00000000e+00  -2.21390788e-06  -8.34074406e-18   9.27842499e-18  -4.84826742e-40
  3.64800000e-05   0.00000000e+00   0.00000000e+00   0.00000000e+00   0.00000000e+00   0.00000000e+00   0.00000000e+00
  3.65600000e-05   0.00000000e+00   0.00000000e+00   0.00000000e+00   0.00000000e+00   0.00000000e+00   0.00000000e+00
