       time             b_x              b_y              b_z              F_x              F_y              F_z
  0.00000000e+00   0.00000000e+00   0.00000000e+00  -2.39050775e-07  -2.69451849e-19   5.49567091e-20   0.00000000e+00
  8.00000000e-08   0.00000000e+00   0.00000000e+00  -6.90483241e-07  -7.78296420e-19   1.58731312e-19  -5.06184826e-42
  1.60000000e-07   0.00000000e+00   0.00000000e+00  -1.14131714e-06  -1.28646768e-18   2.62361553e-19  -1.38237618e-41
  2.40000000e-07   0.00000000e+00   0.00000000e+00  -1.59420289e-06  -1.79695350e-18   3.66454828e-19  -2.69660732e-41
  3.20000000e-07   0.00000000e+00   0.00000000e+00  -3.44344986e-06  -3.88139229e-18   7.91512698e-19  -1.25723737e-40
  4.00000000e-07   0.00000000e+00   0.00000000e+00  -2.81785866e-06  -3.17624054e-18   6.47699617e-19  -8.41875478e-41
  4.80000000e-07   0.00000000e+00   0.00000000e+00  -2.18936404e-06  -2.46781757e-18   5.03211953e-19  -5.08174489e-41
  5.60000000e-07   0.00000000e+00   0.00000000e+00  -1.56176962e-06  -1.76040464e-18   3.58953981e-19  -2.58554936e-41
  6.40000000e-07   0.00000000e+00   0.00000000e+00  -3.29082583e-07  -3.70937780e-19   7.56330195e-20  -1.15119183e-42
  7.20000000e-07   0.00000000e+00   0.00000000e+00  -3.84425239e-06  -4.33319880e-18   8.83497243e-19  -1.56697771e-40
  8.00000000e-07   0.00000000e+00   0.00000000e+00  -3.21666228e-06  -3.62578781e-18   7.39254564e-19  -1.09706896e-40
  8.80000000e-07   0.00000000e+00   0.00000000e+00  -2.58740984e-06  -2.91650591e-18   5.94615948e-19  -7.09788842e-41
  9.60000000e-07   0.00000000e+00   0.00000000e+00  -1.95781888e-06  -2.20683776e-18   4.49922399e-19  -4.06353815e-41
  1.04000000e-06   0.00000000e+00   0.00000000e+00   9.44026286e-07   1.06409987e-18  -2.16939852e-19  -9.44351308e-42
  1.12000000e-06   0.00000000e+00   0.00000000e+00   4.88221887e-07   5.50321010e-19  -1.12191345e-19  -2.52387350e-42
  1.20000000e-06   0.00000000e+00   0.00000000e+00   3.67492837e-08   4.14235988e-20  -8.44478476e-21  -1.40217754e-44
  1.28000000e-06   0.00000000e+00   0.00000000e+00  -4.20495206e-07  -4.73980386e-19   9.66255061e-20  -1.87864244e-42
  1.36000000e-06   0.00000000e+00   0.00000000e+00  -2.35635590e-06  -2.65607473e-18   5.41464091e-19  -5.88664778e-41
  1.44000000e-06   0.00000000e+00   0.00000000e+00   2.22512721e-06   2.50815462e-18  -5.11307572e-19  -5.24903538e-41
  1.52000000e-06   0.00000000e+00   0.00000000e+00   1.76787775e-06   1.99274701e-18  -4.06226420e-19  -3.31310428e-41
  1.60000000e-06   0.00000000e+00   0.00000000e+00   1.31897112e-06   1.48673978e-18  -3.03080175e-19  -1.84389226e-41
  1.68000000e-06   0.00000000e+00   0.00000000e+00   8.60288007e-07   9.69714399e-19  -1.97678235e-19  -7.84180506e-42
  1.76000000e-06   0.00000000e+00   0.00000000e+00  -2.75736046e-06  -3.10809012e-18   6.33587384e-19  -8.06106882e-41
  1.84000000e-06   0.00000000e+00   0.00000000e+00  -1.85612157e-08  -2.09221555e-20   4.26501564e-21  -3.69133414e-45
  1.92000000e-06   0.00000000e+00   0.00000000e+00  -7.18929237e-07  -8.10375307e-19   1.65195901e-19  -5.48000897e-42
  2.00000000e-06   0.00000000e+00   0.00000000e+00  -2.77689097e-07  -3.13010565e-19   6.38071289e-20  -8.18347805e-43
  2.08000000e-06   0.00000000e+00   0.00000000e+00  -4.21834178e-07  -4.75490641e-19   9.69284205e-20  -1.88630904e-42
  2.16000000e-06   0.00000000e+00   0.00000000e+00  -2.72863112e-07  -3.07570777e-19   6.26979619e-20  -7.89067552e-43
  2.24000000e-06   0.00000000e+00   0.00000000e+00   2.28198677e-07   2.57225173e-19  -5.24347506e-20  -5.51802212e-43
  2.32000000e-06   0.00000000e+00   0.00000000e+00   9.89693187e-08   1.11558062e-19  -2.27408059e-20  -1.03676466e-43
  2.40000000e-06   0.00000000e+00   0.00000000e+00  -3.09677413e-08  -3.49067953e-20   7.11562675e-21  -1.02335522e-44
  2.48000000e-06   0.00000000e+00   0.00000000e+00  -5.71849907e-07  -6.44588490e-19   1.31396751e-19  -3.46691614e-42
  2.56000000e-06   0.00000000e+00   0.00000000e+00  -4.22415129e-07  -4.76145800e-19   9.70603854e-20  -1.89150685e-42
  2.64000000e-06   0.00000000e+00   0.00000000e+00   4.76488633e-07   5.37097454e-19  -1.09484779e-19  -2.40686346e-42
  2.72000000e-06   0.00000000e+00   0.00000000e+00  -1.22537752e-07  -1.38124414e-19   2.81560232e-20  -1.58999638e-43
  2.80000000e-06   0.00000000e+00   0.00000000e+00   2.17282425e-07   2.44920532e-19  -4.99257576e-20  -5.00248424e-43
  2.88000000e-06   0.00000000e+00   0.00000000e+00   8.69445006e-08   9.80037694e-20  -1.99774744e-20  -7.99914841e-44
  2.96000000e-06   0.00000000e+00   0.00000000e+00  -5.72880961e-07  -6.45750915e-19   1.31632576e-19  -3.47942777e-42
  3.04000000e-06   0.00000000e+00   0.00000000e+00   7.26303673e-07   8.18688820e-19  -1.66885173e-19  -5.59297192e-42
  3.12000000e-06   0.00000000e+00   0.00000000e+00  -2.72538674e-07  -3.07205326e-19   6.26221607e-20  -7.87186604e-43
  3.20000000e-06   0.00000000e+00   0.00000000e+00   4.67054841e-07   5.26463773e-19  -1.07316750e-19  -2.31247735e-42
  3.28000000e-06   0.00000000e+00   0.00000000e+00   3.36316747e-07   3.79095976e-19  -7.72763358e-20  -1.19886128e-42
  3.36000000e-06   0.00000000e+00   0.00000000e+00  -7.24259216e-07  -8.16384438e-19   1.66414781e-19  -5.56155814e-42
  3.44000000e-06   0.00000000e+00   0.00000000e+00   7.50696991e-08   8.46185038e-20  -1.72489645e-20  -5.96114679e-44
  3.52000000e-06   0.00000000e+00   0.00000000e+00  -4.23449711e-07  -4.77312154e-19   9.72972449e-20  -1.90077789e-42
  3.60000000e-06   0.00000000e+00   0.00000000e+00  -2.72630652e-07  -3.07309010e-19   6.26432670e-20  -7.87716553e-43
  3.68000000e-06   0.00000000e+00   0.00000000e+00   4.39664711e-13   4.95589685e-25  -1.01023026e-25  -2.05012972e-54
  3.76000000e-06   0.00000000e+00   0.00000000e+00   5.31107525e-13   5.98663947e-25  -1.22034105e-25  -2.99100868e-54
  3.84000000e-06   0.00000000e+00   0.00000000e+00   4.14396861e-13   4.67107786e-25  -9.52171593e-26  -1.82077646e-54
  3.92000000e-06   0.00000000e+00   0.00000000e+00   1.71882025e-13   1.93745271e-25  -3.94938275e-26  -3.13560610e-55
  4.00000000e-06   0.00000000e+00   0.00000000e+00   2.28962516e-13   2.58086352e-25  -5.26093763e-26  -5.56294503e-55
  4.08000000e-06   0.00000000e+00   0.00000000e+00   3.42017636e-13   3.85521987e-25  -7.85863767e-26  -1.24022386e-54
  4.16000000e-06   0.00000000e+00   0.00000000e+00   1.35607801e-13   1.52856998e-25  -3.11589948e-26  -1.95015672e-55
  4.24000000e-06   0.00000000e+00   0.00000000e+00  -6.19459527e-15  -6.98254248e-27   1.42334998e-27  -4.04229489e-58
  4.32000000e-06   0.00000000e+00   0.00000000e+00  -1.86755199e-14  -2.10510300e-26   4.29112795e-27  -3.69062108e-57
  4.40000000e-06   0.00000000e+00   0.00000000e+00  -9.30449571e-14  -1.04880196e-25   2.13792076e-26  -9.18200666e-56
  4.48000000e-06   0.00000000e+00   0.00000000e+00  -2.20524931e-13  -2.48575514e-25   5.06706481e-26  -5.15762270e-55
  4.56000000e-06   0.00000000e+00   0.00000000e+00   1.27690613e-13   1.43932750e-25  -2.93398396e-26  -1.73049053e-55
  4.64000000e-06   0.00000000e+00   0.00000000e+00   8.45032390e-13   9.52519786e-25  -1.94165524e-25  -7.57162816e-54
  4.72000000e-06   0.00000000e+00   0.00000000e+00   8.91388737e-13   1.00477262e-24  -2.04816956e-25  -8.42521402e-54
  4.80000000e-06   0.00000000e+00   0.00000000e+00   9.46043505e-14   1.06637943e-25  -2.17375139e-26  -9.50142845e-56
  4.88000000e-06   1.50392928e-15   1.82034646e-15   2.72184073e-13   2.93063751e-25  -5.11872669e-26  -1.27696155e-27
  4.96000000e-06  -1.97425038e-13  -1.07912876e-13  -5.77150630e-13   1.64076983e-25  -1.35775972e-24   1.97741882e-25
  5.04000000e-06   2.18945683e-13   8.87126730e-14  -9.69792710e-14  -7.79012165e-25   1.67511712e-24  -2.26411621e-25
  5.12000000e-06   6.62076455e-14   1.44745740e-14   3.66571626e-13   3.03929807e-25   4.15577213e-25  -7.13033367e-26
  5.20000000e-06   0.00000000e+00   0.00000000e+00   5.00992773e-14   5.64718624e-26  -1.15114551e-26  -2.65483685e-56
  5.28000000e-06   0.00000000e+00   0.00000000e+00   1.95613813e-13   2.20495723e-25  -4.49467489e-26  -4.06062725e-55
  5.36000000e-06   0.00000000e+00   0.00000000e+00   8.83025134e-13   9.95345174e-25  -2.02895226e-25  -8.26811582e-54
  5.44000000e-06   0.00000000e+00   0.00000000e+00   1.62432588e-13   1.83093874e-25  -3.73226031e-26  -2.80001634e-55
  5.52000000e-06   0.00000000e+00   0.00000000e+00   3.40856625e-13   3.84213296e-25  -7.83196079e-26  -1.23198654e-54
  5.60000000e-06   0.00000000e+00   0.00000000e+00   1.78142003e-13   2.00801513e-25  -4.09322007e-26  -3.36466231e-55
  5.68000000e-06   0.00000000e+00   0.00000000e+00   1.95651206e-13   2.20537872e-25  -4.49553407e-26  -4.05725203e-55
  5.76000000e-06   0.00000000e+00   0.00000000e+00   2.25128652e-13   2.53764823e-25  -5.17284582e-26  -5.37231872e-55
  5.84000000e-06   0.00000000e+00   0.00000000e+00  -3.58437128e-14  -4.04030024e-26   8.23591306e-27  -1.35965689e-56
  5.92000000e-06   0.00000000e+00   0.00000000e+00   8.99994899e-14   1.01447348e-25  -2.06794418e-26  -8.59738966e-56
  6.00000000e-06   0.00000000e+00   0.00000000e+00   7.42264974e-13   8.36680443e-25  -1.70552359e-25  -5.84214240e-54
  6.08000000e-06   0.00000000e+00   0.00000000e+00   7.41609856e-14   8.35941995e-26  -1.70401831e-26  -5.84508370e-56
  6.16000000e-06   0.00000000e+00   0.00000000e+00  -9.08037177e-14  -1.02353873e-25   2.08642316e-26  -8.75294393e-56
  6.24000000e-06   0.00000000e+00   0.00000000e+00  -5.47835351e-13  -6.17519539e-25   1.25877705e-25  -3.18197613e-54
  6.32000000e-06   0.00000000e+00   0.00000000e+00  -5.42104935e-13  -6.11060219e-25   1.24561011e-25  -3.11574722e-54
  6.40000000e-06   0.00000000e+00   0.00000000e+00   1.29643520e-13   1.46134064e-25  -2.97885646e-26  -1.78199796e-55
  6.48000000e-06   0.00000000e+00   0.00000000e+00   2.10100367e-13   2.36824954e-25  -4.82753660e-26  -4.68062111e-55
  6.56000000e-06   0.00000000e+00   0.00000000e+00   3.14357239e-13   3.54343211e-25  -7.22307676e-26  -1.04794406e-54
  6.64000000e-06   0.00000000e+00   0.00000000e+00   4.59007251e-13   5.17392580e-25  -1.05467417e-25  -2.23429099e-54
  6.72000000e-06   0.00000000e+00   0.00000000e+00   5.09097492e-13   5.73854257e-25  -1.16976796e-25  -2.74848703e-54
  6.80000000e-06   0.00000000e+00   0.00000000e+00   2.35737022e-14   2.65722569e-26  -5.41659739e-27  -5.87776445e-57
  6.88000000e-06   0.00000000e+00   0.00000000e+00  -9.63804754e-14  -1.08639989e-25   2.21456192e-26  -9.84146795e-56
  6.96000000e-06   0.00000000e+00   0.00000000e+00   1.17315055e-13   1.32237430e-25  -2.69558178e-26  -1.45879687e-55
  7.04000000e-06   0.00000000e+00   0.00000000e+00  -4.16413221e-14  -4.69380627e-26   9.56804644e-27  -1.84174233e-56
  7.12000000e-06   0.00000000e+00   0.00000000e+00  -3.64015417e-14  -4.10317867e-26   8.36408701e-27  -1.40513813e-56
  7.20000000e-06   0.00000000e+00   0.00000000e+00  -2.28119784e-14  -2.57136425e-26   5.24157393e-27  -5.51798460e-57
  7.28000000e-06   0.00000000e+00   0.00000000e+00   7.62309274e-14   8.59274361e-26  -1.75157996e-26  -6.16720523e-56
  7.36000000e-06   0.00000000e+00   0.00000000e+00   2.07191713e-13   2.33546321e-25  -4.76070362e-26  -4.55384382e-55
  7.44000000e-06   0.00000000e+00   0.00000000e+00   1.94528197e-13   2.19272017e-25  -4.46973036e-26  -4.01172962e-55
  7.52000000e-06   0.00000000e+00   0.00000000e+00   1.04568949e-14   1.17870030e-26  -2.40271084e-27  -1.15362777e-57
  7.60000000e-06   0.00000000e+00   0.00000000e+00  -1.84759076e-13  -2.08260272e-25   4.24526246e-26  -3.61793645e-55
  7.68000000e-06   0.00000000e+00   0.00000000e+00  -2.26188683e-13  -2.54959690e-25   5.19720248e-26  -5.42301639e-55
  7.76000000e-06   0.00000000e+00   0.00000000e+00  -1.79330291e-13  -2.02140950e-25   4.12052371e-26  -3.41161639e-55
  7.84000000e-06   0.00000000e+00   0.00000000e+00  -7.30158806e-13  -8.23034381e-25   1.67770690e-25  -5.65310561e-54
  7.92000000e-06   0.00000000e+00   0.00000000e+00  -1.07558119e-13  -1.21239420e-25   2.47139387e-26  -1.22713967e-55
  8.00000000e-06   0.00000000e+00   0.00000000e+00  -5.04726687e-13  -5.68927489e-25   1.15972504e-25  -2.70147322e-54
  8.08000000e-06   0.00000000e+00   0.00000000e+00  -6.34851058e-13  -7.15603569e-25   1.45871555e-25  -4.27404027e-54
  8.16000000e-06   0.00000000e+00   0.00000000e+00   1.01685371e-13   1.14619663e-25  -2.33645403e-26  -1.09634392e-55
  8.24000000e-06   0.00000000e+00   0.00000000e+00   1.10344214e-13   1.24379903e-25  -2.53541076e-26  -1.29522940e-55
  8.32000000e-06   0.00000000e+00   0.00000000e+00   4.25975469e-13   4.80159183e-25  -9.78776095e-26  -1.92270415e-54
  8.40000000e-06   0.00000000e+00   0.00000000e+00   1.32239251e-13   1.49059970e-25  -3.03849932e-26  -1.84937063e-55
  8.48000000e-06   0.00000000e+00   0.00000000e+00  -3.84210497e-13  -4.33081743e-25   8.82811516e-26  -1.56414994e-54
  8.56000000e-06   0.00000000e+00   0.00000000e+00   1.32098433e-12   1.48901241e-24  -3.03526373e-25  -1.85009788e-53
  8.64000000e-06   0.00000000e+00   0.00000000e+00   2.64186616e-13   2.97790927e-25  -6.07029191e-26  -7.40334877e-55
  8.72000000e-06   0.00000000e+00   0.00000000e+00   1.03808643e-13   1.17013013e-25  -2.38524106e-26  -1.14172968e-55
  8.80000000e-06   0.00000000e+00   0.00000000e+00   7.98892480e-14   9.00510919e-26  -1.83563824e-26  -6.75998380e-56
  8.88000000e-06   0.00000000e+00   0.00000000e+00   5.01308113e-13   5.65074076e-25  -1.15187008e-25  -2.66548154e-54
  8.96000000e-06   0.00000000e+00   0.00000000e+00   1.91034116e-13   2.15333492e-25  -4.38944587e-26  -3.87143001e-55
  9.04000000e-06   0.00000000e+00   0.00000000e+00   7.72343758e-13   8.70585222e-25  -1.77463648e-25  -6.32537552e-54
  9.12000000e-06   0.00000000e+00   0.00000000e+00   1.34719982e-13   1.51856248e-25  -3.09549979e-26  -1.92706577e-55
  9.20000000e-06   0.00000000e+00   0.00000000e+00   9.82182590e-14   1.10711537e-25  -2.25678920e-26  -1.02224058e-55
  9.28000000e-06   0.00000000e+00   0.00000000e+00  -1.78132423e-13  -2.00790714e-25   4.09299995e-26  -3.36667749e-55
  9.36000000e-06   0.00000000e+00   0.00000000e+00  -3.04748556e-13  -3.43512312e-25   7.00229529e-26  -9.84868286e-55
  9.44000000e-06   0.00000000e+00   0.00000000e+00  -1.20087854e-13  -1.35362926e-25   2.75929318e-26  -1.52928716e-55
  9.52000000e-06   0.00000000e+00   0.00000000e+00  -6.90982029e-14  -7.78874351e-26   1.58768929e-26  -5.06293073e-56
  9.60000000e-06   0.00000000e+00   0.00000000e+00  -6.96050767e-13  -7.84587829e-25   1.59933588e-25  -5.13796932e-54
  9.68000000e-06   0.00000000e+00   0.00000000e+00  -8.54670402e-13  -9.63383745e-25   1.96380078e-25  -7.74656458e-54
  9.76000000e-06   0.00000000e+00   0.00000000e+00  -4.25622685e-13  -4.79761526e-25   9.77965493e-26  -1.92025929e-54
  9.84000000e-06   0.00000000e+00   0.00000000e+00   3.60507207e-14   4.06363414e-26  -8.28347785e-27  -1.38622911e-56
  9.92000000e-06   0.00000000e+00   0.00000000e+00   1.28496199e-13   1.44840805e-25  -2.95249415e-26  -1.74745345e-55
  1.00000000e-05   0.00000000e+00   0.00000000e+00  -9.97034339e-14  -1.12385625e-25   2.29091450e-26  -1.05704888e-55
  1.00800000e-05   0.00000000e+00   0.00000000e+00  -9.78967585e-14  -1.10349142e-25   2.24940200e-26  -1.01407024e-55
  1.01600000e-05   0.00000000e+00   0.00000000e+00   1.16814437e-12   1.31673133e-24  -2.68407893e-25  -1.44683556e-53
  1.02400000e-05   0.00000000e+00   0.00000000e+00   1.01472062e-12   1.14379221e-24  -2.33155276e-25  -1.09170356e-53
  1.03200000e-05   0.00000000e+00   0.00000000e+00  -4.20915147e-13  -4.74455193e-25   9.67148847e-26  -1.87793356e-54
  1.04000000e-05   0.00000000e+00   0.00000000e+00  -1.36441210e-13  -1.53796415e-25   3.13504895e-26  -1.97107102e-55
  1.04800000e-05   0.00000000e+00   0.00000000e+00  -4.14121374e-13  -4.66797258e-25   9.51538600e-26  -1.81843848e-54
  1.05600000e-05   0.00000000e+00   0.00000000e+00  -5.14066834e-13  -5.79455695e-25   1.18118616e-25  -2.80219038e-54
  1.06400000e-05   0.00000000e+00   0.00000000e+00  -3.75188176e-14  -4.22911790e-26   8.62080670e-27  -1.49386412e-56
  1.07200000e-05   0.00000000e+00   0.00000000e+00  -1.33929899e-13  -1.50965667e-25   3.07734583e-26  -1.90264604e-55
  1.08000000e-05   0.00000000e+00   0.00000000e+00  -1.01109202e-12  -1.13970206e-24   2.32321523e-25  -1.08410334e-53
  1.08800000e-05   0.00000000e+00   0.00000000e+00  -1.06045080e-13  -1.19533923e-25   2.43662832e-26  -1.19247547e-55
  1.09600000e-05   0.00000000e+00   0.00000000e+00  -7.33116184e-14  -8.26367935e-26   1.68450216e-26  -5.70251961e-56
  1.10400000e-05   0.00000000e+00   0.00000000e+00  -8.64401763e-14  -9.74352927e-26   1.98616081e-26  -7.92296461e-56
  1.11200000e-05   0.00000000e+00   0.00000000e+00  -1.52484262e-14  -1.71880130e-26   3.50367478e-27  -2.46379109e-57
  1.12000000e-05   0.00000000e+00   0.00000000e+00  -3.23096576e-14  -3.64194184e-26   7.42388302e-27  -1.10644852e-56
  1.12800000e-05   0.00000000e+00   0.00000000e+00  -5.74405619e-14  -6.47469521e-26   1.31982832e-26  -3.49796383e-56
  1.13600000e-05   0.00000000e+00   0.00000000e+00  -1.35042612e-13  -1.52219917e-25   3.10291296e-26  -1.93399013e-55
  1.14400000e-05   0.00000000e+00   0.00000000e+00  -1.96437115e-13  -2.21423748e-25   4.51359213e-26  -4.09225216e-55
  1.15200000e-05   0.00000000e+00   0.00000000e+00  -1.83492925e-13  -2.06833068e-25   4.21616976e-26  -3.57038483e-55
  1.16000000e-05   0.00000000e+00   0.00000000e+00  -4.00007411e-13  -4.50888011e-25   9.19108541e-26  -1.69693189e-54
  1.16800000e-05   0.00000000e+00   0.00000000e+00  -3.66437874e-13  -4.13048458e-25   8.41974850e-26  -1.42407126e-54
  1.17600000e-05   0.00000000e+00   0.00000000e+00  -2.67108993e-13  -3.01085028e-25   6.13744022e-26  -7.56674145e-55
  1.18400000e-05   0.00000000e+00   0.00000000e+00  -1.60406653e-13  -1.80810242e-25   3.68570983e-26  -2.72887542e-55
  1.19200000e-05   0.00000000e+00   0.00000000e+00   5.67438158e-13   6.39615806e-25  -1.30381899e-25  -3.41298078e-54
  1.20000000e-05   0.00000000e+00   0.00000000e+00   4.77452850e-13   5.38184443e-25  -1.09705715e-25  -2.41610296e-54
  1.20800000e-05   0.00000000e+00   0.00000000e+00  -4.74149763e-13  -5.34461207e-25   1.08946756e-25  -2.38304738e-54
  1.21600000e-05   0.00000000e+00   0.00000000e+00  -1.70226810e-13  -1.91879515e-25   3.91135041e-26  -3.06877656e-55
  1.22400000e-05   0.00000000e+00   0.00000000e+00   1.47041566e-12   1.65745128e-24  -3.37861639e-25  -2.29252909e-53
  1.23200000e-05   0.00000000e+00   0.00000000e+00  -5.54184807e-13  -6.24676639e-25   1.27336638e-25  -3.25546112e-54
  1.24000000e-05   0.00000000e+00   0.00000000e+00  -9.50309175e-15  -1.07118769e-26   2.18355274e-27  -9.79063186e-58
  1.24800000e-05   0.00000000e+00   0.00000000e+00  -3.12945019e-13  -3.52751357e-25   7.19062777e-26  -1.03931971e-54
  1.25600000e-05   0.00000000e+00   0.00000000e+00  -1.60149047e-12  -1.80519868e-24   3.67979074e-25  -2.71953424e-53
  1.26400000e-05   0.00000000e+00   0.00000000e+00   2.24959176e-13   2.53573790e-25  -5.16895173e-26  -5.36194668e-55
  1.27200000e-05   0.00000000e+00   0.00000000e+00  -2.58132668e-13  -2.90966923e-25   5.93118862e-26  -7.06754349e-55
  1.28000000e-05   0.00000000e+00   0.00000000e+00  -1.46673329e-13  -1.65330051e-25   3.37015530e-26  -2.28133797e-55
  1.28800000e-05   0.00000000e+00   0.00000000e+00  -1.67229675e-14  -1.88501146e-26   3.84248437e-27  -2.96381144e-57
  1.29600000e-05   0.00000000e+00   0.00000000e+00  -1.72223991e-13  -1.94130736e-25   3.95724022e-26  -3.14630221e-55
  1.30400000e-05   0.00000000e+00   0.00000000e+00  -2.40738612e-13  -2.71360357e-25   5.53152037e-26  -6.14891411e-55
  1.31200000e-05   0.00000000e+00   0.00000000e+00  -3.97289219e-13  -4.47824067e-25   9.12862873e-26  -1.67322265e-54
  1.32000000e-05   0.00000000e+00   0.00000000e+00  -4.15132315e-13  -4.67936790e-25   9.53861469e-26  -1.82692636e-54
  1.32800000e-05   0.00000000e+00   0.00000000e+00  -2.94543980e-13  -3.32009722e-25   6.76782179e-26  -9.20392995e-55
  1.33600000e-05   0.00000000e+00   0.00000000e+00  -1.09539998e-12  -1.23473391e-24   2.51693205e-25  -1.27233367e-53
  1.34400000e-05   0.00000000e+00   0.00000000e+00  -1.89316830e-13  -2.13397769e-25   4.34998730e-26  -3.80421668e-55
  1.35200000e-05   0.00000000e+00   0.00000000e+00  -4.39548746e-13  -4.95458970e-25   1.00996380e-25  -2.04844307e-54
  1.36000000e-05   0.00000000e+00   0.00000000e+00  -2.41071118e-13  -2.71735158e-25   5.53916046e-26  -6.16039314e-55
  1.36800000e-05   0.00000000e+00   0.00000000e+00   4.24358661e-13   4.78336719e-25  -9.75061109e-26  -1.90908044e-54
  1.37600000e-05   0.00000000e+00   0.00000000e+00   4.12412912e-13   4.64871481e-25  -9.47613017e-26  -1.80309193e-54
  1.38400000e-05   0.00000000e+00   0.00000000e+00   1.50940147e-13   1.70139605e-25  -3.46819520e-26  -2.41386536e-55
  1.39200000e-05   0.00000000e+00   0.00000000e+00   1.16534997e-13   1.31358149e-25  -2.67765817e-26  -1.43844374e-55
  1.40000000e-05   0.00000000e+00   0.00000000e+00  -1.46708659e-13  -1.65369874e-25   3.37096708e-26  -2.28080710e-55
  1.40800000e-05   0.00000000e+00   0.00000000e+00   3.32205166e-15   3.74461379e-27  -7.63317372e-28  -1.21170964e-58
  1.41600000e-05   0.00000000e+00   0.00000000e+00  -3.35300397e-13  -3.77950320e-25   7.70429372e-26  -1.19164638e-54
  1.42400000e-05   0.00000000e+00   0.00000000e+00   2.01302948e-13   2.26908511e-25  -4.62539578e-26  -4.29437812e-55
  1.43200000e-05   0.00000000e+00   0.00000000e+00   1.44686425e-14   1.63090414e-26  -3.32450163e-27  -2.19733862e-57
  1.44000000e-05   0.00000000e+00   0.00000000e+00  -1.01214205e-12  -1.14088566e-24   2.32562793e-25  -1.08623556e-53
  1.44800000e-05   0.00000000e+00   0.00000000e+00  -9.76995355e-13  -1.10126833e-24   2.24487035e-25  -1.01209945e-53
  1.45600000e-05   0.00000000e+00   0.00000000e+00   2.54093195e-13   2.86413631e-25  -5.83837246e-26  -6.84525030e-55
  1.46400000e-05   0.00000000e+00   0.00000000e+00   1.60404353e-13   1.80807649e-25  -3.68565698e-26  -2.72751193e-55
  1.47200000e-05   0.00000000e+00   0.00000000e+00  -1.05407331e-13  -1.18815053e-25   2.42197458e-26  -1.17727112e-55
  1.48000000e-05   0.00000000e+00   0.00000000e+00  -1.10693019e-13  -1.24773077e-25   2.54342537e-26  -1.29835597e-55
  1.48800000e-05   0.00000000e+00   0.00000000e+00  -1.43022812e-13  -1.61215191e-25   3.28627631e-26  -2.16740970e-55
  1.49600000e-05   0.00000000e+00   0.00000000e+00  -7.33995544e-14  -8.27359148e-26   1.68652269e-26  -5.71705428e-56
  1.50400000e-05   0.00000000e+00   0.00000000e+00  -3.27883201e-13  -3.69589663e-25   7.53386667e-26  -1.14029893e-54
  1.51200000e-05   0.00000000e+00   0.00000000e+00  -8.20913251e-13  -9.25332713e-25   1.88623600e-25  -7.14574768e-54
  1.52000000e-05   0.00000000e+00   0.00000000e+00  -9.02493996e-13  -1.01729046e-24   2.07368643e-25  -8.63670214e-54
  1.52800000e-05   0.00000000e+00   0.00000000e+00  -3.40548911e-13  -3.83866441e-25   7.82489035e-26  -1.23007292e-54
  1.53600000e-05   0.00000000e+00   0.00000000e+00  -1.97511538e-13  -2.22634836e-25   4.53827945e-26  -4.13802847e-55
  1.54400000e-05   0.00000000e+00   0.00000000e+00  -1.40596544e-13  -1.58480304e-25   3.23052726e-26  -2.09670011e-55
  1.55200000e-05   0.00000000e+00   0.00000000e+00  -3.95923325e-14  -4.46284433e-26   9.09724420e-27  -1.66332470e-56
  1.56000000e-05   0.00000000e+00   0.00000000e+00   2.47396515e-13   2.78865139e-25  -5.68450092e-26  -6.48990994e-55
  1.56800000e-05   0.00000000e+00   0.00000000e+00  -1.00153462e-13  -1.12892897e-25   2.30125492e-26  -1.06269680e-55
  1.57600000e-05   0.00000000e+00   0.00000000e+00   7.07265579e-14   7.97229155e-26  -1.62510448e-26  -5.29794777e-56
  1.58400000e-05   0.00000000e+00   0.00000000e+00  -4.30526258e-13  -4.85288830e-25   9.89232575e-26  -1.96524770e-54
  1.59200000e-05  -6.70556585e-07  -2.25422277e-07  -3.44385202e-13   1.70172731e-18  -5.06207598e-18   7.04016776e-19
  1.60000000e-05  -1.24548496e-06  -4.24731685e-07  -2.89726815e-13   3.20633005e-18  -9.40225652e-18   1.30618165e-18
