     timestep     time              x             y              z              vx             vy             vz             ax             ay             az         v_magnitude      ELoss        Electronic      Nuclear
           0   0.000000e+00   1.000000e-01   2.211774e+00   1.523285e+01   2.594040e+05  -1.035156e+06   4.985833e+05   0.000000e+00   0.000000e+00   0.000000e+00   1.177889e+06   0.000000e+00   0.000000e+00   0.000000e+00
        8000   7.999000e-08   1.207523e-01   2.128962e+00   1.527274e+01   2.594040e+05  -1.035156e+06   4.985833e+05   0.000000e+00   0.000000e+00   0.000000e+00   1.177889e+06   0.000000e+00   0.000000e+00   0.000000e+00
       16000   1.599900e-07   1.415046e-01   2.046149e+00   1.531263e+01   2.594040e+05  -1.035156e+06   4.985833e+05   0.000000e+00   0.000000e+00   0.000000e+00   1.177889e+06   0.000000e+00   0.000000e+00   0.000000e+00
       24000   2.399900e-07   1.622570e-01   1.963337e+00   1.535251e+01   2.594040e+05  -1.035156e+06   4.985833e+05   0.000000e+00   0.000000e+00   0.000000e+00   1.177889e+06   0.000000e+00   0.000000e+00   0.000000e+00
       32000   3.199900e-07   1.830093e-01   1.880524e+00   1.539240e+01   2.594040e+05  -1.035156e+06   4.985833e+05   0.000000e+00   0.000000e+00   0.000000e+00   1.177889e+06   0.000000e+00   0.000000e+00   0.000000e+00
       40000   3.999900e-07   2.037616e-01   1.797712e+00   1.543229e+01   2.594040e+05  -1.035156e+06   4.985833e+05   0.000000e+00   0.000000e+00   0.000000e+00   1.177889e+06   0.000000e+00   0.000000e+00   0.000000e+00
       48000   4.799900e-07   2.245139e-01   1.714899e+00   1.547217e+01   2.594040e+05  -1.035156e+06   4.985833e+05   0.000000e+00   0.000000e+00   0.000000e+00   1.177889e+06   0.000000e+00   0.000000e+00   0.000000e+00
       56000   5.599900e-07   2.452662e-01   1.632087e+00   1.551206e+01   2.594040e+05  -1.035156e+06   4.985833e+05   0.000000e+00   0.000000e+00   0.000000e+00   1.177889e+06   0.000000e+00   0.000000e+00   0.000000e+00
       64000   6.399900e-07   2.660186e-01   1.549274e+00   1.555195e+01   2.594040e+05  -1.035156e+06   4.985833e+05   0.000000e+00   0.000000e+00   0.000000e+00   1.177889e+06   0.000000e+00   0.000000e+00   0.000000e+00
       72000   7.199900e-07   2.867709e-01   1.466462e+00   1.559183e+01   2.594040e+05  -1.035156e+06   4.985833e+05   0.000000e+00   0.000000e+00   0.000000e+00   1.177889e+06   0.000000e+00   0.000000e+00   0.000000e+00
       80000   7.999900e-07   3.075232e-01   1.383649e+00   1.563172e+01   2.594040e+05  -1.035156e+06   4.985833e+05   0.000000e+00   0.000000e+00   0.000000e+00   1.177889e+06   0.000000e+00   0.000000e+00   0.000000e+00
       88000   8.799900e-07   3.282755e-01   1.300837e+00   1.567161e+01   2.594040e+05  -1.035156e+06   4.985833e+05   0.000000e+00   0.000000e+00   0.000000e+00   1.177889e+06   0.000000e+00   0.000000e+00   0.000000e+00
       96000   9.599900e-07   3.490278e-01   1.218025e+00   1.571149e+01   2.594040e+05  -1.035156e+06   4.985833e+05   0.000000e+00   0.000000e+00   0.000000e+00   1.177889e+06   0.000000e+00   0.000000e+00   0.000000e+00
      104000   1.039990e-06   3.697802e-01   1.135212e+00   1.575138e+01   2.594040e+05  -1.035156e+06   4.985833e+05   0.000000e+00   0.000000e+00   0.000000e+00   1.177889e+06   0.000000e+00   0.000000e+00   0.000000e+00
      112000   1.119990e-06   3.905325e-01   1.052400e+00   1.579127e+01   2.594040e+05  -1.035156e+06   4.985833e+05   0.000000e+00   0.000000e+00   0.000000e+00   1.177889e+06   0.000000e+00   0.000000e+00   0.000000e+00
      120000   1.199990e-06   4.112848e-01   9.695872e-01   1.583115e+01   2.594040e+05  -1.035156e+06   4.985833e+05   0.000000e+00   0.000000e+00   0.000000e+00   1.177889e+06   0.000000e+00   0.000000e+00   0.000000e+00
      128000   1.279990e-06   4.320371e-01   8.867747e-01   1.587104e+01   2.594040e+05  -1.035156e+06   4.985833e+05   0.000000e+00   0.000000e+00   0.000000e+00   1.177889e+06   0.000000e+00   0.000000e+00   0.000000e+00
      136000   1.359990e-06   4.527894e-01   8.039623e-01   1.591093e+01   2.594040e+05  -1.035156e+06   4.985833e+05   0.000000e+00   0.000000e+00   0.000000e+00   1.177889e+06   0.000000e+00   0.000000e+00   0.000000e+00
      144000   1.439990e-06   4.735418e-01   7.211498e-01   1.595081e+01   2.594040e+05  -1.035156e+06   4.985833e+05   0.000000e+00   0.000000e+00   0.000000e+00   1.177889e+06   0.000000e+00   0.000000e+00   0.000000e+00
      152000   1.519990e-06   4.942941e-01   6.383374e-01   1.599070e+01   2.594040e+05  -1.035156e+06   4.985833e+05   0.000000e+00   0.000000e+00   0.000000e+00   1.177889e+06   0.000000e+00   0.000000e+00   0.000000e+00
      160000   1.599990e-06   5.150464e-01   5.555249e-01   1.603059e+01   2.594040e+05  -1.035156e+06   4.985833e+05   0.000000e+00   0.000000e+00   0.000000e+00   1.177889e+06   0.000000e+00   0.000000e+00   0.000000e+00
      168000   1.679990e-06   5.357987e-01   4.727125e-01   1.607047e+01   2.594040e+05  -1.035156e+06   4.985833e+05   0.000000e+00   0.000000e+00   0.000000e+00   1.177889e+06   0.000000e+00   0.000000e+00   0.000000e+00
      176000   1.759990e-06   5.565510e-01   3.899000e-01   1.611036e+01   2.594040e+05  -1.035156e+06   4.985833e+05   0.000000e+00   0.000000e+00   0.000000e+00   1.177889e+06   0.000000e+00   0.000000e+00   0.000000e+00
      184000   1.839990e-06   5.773034e-01   3.070876e-01   1.615025e+01   2.594040e+05  -1.035156e+06   4.985833e+05   0.000000e+00   0.000000e+00   0.000000e+00   1.177889e+06   0.000000e+00   0.000000e+00   0.000000e+00
      192000   1.919990e-06   5.980557e-01   2.242751e-01   1.619013e+01   2.594040e+05  -1.035156e+06   4.985833e+05   0.000000e+00   0.000000e+00   0.000000e+00   1.177889e+06   0.000000e+00   0.000000e+00   0.000000e+00
      200000   1.999990e-06   6.188080e-01   1.414627e-01   1.623002e+01   2.594040e+05  -1.035156e+06   4.985833e+05   0.000000e+00   0.000000e+00   0.000000e+00   1.177889e+06   0.000000e+00   0.000000e+00   0.000000e+00
      208000   2.079990e-06   6.395603e-01   5.865022e-02   1.626991e+01   2.594040e+05  -1.035156e+06   4.985833e+05   0.000000e+00   0.000000e+00   0.000000e+00   1.177889e+06   0.000000e+00   0.000000e+00   0.000000e+00
