     timestep     time              x             y              z              vx             vy             vz             ax             ay             az         v_magnitude      ELoss        Electronic      Nuclear
           0   0.000000e+00   1.000000e-01   1.104943e+01   1.000128e+00  -1.675831e+03   7.538796e+03  -1.525110e+06   0.000000e+00   0.000000e+00   0.000000e+00   1.525130e+06   0.000000e+00   0.000000e+00   0.000000e+00
        8000   7.999000e-08   9.986593e-02   1.105003e+01   8.781192e-01  -1.675831e+03   7.538796e+03  -1.525110e+06   0.000000e+00   0.000000e+00   0.000000e+00   1.525130e+06   0.000000e+00   0.000000e+00   0.000000e+00
       16000   1.599900e-07   9.973187e-02   1.105064e+01   7.561104e-01  -1.675831e+03   7.538796e+03  -1.525110e+06   0.000000e+00   0.000000e+00   0.000000e+00   1.525130e+06   0.000000e+00   0.000000e+00   0.000000e+00
       24000   2.399900e-07   9.959780e-02   1.105124e+01   6.341016e-01  -1.675831e+03   7.538796e+03  -1.525110e+06   0.000000e+00   0.000000e+00   0.000000e+00   1.525130e+06   0.000000e+00   0.000000e+00   0.000000e+00
       32000   3.199900e-07   9.946373e-02   1.105184e+01   5.120928e-01  -1.675831e+03   7.538796e+03  -1.525110e+06   0.000000e+00   0.000000e+00   0.000000e+00   1.525130e+06   0.000000e+00   0.000000e+00   0.000000e+00
       40000   3.999900e-07   9.932967e-02   1.105245e+01   3.900840e-01  -1.675831e+03   7.538796e+03  -1.525110e+06   0.000000e+00   0.000000e+00   0.000000e+00   1.525130e+06   0.000000e+00   0.000000e+00   0.000000e+00
       48000   4.799900e-07   9.919560e-02   1.105305e+01   2.680752e-01  -1.675831e+03   7.538796e+03  -1.525110e+06   0.000000e+00   0.000000e+00   0.000000e+00   1.525130e+06   0.000000e+00   0.000000e+00   0.000000e+00
       56000   5.599900e-07   9.906153e-02   1.105365e+01   1.460664e-01  -1.675831e+03   7.538796e+03  -1.525110e+06   0.000000e+00   0.000000e+00   0.000000e+00   1.525130e+06   0.000000e+00   0.000000e+00   0.000000e+00
       64000   6.399900e-07   9.892747e-02   1.105426e+01   2.405763e-02  -1.675831e+03   7.538796e+03  -1.525110e+06   0.000000e+00   0.000000e+00   0.000000e+00   1.525130e+06   0.000000e+00   0.000000e+00   0.000000e+00
