       time             b_x              b_y              b_z              F_x              F_y              F_z
  0.00000000e+00   0.00000000e+00   0.00000000e+00   0.00000000e+00   0.00000000e+00   0.00000000e+00   0.00000000e+00
  8.00000000e-08   0.00000000e+00   0.00000000e+00   0.00000000e+00   0.00000000e+00   0.00000000e+00   0.00000000e+00
  1.60000000e-07   0.00000000e+00   0.00000000e+00   0.00000000e+00   0.00000000e+00   0.00000000e+00   0.00000000e+00
  2.40000000e-07   0.00000000e+00   0.00000000e+00   0.00000000e+00   0.00000000e+00   0.00000000e+00   0.00000000e+00
  3.20000000e-07   0.00000000e+00   0.00000000e+00   0.00000000e+00   0.00000000e+00   0.00000000e+00   0.00000000e+00
  4.00000000e-07   0.00000000e+00   0.00000000e+00   0.00000000e+00   0.00000000e+00   0.00000000e+00   0.00000000e+00
  4.80000000e-07   0.00000000e+00   0.00000000e+00   0.00000000e+00   0.00000000e+00   0.00000000e+00   0.00000000e+00
  5.60000000e-07   0.00000000e+00   0.00000000e+00   0.00000000e+00   0.00000000e+00   0.00000000e+00   0.00000000e+00
  6.40000000e-07   0.00000000e+00   0.00000000e+00   0.00000000e+00   0.00000000e+00   0.00000000e+00   0.00000000e+00
  7.20000000e-07   0.00000000e+00   0.00000000e+00   0.00000000e+00   0.00000000e+00   0.00000000e+00   0.00000000e+00
  8.00000000e-07   0.00000000e+00   0.00000000e+00   0.00000000e+00   0.00000000e+00   0.00000000e+00   0.00000000e+00
  8.80000000e-07   0.00000000e+00   0.00000000e+00   0.00000000e+00   0.00000000e+00   0.00000000e+00   0.00000000e+00
  9.60000000e-07   0.00000000e+00   0.00000000e+00   0.00000000e+00   0.00000000e+00   0.00000000e+00   0.00000000e+00
  1.04000000e-06   0.00000000e+00   0.00000000e+00   0.00000000e+00   0.00000000e+00   0.00000000e+00   0.00000000e+00
  1.12000000e-06   0.00000000e+00   0.00000000e+00   0.00000000e+00   0.00000000e+00   0.00000000e+00   0.00000000e+00
  1.20000000e-06   0.00000000e+00   0.00000000e+00   0.00000000e+00   0.00000000e+00   0.00000000e+00   0.00000000e+00
  1.28000000e-06   0.00000000e+00   0.00000000e+00   0.00000000e+00   0.00000000e+00   0.00000000e+00   0.00000000e+00
  1.36000000e-06   0.00000000e+00   0.00000000e+00   0.00000000e+00   0.00000000e+00   0.00000000e+00   0.00000000e+00
  1.44000000e-06   0.00000000e+00   0.00000000e+00   0.00000000e+00   0.00000000e+00   0.00000000e+00   0.00000000e+00
  1.52000000e-06   0.00000000e+00   0.00000000e+00   0.00000000e+00   0.00000000e+00   0.00000000e+00   0.00000000e+00
  1.60000000e-06   0.00000000e+00   0.00000000e+00   0.00000000e+00   0.00000000e+00   0.00000000e+00   0.00000000e+00
  1.68000000e-06   0.00000000e+00   0.00000000e+00   0.00000000e+00   0.00000000e+00   0.00000000e+00   0.00000000e+00
  1.76000000e-06   0.00000000e+00   0.00000000e+00   0.00000000e+00   0.00000000e+00   0.00000000e+00   0.00000000e+00
  1.84000000e-06   0.00000000e+00   0.00000000e+00   0.00000000e+00   0.00000000e+00   0.00000000e+00   0.00000000e+00
  1.92000000e-06   0.00000000e+00   0.00000000e+00   0.00000000e+00   0.00000000e+00   0.00000000e+00   0.00000000e+00
  2.00000000e-06   0.00000000e+00   0.00000000e+00   0.00000000e+00   0.00000000e+00   0.00000000e+00   0.00000000e+00
  2.08000000e-06   0.00000000e+00   0.00000000e+00   0.00000000e+00   0.00000000e+00   0.00000000e+00   0.00000000e+00
  2.16000000e-06   0.00000000e+00   0.00000000e+00   0.00000000e+00   0.00000000e+00   0.00000000e+00   0.00000000e+00
  2.24000000e-06   0.00000000e+00   0.00000000e+00   0.00000000e+00   0.00000000e+00   0.00000000e+00   0.00000000e+00
  2.32000000e-06   0.00000000e+00   0.00000000e+00   0.00000000e+00   0.00000000e+00   0.00000000e+00   0.00000000e+00
  2.40000000e-06   0.00000000e+00   0.00000000e+00   0.00000000e+00   0.00000000e+00   0.00000000e+00   0.00000000e+00
  2.48000000e-06   0.00000000e+00   0.00000000e+00   0.00000000e+00   0.00000000e+00   0.00000000e+00   0.00000000e+00
  2.56000000e-06   0.00000000e+00   0.00000000e+00   0.00000000e+00   0.00000000e+00   0.00000000e+00   0.00000000e+00
  2.64000000e-06   0.00000000e+00   0.00000000e+00   0.00000000e+00   0.00000000e+00   0.00000000e+00   0.00000000e+00
  2.72000000e-06   0.00000000e+00   0.00000000e+00   0.00000000e+00   0.00000000e+00   0.00000000e+00   0.00000000e+00
  2.80000000e-06   0.00000000e+00   0.00000000e+00   0.00000000e+00   0.00000000e+00   0.00000000e+00   0.00000000e+00
  2.88000000e-06   0.00000000e+00   0.00000000e+00   0.00000000e+00   0.00000000e+00   0.00000000e+00   0.00000000e+00
  2.96000000e-06   0.00000000e+00   0.00000000e+00   0.00000000e+00   0.00000000e+00   0.00000000e+00   0.00000000e+00
  3.04000000e-06   0.00000000e+00   0.00000000e+00   0.00000000e+00   0.00000000e+00   0.00000000e+00   0.00000000e+00
  3.12000000e-06   0.00000000e+00   0.00000000e+00   0.00000000e+00   0.00000000e+00   0.00000000e+00   0.00000000e+00
  3.20000000e-06   0.00000000e+00   0.00000000e+00   0.00000000e+00   0.00000000e+00   0.00000000e+00   0.00000000e+00
  3.28000000e-06   0.00000000e+00   0.00000000e+00   0.00000000e+00   0.00000000e+00   0.00000000e+00   0.00000000e+00
  3.36000000e-06   0.00000000e+00   0.00000000e+00   0.00000000e+00   0.00000000e+00   0.00000000e+00   0.00000000e+00
  3.44000000e-06   0.00000000e+00   0.00000000e+00   0.00000000e+00   0.00000000e+00   0.00000000e+00   0.00000000e+00
  3.52000000e-06   0.00000000e+00   0.00000000e+00   0.00000000e+00   0.00000000e+00   0.00000000e+00   0.00000000e+00
  3.60000000e-06   0.00000000e+00   0.00000000e+00   0.00000000e+00   0.00000000e+00   0.00000000e+00   0.00000000e+00
  3.68000000e-06   0.00000000e+00   0.00000000e+00   0.00000000e+00   0.00000000e+00   0.00000000e+00   0.00000000e+00
  3.76000000e-06   0.00000000e+00   0.00000000e+00   0.00000000e+00   0.00000000e+00   0.00000000e+00   0.00000000e+00
  3.84000000e-06   0.00000000e+00   0.00000000e+00   0.00000000e+00   0.00000000e+00   0.00000000e+00   0.00000000e+00
  3.92000000e-06   0.00000000e+00   0.00000000e+00   0.00000000e+00   0.00000000e+00   0.00000000e+00   0.00000000e+00
  4.00000000e-06   0.00000000e+00   0.00000000e+00   0.00000000e+00   0.00000000e+00   0.00000000e+00   0.00000000e+00
  4.08000000e-06   0.00000000e+00   0.00000000e+00   0.00000000e+00   0.00000000e+00   0.00000000e+00   0.00000000e+00
  4.16000000e-06   0.00000000e+00   0.00000000e+00   0.00000000e+00   0.00000000e+00   0.00000000e+00   0.00000000e+00
  4.24000000e-06   0.00000000e+00   0.00000000e+00   0.00000000e+00   0.00000000e+00   0.00000000e+00   0.00000000e+00
  4.32000000e-06   0.00000000e+00   0.00000000e+00   0.00000000e+00   0.00000000e+00   0.00000000e+00   0.00000000e+00
  4.40000000e-06   0.00000000e+00   0.00000000e+00   0.00000000e+00   0.00000000e+00   0.00000000e+00   0.00000000e+00
  4.48000000e-06   0.00000000e+00   0.00000000e+00   0.00000000e+00   0.00000000e+00   0.00000000e+00   0.00000000e+00
  4.56000000e-06   0.00000000e+00   0.00000000e+00   0.00000000e+00   0.00000000e+00   0.00000000e+00   0.00000000e+00
  4.64000000e-06   0.00000000e+00   0.00000000e+00   0.00000000e+00   0.00000000e+00   0.00000000e+00   0.00000000e+00
  4.72000000e-06   0.00000000e+00   0.00000000e+00   0.00000000e+00   0.00000000e+00   0.00000000e+00   0.00000000e+00
  4.80000000e-06   0.00000000e+00   0.00000000e+00   0.00000000e+00   0.00000000e+00   0.00000000e+00   0.00000000e+00
  4.88000000e-06   0.00000000e+00   0.00000000e+00   0.00000000e+00   0.00000000e+00   0.00000000e+00   0.00000000e+00
  4.96000000e-06   0.00000000e+00   0.00000000e+00   0.00000000e+00   0.00000000e+00   0.00000000e+00   0.00000000e+00
  5.04000000e-06   0.00000000e+00   0.00000000e+00   0.00000000e+00   0.00000000e+00   0.00000000e+00   0.00000000e+00
  5.12000000e-06   0.00000000e+00   0.00000000e+00   0.00000000e+00   0.00000000e+00   0.00000000e+00   0.00000000e+00
  5.20000000e-06   0.00000000e+00   0.00000000e+00   0.00000000e+00   0.00000000e+00   0.00000000e+00   0.00000000e+00
  5.28000000e-06   0.00000000e+00   0.00000000e+00   0.00000000e+00   0.00000000e+00   0.00000000e+00   0.00000000e+00
  5.36000000e-06   0.00000000e+00   0.00000000e+00   0.00000000e+00   0.00000000e+00   0.00000000e+00   0.00000000e+00
  5.44000000e-06   0.00000000e+00   0.00000000e+00   0.00000000e+00   0.00000000e+00   0.00000000e+00   0.00000000e+00
  5.52000000e-06   0.00000000e+00   0.00000000e+00   0.00000000e+00   0.00000000e+00   0.00000000e+00   0.00000000e+00
  5.60000000e-06   0.00000000e+00   0.00000000e+00   0.00000000e+00   0.00000000e+00   0.00000000e+00   0.00000000e+00
  5.68000000e-06   0.00000000e+00   0.00000000e+00   0.00000000e+00   0.00000000e+00   0.00000000e+00   0.00000000e+00
  5.76000000e-06   0.00000000e+00   0.00000000e+00   0.00000000e+00   0.00000000e+00   0.00000000e+00   0.00000000e+00
  5.84000000e-06   0.00000000e+00   0.00000000e+00   0.00000000e+00   0.00000000e+00   0.00000000e+00   0.00000000e+00
  5.92000000e-06   0.00000000e+00   0.00000000e+00   0.00000000e+00   0.00000000e+00   0.00000000e+00   0.00000000e+00
  6.00000000e-06   0.00000000e+00   0.00000000e+00   0.00000000e+00   0.00000000e+00   0.00000000e+00   0.00000000e+00
  6.08000000e-06   0.00000000e+00   0.00000000e+00   0.00000000e+00   0.00000000e+00   0.00000000e+00   0.00000000e+00
  6.16000000e-06   0.00000000e+00   0.00000000e+00   0.00000000e+00   0.00000000e+00   0.00000000e+00   0.00000000e+00
  6.24000000e-06   0.00000000e+00   0.00000000e+00   0.00000000e+00   0.00000000e+00   0.00000000e+00   0.00000000e+00
  6.32000000e-06   0.00000000e+00   0.00000000e+00   0.00000000e+00   0.00000000e+00   0.00000000e+00   0.00000000e+00
  6.40000000e-06   0.00000000e+00   0.00000000e+00   0.00000000e+00   0.00000000e+00   0.00000000e+00   0.00000000e+00
  6.48000000e-06   0.00000000e+00   0.00000000e+00   0.00000000e+00   0.00000000e+00   0.00000000e+00   0.00000000e+00
  6.56000000e-06   0.00000000e+00   0.00000000e+00   0.00000000e+00   0.00000000e+00   0.00000000e+00   0.00000000e+00
  6.64000000e-06   0.00000000e+00   0.00000000e+00   0.00000000e+00   0.00000000e+00   0.00000000e+00   0.00000000e+00
  6.72000000e-06   0.00000000e+00   0.00000000e+00   0.00000000e+00   0.00000000e+00   0.00000000e+00   0.00000000e+00
  6.80000000e-06   0.00000000e+00   0.00000000e+00   0.00000000e+00   0.00000000e+00   0.00000000e+00   0.00000000e+00
  6.88000000e-06   0.00000000e+00   0.00000000e+00   0.00000000e+00   0.00000000e+00   0.00000000e+00   0.00000000e+00
  6.96000000e-06   0.00000000e+00   0.00000000e+00   0.00000000e+00   0.00000000e+00   0.00000000e+00   0.00000000e+00
  7.04000000e-06   0.00000000e+00   0.00000000e+00   0.00000000e+00   0.00000000e+00   0.00000000e+00   0.00000000e+00
  7.12000000e-06   0.00000000e+00   0.00000000e+00   0.00000000e+00   0.00000000e+00   0.00000000e+00   0.00000000e+00
  7.20000000e-06   0.00000000e+00   0.00000000e+00   0.00000000e+00   0.00000000e+00   0.00000000e+00   0.00000000e+00
  7.28000000e-06   0.00000000e+00   0.00000000e+00   0.00000000e+00   0.00000000e+00   0.00000000e+00   0.00000000e+00
  7.36000000e-06   0.00000000e+00   0.00000000e+00   0.00000000e+00   0.00000000e+00   0.00000000e+00   0.00000000e+00
  7.44000000e-06   0.00000000e+00   0.00000000e+00   0.00000000e+00   0.00000000e+00   0.00000000e+00   0.00000000e+00
  7.52000000e-06   0.00000000e+00   0.00000000e+00   0.00000000e+00   0.00000000e+00   0.00000000e+00   0.00000000e+00
  7.60000000e-06   0.00000000e+00   0.00000000e+00   0.00000000e+00   0.00000000e+00   0.00000000e+00   0.00000000e+00
  7.68000000e-06   0.00000000e+00   0.00000000e+00   0.00000000e+00   0.00000000e+00   0.00000000e+00   0.00000000e+00
  7.76000000e-06   0.00000000e+00   0.00000000e+00   0.00000000e+00   0.00000000e+00   0.00000000e+00   0.00000000e+00
  7.84000000e-06   0.00000000e+00   0.00000000e+00   0.00000000e+00   0.00000000e+00   0.00000000e+00   0.00000000e+00
  7.92000000e-06   0.00000000e+00   0.00000000e+00   0.00000000e+00   0.00000000e+00   0.00000000e+00   0.00000000e+00
  8.00000000e-06   0.00000000e+00   0.00000000e+00   0.00000000e+00   0.00000000e+00   0.00000000e+00   0.00000000e+00
  8.08000000e-06   0.00000000e+00   0.00000000e+00   0.00000000e+00   0.00000000e+00   0.00000000e+00   0.00000000e+00
  8.16000000e-06   0.00000000e+00   0.00000000e+00   0.00000000e+00   0.00000000e+00   0.00000000e+00   0.00000000e+00
  8.24000000e-06   0.00000000e+00   0.00000000e+00   0.00000000e+00   0.00000000e+00   0.00000000e+00   0.00000000e+00
  8.32000000e-06   0.00000000e+00   0.00000000e+00   0.00000000e+00   0.00000000e+00   0.00000000e+00   0.00000000e+00
  8.40000000e-06   0.00000000e+00   0.00000000e+00   0.00000000e+00   0.00000000e+00   0.00000000e+00   0.00000000e+00
  8.48000000e-06   0.00000000e+00   0.00000000e+00   0.00000000e+00   0.00000000e+00   0.00000000e+00   0.00000000e+00
  8.56000000e-06   0.00000000e+00   0.00000000e+00   0.00000000e+00   0.00000000e+00   0.00000000e+00   0.00000000e+00
  8.64000000e-06   0.00000000e+00   0.00000000e+00   0.00000000e+00   0.00000000e+00   0.00000000e+00   0.00000000e+00
  8.72000000e-06   0.00000000e+00   0.00000000e+00   0.00000000e+00   0.00000000e+00   0.00000000e+00   0.00000000e+00
  8.80000000e-06   0.00000000e+00   0.00000000e+00   0.00000000e+00   0.00000000e+00   0.00000000e+00   0.00000000e+00
  8.88000000e-06   0.00000000e+00   0.00000000e+00   0.00000000e+00   0.00000000e+00   0.00000000e+00   0.00000000e+00
  8.96000000e-06   0.00000000e+00   0.00000000e+00   0.00000000e+00   0.00000000e+00   0.00000000e+00   0.00000000e+00
  9.04000000e-06   0.00000000e+00   0.00000000e+00   0.00000000e+00   0.00000000e+00   0.00000000e+00   0.00000000e+00
  9.12000000e-06   0.00000000e+00   0.00000000e+00   0.00000000e+00   0.00000000e+00   0.00000000e+00   0.00000000e+00
  9.20000000e-06   0.00000000e+00   0.00000000e+00   0.00000000e+00   0.00000000e+00   0.00000000e+00   0.00000000e+00
  9.28000000e-06   0.00000000e+00   0.00000000e+00   0.00000000e+00   0.00000000e+00   0.00000000e+00   0.00000000e+00
  9.36000000e-06   0.00000000e+00   0.00000000e+00   0.00000000e+00   0.00000000e+00   0.00000000e+00   0.00000000e+00
  9.44000000e-06   0.00000000e+00   0.00000000e+00   0.00000000e+00   0.00000000e+00   0.00000000e+00   0.00000000e+00
  9.52000000e-06   0.00000000e+00   0.00000000e+00   0.00000000e+00   0.00000000e+00   0.00000000e+00   0.00000000e+00
  9.60000000e-06   0.00000000e+00   0.00000000e+00   0.00000000e+00   0.00000000e+00   0.00000000e+00   0.00000000e+00
  9.68000000e-06   0.00000000e+00   0.00000000e+00   0.00000000e+00   0.00000000e+00   0.00000000e+00   0.00000000e+00
  9.76000000e-06   0.00000000e+00   0.00000000e+00   0.00000000e+00   0.00000000e+00   0.00000000e+00   0.00000000e+00
  9.84000000e-06   0.00000000e+00   0.00000000e+00   0.00000000e+00   0.00000000e+00   0.00000000e+00   0.00000000e+00
  9.92000000e-06   0.00000000e+00   0.00000000e+00   0.00000000e+00   0.00000000e+00   0.00000000e+00   0.00000000e+00
  1.00000000e-05   0.00000000e+00   0.00000000e+00   0.00000000e+00   0.00000000e+00   0.00000000e+00   0.00000000e+00
  1.00800000e-05   0.00000000e+00   0.00000000e+00   0.00000000e+00   0.00000000e+00   0.00000000e+00   0.00000000e+00
  1.01600000e-05   0.00000000e+00   0.00000000e+00   0.00000000e+00   0.00000000e+00   0.00000000e+00   0.00000000e+00
  1.02400000e-05   0.00000000e+00   0.00000000e+00   0.00000000e+00   0.00000000e+00   0.00000000e+00   0.00000000e+00
  1.03200000e-05   0.00000000e+00   0.00000000e+00   0.00000000e+00   0.00000000e+00   0.00000000e+00   0.00000000e+00
  1.04000000e-05   0.00000000e+00   0.00000000e+00   0.00000000e+00   0.00000000e+00   0.00000000e+00   0.00000000e+00
  1.04800000e-05   0.00000000e+00   0.00000000e+00   0.00000000e+00   0.00000000e+00   0.00000000e+00   0.00000000e+00
  1.05600000e-05   0.00000000e+00   0.00000000e+00   0.00000000e+00   0.00000000e+00   0.00000000e+00   0.00000000e+00
  1.06400000e-05   0.00000000e+00   0.00000000e+00   0.00000000e+00   0.00000000e+00   0.00000000e+00   0.00000000e+00
  1.07200000e-05   0.00000000e+00   0.00000000e+00   0.00000000e+00   0.00000000e+00   0.00000000e+00   0.00000000e+00
  1.08000000e-05   0.00000000e+00   0.00000000e+00   0.00000000e+00   0.00000000e+00   0.00000000e+00   0.00000000e+00
  1.08800000e-05   0.00000000e+00   0.00000000e+00   0.00000000e+00   0.00000000e+00   0.00000000e+00   0.00000000e+00
  1.09600000e-05   0.00000000e+00   0.00000000e+00   0.00000000e+00   0.00000000e+00   0.00000000e+00   0.00000000e+00
  1.10400000e-05   0.00000000e+00   0.00000000e+00   0.00000000e+00   0.00000000e+00   0.00000000e+00   0.00000000e+00
  1.11200000e-05   0.00000000e+00   0.00000000e+00   0.00000000e+00   0.00000000e+00   0.00000000e+00   0.00000000e+00
  1.12000000e-05   0.00000000e+00   0.00000000e+00   0.00000000e+00   0.00000000e+00   0.00000000e+00   0.00000000e+00
  1.12800000e-05   0.00000000e+00   0.00000000e+00   0.00000000e+00   0.00000000e+00   0.00000000e+00   0.00000000e+00
  1.13600000e-05   0.00000000e+00   0.00000000e+00   0.00000000e+00   0.00000000e+00   0.00000000e+00   0.00000000e+00
  1.14400000e-05   0.00000000e+00   0.00000000e+00   0.00000000e+00   0.00000000e+00   0.00000000e+00   0.00000000e+00
  1.15200000e-05   0.00000000e+00   0.00000000e+00   0.00000000e+00   0.00000000e+00   0.00000000e+00   0.00000000e+00
  1.16000000e-05   0.00000000e+00   0.00000000e+00   0.00000000e+00   0.00000000e+00   0.00000000e+00   0.00000000e+00
  1.16800000e-05   0.00000000e+00   0.00000000e+00   0.00000000e+00   0.00000000e+00   0.00000000e+00   0.00000000e+00
  1.17600000e-05   0.00000000e+00   0.00000000e+00   0.00000000e+00   0.00000000e+00   0.00000000e+00   0.00000000e+00
  1.18400000e-05   0.00000000e+00   0.00000000e+00   0.00000000e+00   0.00000000e+00   0.00000000e+00   0.00000000e+00
  1.19200000e-05   0.00000000e+00   0.00000000e+00   0.00000000e+00   0.00000000e+00   0.00000000e+00   0.00000000e+00
  1.20000000e-05   0.00000000e+00   0.00000000e+00   0.00000000e+00   0.00000000e+00   0.00000000e+00   0.00000000e+00
  1.20800000e-05   0.00000000e+00   0.00000000e+00   0.00000000e+00   0.00000000e+00   0.00000000e+00   0.00000000e+00
  1.21600000e-05   0.00000000e+00   0.00000000e+00   0.00000000e+00   0.00000000e+00   0.00000000e+00   0.00000000e+00
  1.22400000e-05   0.00000000e+00   0.00000000e+00   0.00000000e+00   0.00000000e+00   0.00000000e+00   0.00000000e+00
  1.23200000e-05   0.00000000e+00   0.00000000e+00   0.00000000e+00   0.00000000e+00   0.00000000e+00   0.00000000e+00
  1.24000000e-05   0.00000000e+00   0.00000000e+00   0.00000000e+00   0.00000000e+00   0.00000000e+00   0.00000000e+00
  1.24800000e-05   0.00000000e+00   0.00000000e+00   0.00000000e+00   0.00000000e+00   0.00000000e+00   0.00000000e+00
  1.25600000e-05   0.00000000e+00   0.00000000e+00   0.00000000e+00   0.00000000e+00   0.00000000e+00   0.00000000e+00
  1.26400000e-05   0.00000000e+00   0.00000000e+00   0.00000000e+00   0.00000000e+00   0.00000000e+00   0.00000000e+00
  1.27200000e-05   0.00000000e+00   0.00000000e+00   0.00000000e+00   0.00000000e+00   0.00000000e+00   0.00000000e+00
  1.28000000e-05   0.00000000e+00   0.00000000e+00   0.00000000e+00   0.00000000e+00   0.00000000e+00   0.00000000e+00
  1.28800000e-05   0.00000000e+00   0.00000000e+00   0.00000000e+00   0.00000000e+00   0.00000000e+00   0.00000000e+00
  1.29600000e-05   0.00000000e+00   0.00000000e+00   0.00000000e+00   0.00000000e+00   0.00000000e+00   0.00000000e+00
  1.30400000e-05   0.00000000e+00   0.00000000e+00   0.00000000e+00   0.00000000e+00   0.00000000e+00   0.00000000e+00
  1.31200000e-05   0.00000000e+00   0.00000000e+00   0.00000000e+00   0.00000000e+00   0.00000000e+00   0.00000000e+00
  1.32000000e-05   0.00000000e+00   0.00000000e+00   0.00000000e+00   0.00000000e+00   0.00000000e+00   0.00000000e+00
  1.32800000e-05   0.00000000e+00   0.00000000e+00   0.00000000e+00   0.00000000e+00   0.00000000e+00   0.00000000e+00
  1.33600000e-05   0.00000000e+00   0.00000000e+00   0.00000000e+00   0.00000000e+00   0.00000000e+00   0.00000000e+00
  1.34400000e-05   0.00000000e+00   0.00000000e+00   0.00000000e+00   0.00000000e+00   0.00000000e+00   0.00000000e+00
  1.35200000e-05   0.00000000e+00   0.00000000e+00   0.00000000e+00   0.00000000e+00   0.00000000e+00   0.00000000e+00
  1.36000000e-05   0.00000000e+00   0.00000000e+00   0.00000000e+00   0.00000000e+00   0.00000000e+00   0.00000000e+00
  1.36800000e-05   0.00000000e+00   0.00000000e+00   0.00000000e+00   0.00000000e+00   0.00000000e+00   0.00000000e+00
  1.37600000e-05   0.00000000e+00   0.00000000e+00   0.00000000e+00   0.00000000e+00   0.00000000e+00   0.00000000e+00
  1.38400000e-05   0.00000000e+00   0.00000000e+00   0.00000000e+00   0.00000000e+00   0.00000000e+00   0.00000000e+00
  1.39200000e-05   0.00000000e+00   0.00000000e+00   0.00000000e+00   0.00000000e+00   0.00000000e+00   0.00000000e+00
  1.40000000e-05   0.00000000e+00   0.00000000e+00   0.00000000e+00   0.00000000e+00   0.00000000e+00   0.00000000e+00
  1.40800000e-05   0.00000000e+00   0.00000000e+00   0.00000000e+00   0.00000000e+00   0.00000000e+00   0.00000000e+00
  1.41600000e-05   0.00000000e+00   0.00000000e+00   0.00000000e+00   0.00000000e+00   0.00000000e+00   0.00000000e+00
  1.42400000e-05   0.00000000e+00   0.00000000e+00   0.00000000e+00   0.00000000e+00   0.00000000e+00   0.00000000e+00
  1.43200000e-05   0.00000000e+00   0.00000000e+00   0.00000000e+00   0.00000000e+00   0.00000000e+00   0.00000000e+00
  1.44000000e-05   0.00000000e+00   0.00000000e+00   0.00000000e+00   0.00000000e+00   0.00000000e+00   0.00000000e+00
  1.44800000e-05   0.00000000e+00   0.00000000e+00   0.00000000e+00   0.00000000e+00   0.00000000e+00   0.00000000e+00
  1.45600000e-05   0.00000000e+00   0.00000000e+00   0.00000000e+00   0.00000000e+00   0.00000000e+00   0.00000000e+00
  1.46400000e-05   0.00000000e+00   0.00000000e+00   0.00000000e+00   0.00000000e+00   0.00000000e+00   0.00000000e+00
  1.47200000e-05   0.00000000e+00   0.00000000e+00   0.00000000e+00   0.00000000e+00   0.00000000e+00   0.00000000e+00
  1.48000000e-05   0.00000000e+00   0.00000000e+00   0.00000000e+00   0.00000000e+00   0.00000000e+00   0.00000000e+00
  1.48800000e-05   0.00000000e+00   0.00000000e+00   0.00000000e+00   0.00000000e+00   0.00000000e+00   0.00000000e+00
  1.49600000e-05   0.00000000e+00   0.00000000e+00   0.00000000e+00   0.00000000e+00   0.00000000e+00   0.00000000e+00
  1.50400000e-05   0.00000000e+00   0.00000000e+00   0.00000000e+00   0.00000000e+00   0.00000000e+00   0.00000000e+00
  1.51200000e-05   0.00000000e+00   0.00000000e+00   0.00000000e+00   0.00000000e+00   0.00000000e+00   0.00000000e+00
  1.52000000e-05   0.00000000e+00   0.00000000e+00   0.00000000e+00   0.00000000e+00   0.00000000e+00   0.00000000e+00
  1.52800000e-05   0.00000000e+00   0.00000000e+00   0.00000000e+00   0.00000000e+00   0.00000000e+00   0.00000000e+00
  1.53600000e-05   0.00000000e+00   0.00000000e+00   0.00000000e+00   0.00000000e+00   0.00000000e+00   0.00000000e+00
  1.54400000e-05   0.00000000e+00   0.00000000e+00   0.00000000e+00   0.00000000e+00   0.00000000e+00   0.00000000e+00
  1.55200000e-05   0.00000000e+00   0.00000000e+00   0.00000000e+00   0.00000000e+00   0.00000000e+00   0.00000000e+00
  1.56000000e-05   0.00000000e+00   0.00000000e+00   0.00000000e+00   0.00000000e+00   0.00000000e+00   0.00000000e+00
  1.56800000e-05   0.00000000e+00   0.00000000e+00   0.00000000e+00   0.00000000e+00   0.00000000e+00   0.00000000e+00
  1.57600000e-05   0.00000000e+00   0.00000000e+00   0.00000000e+00   0.00000000e+00   0.00000000e+00   0.00000000e+00
  1.58400000e-05   0.00000000e+00   0.00000000e+00   0.00000000e+00   0.00000000e+00   0.00000000e+00   0.00000000e+00
  1.59200000e-05   0.00000000e+00   0.00000000e+00   0.00000000e+00   0.00000000e+00   0.00000000e+00   0.00000000e+00
  1.60000000e-05   0.00000000e+00   0.00000000e+00   0.00000000e+00   0.00000000e+00   0.00000000e+00   0.00000000e+00
  1.60800000e-05   0.00000000e+00   0.00000000e+00   0.00000000e+00   0.00000000e+00   0.00000000e+00   0.00000000e+00
  1.61600000e-05   0.00000000e+00   0.00000000e+00   0.00000000e+00   0.00000000e+00   0.00000000e+00   0.00000000e+00
  1.62400000e-05   0.00000000e+00   0.00000000e+00   0.00000000e+00   0.00000000e+00   0.00000000e+00   0.00000000e+00
  1.63200000e-05   0.00000000e+00   0.00000000e+00   0.00000000e+00   0.00000000e+00   0.00000000e+00   0.00000000e+00
  1.64000000e-05   0.00000000e+00   0.00000000e+00   0.00000000e+00   0.00000000e+00   0.00000000e+00   0.00000000e+00
  1.64800000e-05   0.00000000e+00   0.00000000e+00   0.00000000e+00   0.00000000e+00   0.00000000e+00   0.00000000e+00
  1.65600000e-05   0.00000000e+00   0.00000000e+00   0.00000000e+00   0.00000000e+00   0.00000000e+00   0.00000000e+00
  1.66400000e-05   0.00000000e+00   0.00000000e+00   0.00000000e+00   0.00000000e+00   0.00000000e+00   0.00000000e+00
  1.67200000e-05   0.00000000e+00   0.00000000e+00   0.00000000e+00   0.00000000e+00   0.00000000e+00   0.00000000e+00
  1.68000000e-05   0.00000000e+00   0.00000000e+00   0.00000000e+00   0.00000000e+00   0.00000000e+00   0.00000000e+00
  1.68800000e-05   0.00000000e+00   0.00000000e+00   0.00000000e+00   0.00000000e+00   0.00000000e+00   0.00000000e+00
  1.69600000e-05   0.00000000e+00   0.00000000e+00   0.00000000e+00   0.00000000e+00   0.00000000e+00   0.00000000e+00
  1.70400000e-05   0.00000000e+00   0.00000000e+00   0.00000000e+00   0.00000000e+00   0.00000000e+00   0.00000000e+00
  1.71200000e-05   0.00000000e+00   0.00000000e+00   0.00000000e+00   0.00000000e+00   0.00000000e+00   0.00000000e+00
  1.72000000e-05   0.00000000e+00   0.00000000e+00   0.00000000e+00   0.00000000e+00   0.00000000e+00   0.00000000e+00
  1.72800000e-05   0.00000000e+00   0.00000000e+00   0.00000000e+00   0.00000000e+00   0.00000000e+00   0.00000000e+00
  1.73600000e-05   0.00000000e+00   0.00000000e+00   0.00000000e+00   0.00000000e+00   0.00000000e+00   0.00000000e+00
  1.74400000e-05   0.00000000e+00   0.00000000e+00   0.00000000e+00   0.00000000e+00   0.00000000e+00   0.00000000e+00
  1.75200000e-05   0.00000000e+00   0.00000000e+00   0.00000000e+00   0.00000000e+00   0.00000000e+00   0.00000000e+00
  1.76000000e-05   0.00000000e+00   0.00000000e+00   0.00000000e+00   0.00000000e+00   0.00000000e+00   0.00000000e+00
  1.76800000e-05   0.00000000e+00   0.00000000e+00   0.00000000e+00   0.00000000e+00   0.00000000e+00   0.00000000e+00
  1.77600000e-05   0.00000000e+00   0.00000000e+00   0.00000000e+00   0.00000000e+00   0.00000000e+00   0.00000000e+00
  1.78400000e-05   0.00000000e+00   0.00000000e+00   0.00000000e+00   0.00000000e+00   0.00000000e+00   0.00000000e+00
  1.79200000e-05   0.00000000e+00   0.00000000e+00   0.00000000e+00   0.00000000e+00   0.00000000e+00   0.00000000e+00
  1.80000000e-05   0.00000000e+00   0.00000000e+00   0.00000000e+00   0.00000000e+00   0.00000000e+00   0.00000000e+00
  1.80800000e-05   0.00000000e+00   0.00000000e+00   0.00000000e+00   0.00000000e+00   0.00000000e+00   0.00000000e+00
  1.81600000e-05   0.00000000e+00   0.00000000e+00   0.00000000e+00   0.00000000e+00   0.00000000e+00   0.00000000e+00
  1.82400000e-05   0.00000000e+00   0.00000000e+00   0.00000000e+00   0.00000000e+00   0.00000000e+00   0.00000000e+00
  1.83200000e-05   0.00000000e+00   0.00000000e+00   0.00000000e+00   0.00000000e+00   0.00000000e+00   0.00000000e+00
  1.84000000e-05   0.00000000e+00   0.00000000e+00   0.00000000e+00   0.00000000e+00   0.00000000e+00   0.00000000e+00
  1.84800000e-05   0.00000000e+00   0.00000000e+00   0.00000000e+00   0.00000000e+00   0.00000000e+00   0.00000000e+00
  1.85600000e-05   0.00000000e+00   0.00000000e+00   0.00000000e+00   0.00000000e+00   0.00000000e+00   0.00000000e+00
  1.86400000e-05   0.00000000e+00   0.00000000e+00   0.00000000e+00   0.00000000e+00   0.00000000e+00   0.00000000e+00
  1.87200000e-05   0.00000000e+00   0.00000000e+00   0.00000000e+00   0.00000000e+00   0.00000000e+00   0.00000000e+00
  1.88000000e-05   0.00000000e+00   0.00000000e+00   0.00000000e+00   0.00000000e+00   0.00000000e+00   0.00000000e+00
  1.88800000e-05   0.00000000e+00   0.00000000e+00   0.00000000e+00   0.00000000e+00   0.00000000e+00   0.00000000e+00
  1.89600000e-05   0.00000000e+00   0.00000000e+00   0.00000000e+00   0.00000000e+00   0.00000000e+00   0.00000000e+00
  1.90400000e-05   0.00000000e+00   0.00000000e+00   0.00000000e+00   0.00000000e+00   0.00000000e+00   0.00000000e+00
  1.91200000e-05   0.00000000e+00   0.00000000e+00   0.00000000e+00   0.00000000e+00   0.00000000e+00   0.00000000e+00
  1.92000000e-05   0.00000000e+00   0.00000000e+00   0.00000000e+00   0.00000000e+00   0.00000000e+00   0.00000000e+00
  1.92800000e-05   0.00000000e+00   0.00000000e+00   0.00000000e+00   0.00000000e+00   0.00000000e+00   0.00000000e+00
  1.93600000e-05   0.00000000e+00   0.00000000e+00   0.00000000e+00   0.00000000e+00   0.00000000e+00   0.00000000e+00
  1.94400000e-05   0.00000000e+00   0.00000000e+00   0.00000000e+00   0.00000000e+00   0.00000000e+00   0.00000000e+00
  1.95200000e-05   0.00000000e+00   0.00000000e+00   0.00000000e+00   0.00000000e+00   0.00000000e+00   0.00000000e+00
  1.96000000e-05   0.00000000e+00   0.00000000e+00   0.00000000e+00   0.00000000e+00   0.00000000e+00   0.00000000e+00
  1.96800000e-05   0.00000000e+00   0.00000000e+00   0.00000000e+00   0.00000000e+00   0.00000000e+00   0.00000000e+00
  1.97600000e-05   0.00000000e+00   0.00000000e+00   0.00000000e+00   0.00000000e+00   0.00000000e+00   0.00000000e+00
  1.98400000e-05   0.00000000e+00   0.00000000e+00   0.00000000e+00   0.00000000e+00   0.00000000e+00   0.00000000e+00
  1.99200000e-05   0.00000000e+00   0.00000000e+00   0.00000000e+00   0.00000000e+00   0.00000000e+00   0.00000000e+00
  2.00000000e-05   0.00000000e+00   0.00000000e+00   0.00000000e+00   0.00000000e+00   0.00000000e+00   0.00000000e+00
  2.00800000e-05   0.00000000e+00   0.00000000e+00   0.00000000e+00   0.00000000e+00   0.00000000e+00   0.00000000e+00
  2.01600000e-05   0.00000000e+00   0.00000000e+00   0.00000000e+00   0.00000000e+00   0.00000000e+00   0.00000000e+00
  2.02400000e-05   0.00000000e+00   0.00000000e+00   0.00000000e+00   0.00000000e+00   0.00000000e+00   0.00000000e+00
  2.03200000e-05   0.00000000e+00   0.00000000e+00   0.00000000e+00   0.00000000e+00   0.00000000e+00   0.00000000e+00
  2.04000000e-05   0.00000000e+00   0.00000000e+00   0.00000000e+00   0.00000000e+00   0.00000000e+00   0.00000000e+00
  2.04800000e-05   0.00000000e+00   0.00000000e+00   0.00000000e+00   0.00000000e+00   0.00000000e+00   0.00000000e+00
  2.05600000e-05   0.00000000e+00   0.00000000e+00   0.00000000e+00   0.00000000e+00   0.00000000e+00   0.00000000e+00
  2.06400000e-05   0.00000000e+00   0.00000000e+00   0.00000000e+00   0.00000000e+00   0.00000000e+00   0.00000000e+00
  2.07200000e-05   0.00000000e+00   0.00000000e+00   0.00000000e+00   0.00000000e+00   0.00000000e+00   0.00000000e+00
  2.08000000e-05   0.00000000e+00   0.00000000e+00   0.00000000e+00   0.00000000e+00   0.00000000e+00   0.00000000e+00
  2.08800000e-05   0.00000000e+00   0.00000000e+00   0.00000000e+00   0.00000000e+00   0.00000000e+00   0.00000000e+00
  2.09600000e-05   0.00000000e+00   0.00000000e+00   0.00000000e+00   0.00000000e+00   0.00000000e+00   0.00000000e+00
  2.10400000e-05   0.00000000e+00   0.00000000e+00   0.00000000e+00   0.00000000e+00   0.00000000e+00   0.00000000e+00
  2.11200000e-05   0.00000000e+00   0.00000000e+00   0.00000000e+00   0.00000000e+00   0.00000000e+00   0.00000000e+00
  2.12000000e-05   0.00000000e+00   0.00000000e+00   0.00000000e+00   0.00000000e+00   0.00000000e+00   0.00000000e+00
  2.12800000e-05   0.00000000e+00   0.00000000e+00   0.00000000e+00   0.00000000e+00   0.00000000e+00   0.00000000e+00
  2.13600000e-05   0.00000000e+00   0.00000000e+00   0.00000000e+00   0.00000000e+00   0.00000000e+00   0.00000000e+00
  2.14400000e-05   0.00000000e+00   0.00000000e+00   0.00000000e+00   0.00000000e+00   0.00000000e+00   0.00000000e+00
  2.15200000e-05   0.00000000e+00   0.00000000e+00   0.00000000e+00   0.00000000e+00   0.00000000e+00   0.00000000e+00
  2.16000000e-05   0.00000000e+00   0.00000000e+00   0.00000000e+00   0.00000000e+00   0.00000000e+00   0.00000000e+00
  2.16800000e-05   0.00000000e+00   0.00000000e+00   0.00000000e+00   0.00000000e+00   0.00000000e+00   0.00000000e+00
  2.17600000e-05   0.00000000e+00   0.00000000e+00   0.00000000e+00   0.00000000e+00   0.00000000e+00   0.00000000e+00
  2.18400000e-05   0.00000000e+00   0.00000000e+00   0.00000000e+00   0.00000000e+00   0.00000000e+00   0.00000000e+00
  2.19200000e-05   0.00000000e+00   0.00000000e+00   0.00000000e+00   0.00000000e+00   0.00000000e+00   0.00000000e+00
  2.20000000e-05   0.00000000e+00   0.00000000e+00   0.00000000e+00   0.00000000e+00   0.00000000e+00   0.00000000e+00
  2.20800000e-05   0.00000000e+00   0.00000000e+00   0.00000000e+00   0.00000000e+00   0.00000000e+00   0.00000000e+00
  2.21600000e-05   0.00000000e+00   0.00000000e+00   0.00000000e+00   0.00000000e+00   0.00000000e+00   0.00000000e+00
  2.22400000e-05   0.00000000e+00   0.00000000e+00   0.00000000e+00   0.00000000e+00   0.00000000e+00   0.00000000e+00
  2.23200000e-05   0.00000000e+00   0.00000000e+00   0.00000000e+00   0.00000000e+00   0.00000000e+00   0.00000000e+00
  2.24000000e-05   0.00000000e+00   0.00000000e+00   0.00000000e+00   0.00000000e+00   0.00000000e+00   0.00000000e+00
  2.24800000e-05   0.00000000e+00   0.00000000e+00   0.00000000e+00   0.00000000e+00   0.00000000e+00   0.00000000e+00
  2.25600000e-05   0.00000000e+00   0.00000000e+00   0.00000000e+00   0.00000000e+00   0.00000000e+00   0.00000000e+00
  2.26400000e-05   0.00000000e+00   0.00000000e+00   0.00000000e+00   0.00000000e+00   0.00000000e+00   0.00000000e+00
  2.27200000e-05   0.00000000e+00   0.00000000e+00   0.00000000e+00   0.00000000e+00   0.00000000e+00   0.00000000e+00
  2.28000000e-05   0.00000000e+00   0.00000000e+00   0.00000000e+00   0.00000000e+00   0.00000000e+00   0.00000000e+00
  2.28800000e-05   0.00000000e+00   0.00000000e+00   0.00000000e+00   0.00000000e+00   0.00000000e+00   0.00000000e+00
  2.29600000e-05   0.00000000e+00   0.00000000e+00   0.00000000e+00   0.00000000e+00   0.00000000e+00   0.00000000e+00
  2.30400000e-05   0.00000000e+00   0.00000000e+00   0.00000000e+00   0.00000000e+00   0.00000000e+00   0.00000000e+00
  2.31200000e-05   0.00000000e+00   0.00000000e+00   0.00000000e+00   0.00000000e+00   0.00000000e+00   0.00000000e+00
  2.32000000e-05   0.00000000e+00   0.00000000e+00   0.00000000e+00   0.00000000e+00   0.00000000e+00   0.00000000e+00
  2.32800000e-05   0.00000000e+00   0.00000000e+00   0.00000000e+00   0.00000000e+00   0.00000000e+00   0.00000000e+00
  2.33600000e-05   0.00000000e+00   0.00000000e+00   0.00000000e+00   0.00000000e+00   0.00000000e+00   0.00000000e+00
  2.34400000e-05   0.00000000e+00   0.00000000e+00   0.00000000e+00   0.00000000e+00   0.00000000e+00   0.00000000e+00
  2.35200000e-05   0.00000000e+00   0.00000000e+00   0.00000000e+00   0.00000000e+00   0.00000000e+00   0.00000000e+00
  2.36000000e-05   0.00000000e+00   0.00000000e+00   0.00000000e+00   0.00000000e+00   0.00000000e+00   0.00000000e+00
  2.36800000e-05   0.00000000e+00   0.00000000e+00   0.00000000e+00   0.00000000e+00   0.00000000e+00   0.00000000e+00
  2.37600000e-05   0.00000000e+00   0.00000000e+00   0.00000000e+00   0.00000000e+00   0.00000000e+00   0.00000000e+00
  2.38400000e-05   0.00000000e+00   0.00000000e+00   0.00000000e+00   0.00000000e+00   0.00000000e+00   0.00000000e+00
  2.39200000e-05   0.00000000e+00   0.00000000e+00   0.00000000e+00   0.00000000e+00   0.00000000e+00   0.00000000e+00
  2.40000000e-05   0.00000000e+00   0.00000000e+00   0.00000000e+00   0.00000000e+00   0.00000000e+00   0.00000000e+00
  2.40800000e-05   0.00000000e+00   0.00000000e+00   0.00000000e+00   0.00000000e+00   0.00000000e+00   0.00000000e+00
  2.41600000e-05   0.00000000e+00   0.00000000e+00   0.00000000e+00   0.00000000e+00   0.00000000e+00   0.00000000e+00
  2.42400000e-05   0.00000000e+00   0.00000000e+00   0.00000000e+00   0.00000000e+00   0.00000000e+00   0.00000000e+00
  2.43200000e-05   0.00000000e+00   0.00000000e+00   0.00000000e+00   0.00000000e+00   0.00000000e+00   0.00000000e+00
  2.44000000e-05   0.00000000e+00   0.00000000e+00   0.00000000e+00   0.00000000e+00   0.00000000e+00   0.00000000e+00
  2.44800000e-05   0.00000000e+00   0.00000000e+00   0.00000000e+00   0.00000000e+00   0.00000000e+00   0.00000000e+00
  2.45600000e-05   0.00000000e+00   0.00000000e+00   0.00000000e+00   0.00000000e+00   0.00000000e+00   0.00000000e+00
  2.46400000e-05   0.00000000e+00   0.00000000e+00   0.00000000e+00   0.00000000e+00   0.00000000e+00   0.00000000e+00
  2.47200000e-05   0.00000000e+00   0.00000000e+00   0.00000000e+00   0.00000000e+00   0.00000000e+00   0.00000000e+00
  2.48000000e-05   0.00000000e+00   0.00000000e+00   0.00000000e+00   0.00000000e+00   0.00000000e+00   0.00000000e+00
  2.48800000e-05   0.00000000e+00   0.00000000e+00   0.00000000e+00   0.00000000e+00   0.00000000e+00   0.00000000e+00
  2.49600000e-05   0.00000000e+00   0.00000000e+00   0.00000000e+00   0.00000000e+00   0.00000000e+00   0.00000000e+00
  2.50400000e-05   0.00000000e+00   0.00000000e+00   0.00000000e+00   0.00000000e+00   0.00000000e+00   0.00000000e+00
  2.51200000e-05   0.00000000e+00   0.00000000e+00   0.00000000e+00   0.00000000e+00   0.00000000e+00   0.00000000e+00
  2.52000000e-05   0.00000000e+00   0.00000000e+00   0.00000000e+00   0.00000000e+00   0.00000000e+00   0.00000000e+00
  2.52800000e-05   0.00000000e+00   0.00000000e+00   0.00000000e+00   0.00000000e+00   0.00000000e+00   0.00000000e+00
  2.53600000e-05   0.00000000e+00   0.00000000e+00   0.00000000e+00   0.00000000e+00   0.00000000e+00   0.00000000e+00
  2.54400000e-05   0.00000000e+00   0.00000000e+00   0.00000000e+00   0.00000000e+00   0.00000000e+00   0.00000000e+00
  2.55200000e-05   0.00000000e+00   0.00000000e+00   0.00000000e+00   0.00000000e+00   0.00000000e+00   0.00000000e+00
  2.56000000e-05   0.00000000e+00   0.00000000e+00   0.00000000e+00   0.00000000e+00   0.00000000e+00   0.00000000e+00
  2.56800000e-05   0.00000000e+00   0.00000000e+00   0.00000000e+00   0.00000000e+00   0.00000000e+00   0.00000000e+00
  2.57600000e-05   0.00000000e+00   0.00000000e+00   0.00000000e+00   0.00000000e+00   0.00000000e+00   0.00000000e+00
  2.58400000e-05   0.00000000e+00   0.00000000e+00   0.00000000e+00   0.00000000e+00   0.00000000e+00   0.00000000e+00
  2.59200000e-05   0.00000000e+00   0.00000000e+00   0.00000000e+00   0.00000000e+00   0.00000000e+00   0.00000000e+00
  2.60000000e-05   0.00000000e+00   0.00000000e+00   0.00000000e+00   0.00000000e+00   0.00000000e+00   0.00000000e+00
  2.60800000e-05   0.00000000e+00   0.00000000e+00   0.00000000e+00   0.00000000e+00   0.00000000e+00   0.00000000e+00
  2.61600000e-05   0.00000000e+00   0.00000000e+00   0.00000000e+00   0.00000000e+00   0.00000000e+00   0.00000000e+00
  2.62400000e-05   0.00000000e+00   0.00000000e+00   0.00000000e+00   0.00000000e+00   0.00000000e+00   0.00000000e+00
  2.63200000e-05   0.00000000e+00   0.00000000e+00   0.00000000e+00   0.00000000e+00   0.00000000e+00   0.00000000e+00
  2.64000000e-05   0.00000000e+00   0.00000000e+00   0.00000000e+00   0.00000000e+00   0.00000000e+00   0.00000000e+00
  2.64800000e-05   0.00000000e+00   0.00000000e+00   0.00000000e+00   0.00000000e+00   0.00000000e+00   0.00000000e+00
  2.65600000e-05   0.00000000e+00   0.00000000e+00   0.00000000e+00   0.00000000e+00   0.00000000e+00   0.00000000e+00
  2.66400000e-05   0.00000000e+00   0.00000000e+00   0.00000000e+00   0.00000000e+00   0.00000000e+00   0.00000000e+00
  2.67200000e-05   0.00000000e+00   0.00000000e+00   0.00000000e+00   0.00000000e+00   0.00000000e+00   0.00000000e+00
  2.68000000e-05   0.00000000e+00   0.00000000e+00   0.00000000e+00   0.00000000e+00   0.00000000e+00   0.00000000e+00
  2.68800000e-05   2.37859752e-08  -2.29157574e-08   0.00000000e+00   2.11445915e-20   2.19475499e-20  -1.15412369e-19
  2.69600000e-05   1.77493111e-07  -1.70999467e-07   0.00000000e+00   1.57782568e-19   1.63774305e-19  -8.61217708e-19
  2.70400000e-05   3.27261714e-07  -3.23221430e-07   0.00000000e+00   2.98237662e-19   3.01965647e-19  -1.60835734e-18
  2.71200000e-05   4.79139834e-07  -4.73224505e-07   0.00000000e+00   4.36642733e-19   4.42100788e-19  -2.35477738e-18
  2.72000000e-05   6.23226391e-07  -6.31016750e-07   0.00000000e+00   5.82232556e-19   5.75044472e-19  -3.10281249e-18
  2.72800000e-05   7.73226704e-07  -7.82892074e-07   0.00000000e+00   7.22356620e-19   7.13438603e-19  -3.84961188e-18
  2.73600000e-05   7.19416227e-07  -7.46735804e-07   0.00000000e+00   6.88984356e-19   6.63777634e-19  -3.62894536e-18
  2.74400000e-05   2.24539408e-07  -2.33066212e-07   0.00000000e+00   2.15039235e-19   2.07171953e-19  -1.13264301e-18
  2.75200000e-05   3.61898720e-06  -3.81770780e-06   1.51403154e-12   3.52230563e-18   3.33895410e-18  -1.84132403e-17
  2.76000000e-05   8.94087113e-07  -9.51400388e-07   0.00000000e+00   8.77760103e-19   8.24882990e-19  -4.57026305e-18
  2.76800000e-05   5.53726373e-06  -5.98086455e-06   2.65073563e-12   5.51761690e-18   5.10836252e-18  -2.85331511e-17
  2.77600000e-05   1.54503942e-06  -1.68549752e-06   0.00000000e+00   1.55485687e-18   1.42528549e-18  -8.00451015e-18
  2.78400000e-05   2.61729155e-06  -2.92634992e-06   9.25559462e-13   2.69928914e-18   2.41420682e-18  -1.37429997e-17
  2.79200000e-05   6.86421096e-06  -7.75594904e-06   1.06289017e-11   7.15358518e-18   6.33105404e-18  -3.62523787e-17
  2.80000000e-05   3.49626301e-06  -3.99291846e-06   3.68223637e-12   3.68234238e-18   3.22430052e-18  -1.85745994e-17
  2.80800000e-05   7.87816559e-06  -9.10648849e-06   1.78091637e-11   8.39748173e-18   7.26471036e-18  -4.21360343e-17
  2.81600000e-05   4.34686464e-06  -5.07917055e-06   6.26207058e-12   4.68301648e-18   4.00779853e-18  -2.33898929e-17
  2.82400000e-05   6.83472918e-06  -8.12222582e-06   1.27034553e-11   7.48811038e-18   6.30107264e-18  -3.71276579e-17
  2.83200000e-05   5.29001944e-06  -6.36991587e-06   2.26778516e-11   5.87184277e-18   4.87628195e-18  -2.89516609e-17
  2.84000000e-05   3.54204800e-06  -4.37692885e-06   3.75968851e-11   4.03436287e-18   3.26465605e-18  -1.96735275e-17
  2.84800000e-05   3.39068796e-06  -4.20123245e-06   2.74920877e-11   3.87197910e-18   3.12483408e-18  -1.88622008e-17
  2.85600000e-05   1.66933826e-06  -2.18866069e-06   4.20146932e-11   2.01708842e-18   1.53829221e-18  -9.59644534e-18
  2.86400000e-05   1.55042678e-06  -1.99222679e-06   3.18329885e-11   1.83591549e-18   1.42863863e-18  -8.80844375e-18
  2.87200000e-05   5.77801458e-06  -7.34887481e-06   2.65475020e-11   6.77155842e-18   5.32398469e-18  -3.26319471e-17
  2.88000000e-05   2.34502040e-06  -3.04537645e-06   2.64053403e-11   2.80594122e-18   2.16053271e-18  -1.34057393e-17
  2.88800000e-05   4.84133009e-06  -6.32514394e-06   2.46430649e-11   5.82730892e-18   4.46017385e-18  -2.77742387e-17
  2.89600000e-05   1.48133970e-06  -1.97774389e-06   2.55108092e-11   1.82195740e-18   1.36454384e-18  -8.60761536e-18
  2.90400000e-05   3.93305301e-06  -5.28221565e-06   2.58314002e-11   4.86573916e-18   3.62283914e-18  -2.29342344e-17
  2.91200000e-05   6.47024757e-07  -8.93227735e-07   2.43106098e-11   8.22795921e-19   5.95901882e-19  -3.83542938e-18
  2.92000000e-05   3.45717411e-14   3.53189115e-13   2.36286710e-11   5.56626768e-23  -6.08714266e-23   8.28432951e-25
  2.92800000e-05   4.33283372e-14   4.06276731e-13   2.32934072e-11   5.48193732e-23  -5.99992134e-23   9.44518410e-25
  2.93600000e-05   3.49097455e-13  -1.65709862e-13   2.26087480e-11   5.37239245e-23  -5.79528546e-23  -1.25430408e-24
  2.94400000e-05  -1.13426239e-13  -5.76569899e-13   2.24948626e-11   5.38325101e-23  -5.80853361e-23  -1.21735517e-24
  2.95200000e-05  -3.43588298e-13   5.39142637e-13   2.20055956e-11   5.16455306e-23  -5.70362411e-23   2.20377900e-24
  2.96000000e-05  -3.25860384e-14   6.77243151e-14   2.06301124e-11   4.88205472e-23  -5.32044528e-23   2.51772906e-25
  2.96800000e-05   2.08769325e-15  -6.48652934e-15   2.08254764e-11   4.93518152e-23  -5.36760689e-23  -2.16659076e-26
  2.97600000e-05  -7.21234253e-14   1.97348212e-13   1.98590600e-11   4.68741486e-23  -5.12534702e-23   6.79564131e-25
  2.98400000e-05   2.73561859e-14  -8.76491002e-14   1.99550409e-11   4.73640811e-23  -5.14092336e-23  -2.90737248e-25
  2.99200000e-05   4.45952786e-14  -1.29958583e-13   1.94546579e-11   4.62173972e-23  -5.01036099e-23  -4.40638528e-25
  3.00000000e-05  -3.81044766e-14   1.42050164e-13   1.88726734e-11   4.45878456e-23  -4.86797089e-23   4.56424853e-25
  3.00800000e-05   0.00000000e+00   0.00000000e+00   1.80885947e-11   4.28608159e-23  -4.66236365e-23  -3.92169981e-51
  3.01600000e-05   0.00000000e+00   0.00000000e+00   1.64857021e-11   3.90627715e-23  -4.24921556e-23  -3.25747072e-51
  3.02400000e-05   0.00000000e+00   0.00000000e+00   1.68169349e-11   3.98476258e-23  -4.33459135e-23  -3.38965276e-51
  3.03200000e-05   0.00000000e+00   0.00000000e+00   1.58173587e-11   3.74791361e-23  -4.07694902e-23  -2.99867819e-51
  3.04000000e-05   0.00000000e+00   0.00000000e+00   1.55219070e-11   3.67790650e-23  -4.00079588e-23  -2.88770460e-51
  3.04800000e-05   0.00000000e+00   0.00000000e+00   1.44440498e-11   3.42250887e-23  -3.72297648e-23  -2.50058213e-51
  3.05600000e-05   0.00000000e+00   0.00000000e+00   1.45249605e-11   3.44168061e-23  -3.74383134e-23  -2.52863203e-51
  3.06400000e-05   0.00000000e+00   0.00000000e+00   1.44384061e-11   3.42117161e-23  -3.72152182e-23  -2.49858557e-51
  3.07200000e-05   0.00000000e+00   0.00000000e+00   1.30799180e-11   3.09927867e-23  -3.37136938e-23  -2.05055062e-51
  3.08000000e-05   0.00000000e+00   0.00000000e+00   1.24315639e-11   2.94565157e-23  -3.20425510e-23  -1.85230402e-51
  3.08800000e-05   0.00000000e+00   0.00000000e+00   1.19320939e-11   2.82730245e-23  -3.07551592e-23  -1.70644639e-51
  3.09600000e-05   0.00000000e+00   0.00000000e+00   1.12930302e-11   2.67587668e-23  -2.91079624e-23  -1.52855779e-51
  3.10400000e-05   0.00000000e+00   0.00000000e+00   1.14726155e-11   2.71842931e-23  -2.95708463e-23  -1.57757552e-51
  3.11200000e-05   0.00000000e+00   0.00000000e+00   9.64717908e-12   2.28589326e-23  -2.48657554e-23  -1.11551119e-51
  3.12000000e-05   0.00000000e+00   0.00000000e+00   1.09618204e-11   2.59739674e-23  -2.82542641e-23  -1.44020673e-51
  3.12800000e-05   0.00000000e+00   0.00000000e+00   8.21245048e-12   1.94593518e-23  -2.11677199e-23  -8.08408165e-52
  3.13600000e-05   0.00000000e+00   0.00000000e+00   9.14144790e-12   2.16606056e-23  -2.35622253e-23  -1.00158651e-51
  3.14400000e-05   0.00000000e+00   0.00000000e+00   7.95791444e-12   1.88562302e-23  -2.05116493e-23  -7.59039167e-52
  3.15200000e-05   0.00000000e+00   0.00000000e+00   7.28183989e-12   1.72542757e-23  -1.87690565e-23  -6.35546433e-52
  3.16000000e-05   0.00000000e+00   0.00000000e+00   7.20946266e-12   1.70827782e-23  -1.85825031e-23  -6.22965687e-52
  3.16800000e-05   0.00000000e+00   0.00000000e+00   6.99282476e-12   1.65694560e-23  -1.80241155e-23  -5.86089206e-52
  3.17600000e-05   0.00000000e+00   0.00000000e+00   5.24321937e-12   1.24237766e-23  -1.35144802e-23  -3.29508316e-52
  3.18400000e-05   0.00000000e+00   0.00000000e+00   5.42025993e-12   1.28432732e-23  -1.39708050e-23  -3.52122580e-52
  3.19200000e-05   0.00000000e+00   0.00000000e+00   3.77322856e-12   8.94064228e-24  -9.72555579e-24  -1.70650154e-52
  3.20000000e-05   0.00000000e+00   0.00000000e+00   3.92322997e-12   9.29606972e-24  -1.01121868e-23  -1.84476517e-52
  3.20800000e-05   0.00000000e+00   0.00000000e+00   3.61571904e-12   8.56742443e-24  -9.31957253e-24  -1.56687829e-52
  3.21600000e-05   0.00000000e+00   0.00000000e+00   2.79896481e-12   6.63213022e-24  -7.21437570e-24  -9.39011149e-53
  3.22400000e-05   0.00000000e+00   0.00000000e+00   1.81254061e-12   4.29480403e-24  -4.67185185e-24  -3.93804103e-53
  3.23200000e-05   0.00000000e+00   0.00000000e+00   1.07396334e-12   2.54474965e-24  -2.76815735e-24  -1.38281229e-53
  3.24000000e-05   0.00000000e+00   0.00000000e+00   1.75582093e-12   4.16040708e-24  -4.52565598e-24  -3.69490400e-53
  3.24800000e-05   0.00000000e+00   0.00000000e+00   1.16243587e-12   2.75438477e-24  -2.99619669e-24  -1.61991229e-53
  3.25600000e-05   0.00000000e+00   0.00000000e+00  -1.43165895e-13  -3.39230724e-25   3.69012340e-25  -2.45140820e-55
  3.26400000e-05   0.00000000e+00   0.00000000e+00  -8.94197407e-13  -2.11879536e-24   2.30480784e-24  -9.58179291e-54
  3.27200000e-05   0.00000000e+00   0.00000000e+00  -9.72142067e-13  -2.30348476e-24   2.50571143e-24  -1.13252644e-53
  3.28000000e-05   0.00000000e+00   0.00000000e+00  -8.73731132e-13  -2.07030064e-24   2.25205570e-24  -9.14910994e-54
  3.28800000e-05   0.00000000e+00   0.00000000e+00  -1.20968005e-12  -2.86632956e-24   3.11796929e-24  -1.75409347e-53
  3.29600000e-05   0.00000000e+00   0.00000000e+00  -5.78725897e-13  -1.37128752e-24   1.49167508e-24  -4.01531173e-54
  3.30400000e-05   0.00000000e+00   0.00000000e+00  -2.19615354e-12  -5.20377255e-24   5.66062020e-24  -5.78066926e-53
  3.31200000e-05   0.00000000e+00   0.00000000e+00  -2.24365457e-12  -5.31632597e-24   5.78305486e-24  -6.03343672e-53
  3.32000000e-05   0.00000000e+00   0.00000000e+00  -3.48101756e-12  -8.24825008e-24   8.97237735e-24  -1.45232046e-52
  3.32800000e-05   0.00000000e+00   0.00000000e+00  -3.64269989e-12  -8.63135539e-24   9.38911610e-24  -1.59036583e-52
  3.33600000e-05   0.00000000e+00   0.00000000e+00  -4.13870455e-12  -9.80663544e-24   1.06675759e-23  -2.05292898e-52
  3.34400000e-05   0.00000000e+00   0.00000000e+00  -4.51968071e-12  -1.07093562e-23   1.16495479e-23  -2.44828195e-52
  3.35200000e-05   0.00000000e+00   0.00000000e+00  -5.06495012e-12  -1.20013687e-23   1.30549884e-23  -3.07458859e-52
  3.36000000e-05   0.00000000e+00   0.00000000e+00  -5.92344379e-12  -1.40355643e-23   1.52677693e-23  -4.20521183e-52
  3.36800000e-05   0.00000000e+00   0.00000000e+00  -5.49708125e-12  -1.30253008e-23   1.41688132e-23  -3.62169852e-52
  3.37600000e-05   0.00000000e+00   0.00000000e+00  -5.85590398e-12  -1.38755291e-23   1.50936844e-23  -4.10994785e-52
  3.38400000e-05   0.00000000e+00   0.00000000e+00  -6.64267434e-12  -1.57397767e-23   1.71215973e-23  -5.28848207e-52
  3.39200000e-05   0.00000000e+00   0.00000000e+00  -5.94135495e-12  -1.40780047e-23   1.53139356e-23  -4.23082885e-52
  3.40000000e-05   0.00000000e+00   0.00000000e+00  -7.49672217e-12  -1.77634379e-23   1.93229190e-23  -6.73556228e-52
  3.40800000e-05   0.00000000e+00   0.00000000e+00  -7.58956560e-12  -1.79834299e-23   1.95622244e-23  -6.90362512e-52
  3.41600000e-05   0.00000000e+00   0.00000000e+00  -7.17157786e-12  -1.69930104e-23   1.84848544e-23  -6.16404114e-52
  3.42400000e-05   0.00000000e+00   0.00000000e+00  -7.19211135e-12  -1.70416644e-23   1.85377798e-23  -6.19942563e-52
  3.43200000e-05   0.00000000e+00   0.00000000e+00  -7.86682470e-12  -1.86403936e-23   2.02768640e-23  -7.41721842e-52
  3.44000000e-05   0.00000000e+00   0.00000000e+00  -7.83490482e-12  -1.85647597e-23   2.01945901e-23  -7.35739196e-52
  3.44800000e-05   0.00000000e+00   0.00000000e+00  -9.49441292e-12  -2.24969541e-23   2.44719982e-23  -1.08038004e-51
  3.45600000e-05   0.00000000e+00   0.00000000e+00  -9.16785709e-12  -2.17231820e-23   2.36302954e-23  -1.00738848e-51
  3.46400000e-05   0.00000000e+00   0.00000000e+00  -8.90320779e-12  -2.10960971e-23   2.29481577e-23  -9.50059580e-52
  3.47200000e-05   0.00000000e+00   0.00000000e+00  -8.67750819e-12  -2.05613033e-23   2.23664135e-23  -9.02501555e-52
  3.48000000e-05   0.00000000e+00   0.00000000e+00  -9.26948451e-12  -2.19639876e-23   2.38922417e-23  -1.02982596e-51
  3.48800000e-05   0.00000000e+00   0.00000000e+00  -9.47448453e-12  -2.24497339e-23   2.44206325e-23  -1.07588017e-51
  3.49600000e-05   0.00000000e+00   0.00000000e+00  -9.48320928e-12  -2.24704071e-23   2.44431206e-23  -1.07787503e-51
  3.50400000e-05   0.00000000e+00   0.00000000e+00  -1.04827943e-11  -2.48389177e-23   2.70195666e-23  -1.31705294e-51
  3.51200000e-05   0.00000000e+00   0.00000000e+00  -1.00173585e-11  -2.37360704e-23   2.58198986e-23  -1.20272945e-51
  3.52000000e-05   0.00000000e+00   0.00000000e+00  -9.42280316e-12  -2.23272752e-23   2.42874229e-23  -1.06419732e-51
  3.52800000e-05   0.00000000e+00   0.00000000e+00  -1.02285038e-11  -2.42363780e-23   2.63641290e-23  -1.25399803e-51
  3.53600000e-05   0.00000000e+00   0.00000000e+00  -8.57399449e-12  -2.03160282e-23   2.20996053e-23  -8.81134938e-52
  3.54400000e-05   0.00000000e+00   0.00000000e+00  -1.10634299e-11  -2.62147304e-23   2.85161641e-23  -1.46701459e-51
  3.55200000e-05   0.00000000e+00   0.00000000e+00  -1.09601391e-11  -2.59699834e-23   2.82499303e-23  -1.43975091e-51
  3.56000000e-05   0.00000000e+00   0.00000000e+00  -1.18735734e-11  -2.81343604e-23   3.06043216e-23  -1.68971719e-51
  3.56800000e-05   0.00000000e+00   0.00000000e+00  -1.03921667e-11  -2.46241762e-23   2.67859726e-23  -1.29442995e-51
  3.57600000e-05   0.00000000e+00   0.00000000e+00  -1.22796416e-11  -2.90965367e-23   3.16509689e-23  -1.80724868e-51
  3.58400000e-05   0.00000000e+00   0.00000000e+00  -1.05284990e-11  -2.49472149e-23   2.71373713e-23  -1.32861553e-51
  3.59200000e-05   0.00000000e+00   0.00000000e+00  -1.16383327e-11  -2.75769592e-23   2.99979852e-23  -1.62341617e-51
  3.60000000e-05   0.00000000e+00   0.00000000e+00  -1.05452165e-11  -2.49868269e-23   2.71804609e-23  -1.33282628e-51
  3.60800000e-05   0.00000000e+00   0.00000000e+00  -1.25475845e-11  -2.97314258e-23   3.23415959e-23  -1.88692625e-51
  3.61600000e-05   0.00000000e+00   0.00000000e+00  -1.17223852e-11  -2.77761210e-23   3.02146317e-23  -1.64701511e-51
  3.62400000e-05   0.00000000e+00   0.00000000e+00  -1.20188788e-11  -2.84786607e-23   3.09788485e-23  -1.73132965e-51
  3.63200000e-05   0.00000000e+00   0.00000000e+00  -1.16089442e-11  -2.75073233e-23   2.99222358e-23  -1.61527842e-51
  3.64000000e-05   0.00000000e+00   0.00000000e+00  -1.15019551e-11  -2.72538132e-23   2.96464696e-23  -1.58567238e-51
  3.64800000e-05   0.00000000e+00   0.00000000e+00  -9.90683834e-12  -2.34741937e-23   2.55350312e-23  -1.17636665e-51
  3.65600000e-05   0.00000000e+00   0.00000000e+00  -1.11492948e-11  -2.64181867e-23   2.87374822e-23  -1.48985568e-51
  3.66400000e-05   0.00000000e+00   0.00000000e+00  -1.17312514e-11  -2.77971294e-23   3.02374845e-23  -1.64944701e-51
  3.67200000e-05   0.00000000e+00   0.00000000e+00  -1.19002355e-11  -2.81975362e-23   3.06730436e-23  -1.69734167e-51
  3.68000000e-05   0.00000000e+00   0.00000000e+00  -1.15614619e-11  -2.73948142e-23   2.97998493e-23  -1.60207836e-51
  3.68800000e-05   0.00000000e+00   0.00000000e+00  -1.10002676e-11  -2.60650677e-23   2.83533622e-23  -1.45023468e-51
  3.69600000e-05   0.00000000e+00   0.00000000e+00  -1.33593010e-11  -3.16547831e-23   3.44338078e-23  -2.13896347e-51
  3.70400000e-05   0.00000000e+00   0.00000000e+00  -1.15239060e-11  -2.73058258e-23   2.97030485e-23  -1.59162964e-51
  3.71200000e-05   0.00000000e+00   0.00000000e+00  -1.28472684e-11  -3.04415248e-23   3.31140356e-23  -1.97817850e-51
  3.72000000e-05   0.00000000e+00   0.00000000e+00  -1.16945784e-11  -2.77102329e-23   3.01429592e-23  -1.63916353e-51
  3.72800000e-05   0.00000000e+00   0.00000000e+00  -1.14328938e-11  -2.70901729e-23   2.94684631e-23  -1.56664292e-51
  3.73600000e-05   0.00000000e+00   0.00000000e+00  -1.07074930e-11  -2.53713399e-23   2.75987310e-23  -1.37419631e-51
  3.74400000e-05   0.00000000e+00   0.00000000e+00  -1.10890860e-11  -2.62755225e-23   2.85822932e-23  -1.47381613e-51
  3.75200000e-05   0.00000000e+00   0.00000000e+00  -1.16672380e-11  -2.76454501e-23   3.00724889e-23  -1.63152357e-51
  3.76000000e-05   0.00000000e+00   0.00000000e+00  -1.24437283e-11  -2.94853390e-23   3.20739047e-23  -1.85588570e-51
  3.76800000e-05   0.00000000e+00   0.00000000e+00  -1.11158558e-11  -2.63389533e-23   2.86512926e-23  -1.48094816e-51
  3.77600000e-05   0.00000000e+00   0.00000000e+00  -1.08884244e-11  -2.58000559e-23   2.80650846e-23  -1.42101015e-51
  3.78400000e-05   0.00000000e+00   0.00000000e+00  -1.05151358e-11  -2.49155509e-23   2.71029275e-23  -1.32519263e-51
  3.79200000e-05   0.00000000e+00   0.00000000e+00  -1.15217072e-11  -2.73006156e-23   2.96973809e-23  -1.59102049e-51
  3.80000000e-05   0.00000000e+00   0.00000000e+00  -1.08156658e-11  -2.56276549e-23   2.78775482e-23  -1.40205037e-51
  3.80800000e-05   0.00000000e+00   0.00000000e+00  -1.10977167e-11  -2.62959729e-23   2.86045389e-23  -1.47610227e-51
  3.81600000e-05   0.00000000e+00   0.00000000e+00  -1.08677638e-11  -2.57511007e-23   2.80118315e-23  -1.41558503e-51
  3.82400000e-05   0.00000000e+00   0.00000000e+00  -1.13108400e-11  -2.68009671e-23   2.91538674e-23  -1.53335082e-51
  3.83200000e-05   0.00000000e+00   0.00000000e+00  -1.11438391e-11  -2.64052596e-23   2.87234201e-23  -1.48844035e-51
  3.84000000e-05   0.00000000e+00   0.00000000e+00  -1.04565146e-11  -2.47766483e-23   2.69518304e-23  -1.31049722e-51
  3.84800000e-05   0.00000000e+00   0.00000000e+00  -1.05174396e-11  -2.49210098e-23   2.71088656e-23  -1.32575416e-51
  3.85600000e-05   0.00000000e+00   0.00000000e+00  -1.16922814e-11  -2.77047902e-23   3.01370386e-23  -1.63848578e-51
  3.86400000e-05   0.00000000e+00   0.00000000e+00  -1.00626037e-11  -2.38432789e-23   2.59365189e-23  -1.21359955e-51
  3.87200000e-05   0.00000000e+00   0.00000000e+00  -1.01000128e-11  -2.39319193e-23   2.60329412e-23  -1.22263975e-51
  3.88000000e-05   0.00000000e+00   0.00000000e+00  -1.00467122e-11  -2.38056239e-23   2.58955581e-23  -1.20978206e-51
  3.88800000e-05   0.00000000e+00   0.00000000e+00  -9.66276867e-12  -2.28958721e-23   2.49059377e-23  -1.11908365e-51
  3.89600000e-05   0.00000000e+00   0.00000000e+00  -9.93901737e-12  -2.35504417e-23   2.56179731e-23  -1.18397899e-51
  3.90400000e-05   0.00000000e+00   0.00000000e+00  -9.75361942e-12  -2.31111424e-23   2.51401070e-23  -1.14022024e-51
  3.91200000e-05   0.00000000e+00   0.00000000e+00  -9.99746764e-12  -2.36889393e-23   2.57686296e-23  -1.19792902e-51
  3.92000000e-05   0.00000000e+00   0.00000000e+00  -1.04853930e-11  -2.48450755e-23   2.70262649e-23  -1.31770695e-51
  3.92800000e-05   0.00000000e+00   0.00000000e+00  -9.27358564e-12  -2.19737052e-23   2.39028124e-23  -1.03077105e-51
  3.93600000e-05   0.00000000e+00   0.00000000e+00  -9.84414690e-12  -2.33256467e-23   2.53734430e-23  -1.16144903e-51
  3.94400000e-05   0.00000000e+00   0.00000000e+00  -9.80221283e-12  -2.32262842e-23   2.52653572e-23  -1.15163342e-51
  3.95200000e-05   0.00000000e+00   0.00000000e+00  -8.98961256e-12  -2.13008328e-23   2.31708673e-23  -9.68596362e-52
  3.96000000e-05   0.00000000e+00   0.00000000e+00  -9.87099320e-12  -2.33892589e-23   2.54426397e-23  -1.16781227e-51
  3.96800000e-05   0.00000000e+00   0.00000000e+00  -9.35051882e-12  -2.21559979e-23   2.41011089e-23  -1.04794528e-51
  3.97600000e-05   0.00000000e+00   0.00000000e+00  -8.30684086e-12  -1.96830093e-23   2.14110126e-23  -8.27066618e-52
  3.98400000e-05   0.00000000e+00   0.00000000e+00  -8.86507895e-12  -2.10057511e-23   2.28498800e-23  -9.41943945e-52
  3.99200000e-05   0.00000000e+00   0.00000000e+00  -8.47532522e-12  -2.00822320e-23   2.18452836e-23  -8.60939845e-52
  4.00000000e-05   0.00000000e+00   0.00000000e+00  -8.84826048e-12  -2.09658998e-23   2.28065301e-23  -9.38368299e-52
  4.00800000e-05   0.00000000e+00   0.00000000e+00  -8.49906828e-12  -2.01384910e-23   2.19064817e-23  -8.65767399e-52
  4.01600000e-05   0.00000000e+00   0.00000000e+00  -9.12030030e-12  -2.16104966e-23   2.35077170e-23  -9.96939054e-52
  4.02400000e-05   0.00000000e+00   0.00000000e+00  -8.45589240e-12  -2.00361860e-23   2.17951952e-23  -8.56992750e-52
  4.03200000e-05   0.00000000e+00   0.00000000e+00  -8.01822550e-12  -1.89991370e-23   2.06671019e-23  -7.70581292e-52
  4.04000000e-05   0.00000000e+00   0.00000000e+00  -9.54108150e-12  -2.26075351e-23   2.45922872e-23  -1.09102059e-51
  4.04800000e-05   0.00000000e+00   0.00000000e+00  -7.58495962e-12  -1.79725161e-23   1.95503523e-23  -6.89554957e-52
  4.05600000e-05   0.00000000e+00   0.00000000e+00  -8.65050902e-12  -2.04973289e-23   2.22968226e-23  -8.96856901e-52
  4.06400000e-05   0.00000000e+00   0.00000000e+00  -8.31010711e-12  -1.96907487e-23   2.14194313e-23  -8.27698387e-52
  4.07200000e-05   0.00000000e+00   0.00000000e+00  -7.81094985e-12  -1.85079986e-23   2.01328457e-23  -7.31247785e-52
  4.08000000e-05   0.00000000e+00   0.00000000e+00  -8.23861098e-12  -1.95213390e-23   2.12351490e-23  -8.13507661e-52
  4.08800000e-05   0.00000000e+00   0.00000000e+00  -8.34603978e-12  -1.97758909e-23   2.15120484e-23  -8.34861769e-52
  4.09600000e-05   0.00000000e+00   0.00000000e+00  -7.14672912e-12  -1.69341316e-23   1.84208063e-23  -6.12172934e-52
  4.10400000e-05   0.00000000e+00   0.00000000e+00  -6.85634740e-12  -1.62460738e-23   1.76723429e-23  -5.63436915e-52
  4.11200000e-05   0.00000000e+00   0.00000000e+00  -8.42133213e-12  -1.99542957e-23   2.17061156e-23  -8.49994181e-52
  4.12000000e-05   0.00000000e+00   0.00000000e+00  -8.47635077e-12  -2.00846620e-23   2.18479270e-23  -8.61136914e-52
  4.12800000e-05   0.00000000e+00   0.00000000e+00  -6.57041631e-12  -1.55685618e-23   1.69353510e-23  -5.17425398e-52
  4.13600000e-05   0.00000000e+00   0.00000000e+00  -7.63994707e-12  -1.81028085e-23   1.96920833e-23  -6.99561828e-52
  4.14400000e-05   0.00000000e+00   0.00000000e+00  -7.41182158e-12  -1.75622665e-23   1.91040863e-23  -6.58437769e-52
  4.15200000e-05   0.00000000e+00   0.00000000e+00  -6.74609496e-12  -1.59848313e-23   1.73881655e-23  -5.45469767e-52
  4.16000000e-05   0.00000000e+00   0.00000000e+00  -6.77132136e-12  -1.60446051e-23   1.74531870e-23  -5.49521356e-52
  4.16800000e-05   0.00000000e+00   0.00000000e+00  -7.85316534e-12  -1.86080279e-23   2.02416568e-23  -7.39144918e-52
  4.17600000e-05   0.00000000e+00   0.00000000e+00  -6.70821254e-12  -1.58950692e-23   1.72905230e-23  -5.39344456e-52
  4.18400000e-05   0.00000000e+00   0.00000000e+00  -6.98025494e-12  -1.65396720e-23   1.79917165e-23  -5.83973453e-52
  4.19200000e-05   0.00000000e+00   0.00000000e+00  -5.65296741e-12  -1.33946722e-23   1.45706121e-23  -3.83025756e-52
  4.20000000e-05   0.00000000e+00   0.00000000e+00  -6.36540426e-12  -1.50827870e-23   1.64069293e-23  -4.85621034e-52
  4.20800000e-05   0.00000000e+00   0.00000000e+00  -6.49714915e-12  -1.53949557e-23   1.67465038e-23  -5.05937011e-52
  4.21600000e-05   0.00000000e+00   0.00000000e+00  -6.74888665e-12  -1.59914462e-23   1.73953611e-23  -5.45904802e-52
  4.22400000e-05   0.00000000e+00   0.00000000e+00  -6.23679539e-12  -1.47780491e-23   1.60754379e-23  -4.66207413e-52
  4.23200000e-05   0.00000000e+00   0.00000000e+00  -6.35237578e-12  -1.50519161e-23   1.63733482e-23  -4.83636427e-52
  4.24000000e-05   0.00000000e+00   0.00000000e+00  -5.49524800e-12  -1.30209570e-23   1.41640879e-23  -3.61948122e-52
  4.24800000e-05   0.00000000e+00   0.00000000e+00  -6.36474457e-12  -1.50812239e-23   1.64052289e-23  -4.85536762e-52
  4.25600000e-05   0.00000000e+00   0.00000000e+00  -6.38936710e-12  -1.51395668e-23   1.64686939e-23  -4.89301445e-52
  4.26400000e-05   0.00000000e+00   0.00000000e+00  -6.05126947e-12  -1.43384465e-23   1.55972419e-23  -4.38888420e-52
  4.27200000e-05   0.00000000e+00   0.00000000e+00  -5.74010163e-12  -1.36011362e-23   1.47952019e-23  -3.94896255e-52
  4.28000000e-05   0.00000000e+00   0.00000000e+00  -6.33315100e-12  -1.50063631e-23   1.63237960e-23  -4.80711585e-52
  4.28800000e-05   0.00000000e+00   0.00000000e+00  -5.23469748e-12  -1.24035841e-23   1.34925148e-23  -3.28424099e-52
  4.29600000e-05   0.00000000e+00   0.00000000e+00  -5.39036439e-12  -1.27724359e-23   1.38937487e-23  -3.48247642e-52
  4.30400000e-05   0.00000000e+00   0.00000000e+00  -5.17585855e-12  -1.22641656e-23   1.33408565e-23  -3.21086230e-52
  4.31200000e-05   0.00000000e+00   0.00000000e+00  -5.08946841e-12  -1.20594647e-23   1.31181846e-23  -3.10457217e-52
  4.32000000e-05   0.00000000e+00   0.00000000e+00  -5.14825343e-12  -1.21987555e-23   1.32697039e-23  -3.17685547e-52
  4.32800000e-05   0.00000000e+00   0.00000000e+00  -4.07889160e-12  -9.66490906e-24   1.05134070e-23  -1.99419610e-52
  4.33600000e-05   0.00000000e+00   0.00000000e+00  -4.53106522e-12  -1.07363317e-23   1.16788916e-23  -2.46070673e-52
  4.34400000e-05   0.00000000e+00   0.00000000e+00  -4.35746653e-12  -1.03249907e-23   1.12314383e-23  -2.27576554e-52
  4.35200000e-05   0.00000000e+00   0.00000000e+00  -4.98380897e-12  -1.18091053e-23   1.28458458e-23  -2.97690081e-52
  4.36000000e-05   0.00000000e+00   0.00000000e+00  -3.94109965e-12  -9.33841186e-24   1.01582461e-23  -1.86179844e-52
  4.36800000e-05   0.00000000e+00   0.00000000e+00  -3.57213917e-12  -8.46416223e-24   9.20724471e-24  -1.52939323e-52
  4.37600000e-05   0.00000000e+00   0.00000000e+00  -5.16062192e-12  -1.22280625e-23   1.33015839e-23  -3.19173645e-52
  4.38400000e-05   0.00000000e+00   0.00000000e+00  -4.29244626e-12  -1.01709255e-23   1.10638475e-23  -2.20843706e-52
  4.39200000e-05   0.00000000e+00   0.00000000e+00  -3.68754287e-12  -8.73761060e-24   9.50469955e-24  -1.62982180e-52
  4.40000000e-05   0.00000000e+00   0.00000000e+00  -4.47434257e-12  -1.06019278e-23   1.15326881e-23  -2.39941543e-52
  4.40800000e-05   0.00000000e+00   0.00000000e+00  -4.56843824e-12  -1.08248869e-23   1.17752212e-23  -2.50146548e-52
  4.41600000e-05   0.00000000e+00   0.00000000e+00  -4.22503263e-12  -1.00111893e-23   1.08900878e-23  -2.13958934e-52
  4.42400000e-05   0.00000000e+00   0.00000000e+00  -3.43421972e-12  -8.13736293e-24   8.85175517e-24  -1.41360280e-52
  4.43200000e-05   0.00000000e+00   0.00000000e+00  -4.08338362e-12  -9.67555287e-24   1.05249853e-23  -1.99836122e-52
  4.44000000e-05   0.00000000e+00   0.00000000e+00  -4.88972852e-12  -1.15861822e-23   1.26033519e-23  -2.86554122e-52
  4.44800000e-05   0.00000000e+00   0.00000000e+00  -3.33421161e-12  -7.90039431e-24   8.59398269e-24  -1.33244906e-52
  4.45600000e-05   0.00000000e+00   0.00000000e+00  -3.94941247e-12  -9.35810904e-24   1.01796725e-23  -1.86943559e-52
  4.46400000e-05   0.00000000e+00   0.00000000e+00  -3.75951784e-12  -8.90815486e-24   9.69021616e-24  -1.69404022e-52
  4.47200000e-05   0.00000000e+00   0.00000000e+00  -3.60894878e-12  -8.55138237e-24   9.30212204e-24  -1.56106518e-52
  4.48000000e-05   0.00000000e+00   0.00000000e+00  -3.94760348e-12  -9.35382265e-24   1.01750098e-23  -1.86779146e-52
  4.48800000e-05   0.00000000e+00   0.00000000e+00  -3.71964981e-12  -8.81368779e-24   9.58745568e-24  -1.65831043e-52
  4.49600000e-05   0.00000000e+00   0.00000000e+00  -3.18058800e-12  -7.53638410e-24   8.19801542e-24  -1.21240143e-52
  4.50400000e-05   0.00000000e+00   0.00000000e+00  -3.86787283e-12  -9.16490136e-24   9.96950285e-24  -1.79299943e-52
  4.51200000e-05   0.00000000e+00   0.00000000e+00  -3.28747791e-12  -7.78965910e-24   8.47352585e-24  -1.29528224e-52
  4.52000000e-05   0.00000000e+00   0.00000000e+00  -3.78238855e-12  -8.96234687e-24   9.74916577e-24  -1.71464076e-52
  4.52800000e-05   0.00000000e+00   0.00000000e+00  -2.63785303e-12  -6.25037685e-24   6.79910752e-24  -8.34053362e-53
  4.53600000e-05   0.00000000e+00   0.00000000e+00  -2.93999954e-12  -6.96631120e-24   7.57789491e-24  -1.03598509e-52
  4.54400000e-05   0.00000000e+00   0.00000000e+00  -2.60767525e-12  -6.17887080e-24   6.72132384e-24  -8.14995306e-53
  4.55200000e-05   0.00000000e+00   0.00000000e+00  -3.74877632e-12  -8.88270288e-24   9.66252971e-24  -1.68422799e-52
  4.56000000e-05   0.00000000e+00   0.00000000e+00  -2.13406493e-12  -5.05665398e-24   5.50058580e-24  -5.45926673e-53
  4.56800000e-05   0.00000000e+00   0.00000000e+00  -2.72304568e-12  -6.45224032e-24   7.01869291e-24  -8.88695814e-53
  4.57600000e-05   0.00000000e+00   0.00000000e+00  -2.95569529e-12  -7.00350217e-24   7.61835093e-24  -1.04708481e-52
  4.58400000e-05   0.00000000e+00   0.00000000e+00  -2.64328713e-12  -6.26325292e-24   6.81311400e-24  -8.37420669e-53
  4.59200000e-05   0.00000000e+00   0.00000000e+00  -2.79419452e-12  -6.62082708e-24   7.20208017e-24  -9.35805818e-53
  4.60000000e-05   0.00000000e+00   0.00000000e+00  -2.69891493e-12  -6.39506265e-24   6.95649552e-24  -8.73025772e-53
  4.60800000e-05   0.00000000e+00   0.00000000e+00  -2.55804030e-12  -6.06126108e-24   6.59338897e-24  -7.84296961e-53
  4.61600000e-05   0.00000000e+00   0.00000000e+00  -2.30600518e-12  -5.46406538e-24   5.94376450e-24  -6.37363948e-53
  4.62400000e-05   0.00000000e+00   0.00000000e+00  -2.59013612e-12  -6.13731192e-24   6.67611644e-24  -8.04083995e-53
  4.63200000e-05   0.00000000e+00   0.00000000e+00  -1.30749288e-12  -3.09809649e-24   3.37008338e-24  -2.04936263e-53
  4.64000000e-05   0.00000000e+00   0.00000000e+00  -2.25523993e-12  -5.34377743e-24   5.81291628e-24  -6.09592980e-53
  4.64800000e-05   0.00000000e+00   0.00000000e+00  -2.26809734e-12  -5.37424299e-24   5.84605646e-24  -6.16563534e-53
  4.65600000e-05   0.00000000e+00   0.00000000e+00  -2.61783787e-12  -6.20295105e-24   6.74751814e-24  -8.21367053e-53
  4.66400000e-05   0.00000000e+00   0.00000000e+00  -2.69700858e-12  -6.39054557e-24   6.95158188e-24  -8.71799345e-53
  4.67200000e-05   0.00000000e+00   0.00000000e+00  -2.40578665e-12  -5.70049697e-24   6.20095280e-24  -6.93661722e-53
  4.68000000e-05   0.00000000e+00   0.00000000e+00  -2.65168310e-12  -6.28314712e-24   6.83475475e-24  -8.42725231e-53
  4.68800000e-05   0.00000000e+00   0.00000000e+00  -1.65085174e-12  -3.91168325e-24   4.25509623e-24  -3.26616159e-53
  4.69600000e-05   0.00000000e+00   0.00000000e+00  -2.16091564e-12  -5.12027659e-24   5.56979394e-24  -5.59635259e-53
  4.70400000e-05   0.00000000e+00   0.00000000e+00  -2.39495698e-12  -5.67483612e-24   6.17303915e-24  -6.87457436e-53
  4.71200000e-05   0.00000000e+00   0.00000000e+00  -1.76542456e-12  -4.18316284e-24   4.55040946e-24  -3.73583016e-53
  4.72000000e-05   0.00000000e+00   0.00000000e+00  -1.94705615e-12  -4.61353782e-24   5.01856775e-24  -4.54347716e-53
  4.72800000e-05   0.00000000e+00   0.00000000e+00  -1.93993371e-12  -4.59666124e-24   5.00020954e-24  -4.51076589e-53
  4.73600000e-05   0.00000000e+00   0.00000000e+00  -1.37998992e-12  -3.26987779e-24   3.55694564e-24  -2.28257429e-53
  4.74400000e-05   0.00000000e+00   0.00000000e+00  -1.86127186e-12  -4.41027245e-24   4.79745738e-24  -4.15175183e-53
  4.75200000e-05   0.00000000e+00   0.00000000e+00  -2.15508480e-12  -5.10646046e-24   5.55476486e-24  -5.56610381e-53
  4.76000000e-05   0.00000000e+00   0.00000000e+00  -1.98568823e-12  -4.70507629e-24   5.11814253e-24  -4.72617011e-53
  4.76800000e-05   0.00000000e+00   0.00000000e+00  -5.46499047e-13  -1.29492620e-24   1.40860986e-24  -3.58165554e-54
  4.77600000e-05   0.00000000e+00   0.00000000e+00  -1.84810521e-12  -4.37907416e-24   4.76352014e-24  -4.09354975e-53
  4.78400000e-05   0.00000000e+00   0.00000000e+00  -1.99075068e-12  -4.71707174e-24   5.13119108e-24  -4.74986249e-53
  4.79200000e-05   0.00000000e+00   0.00000000e+00  -1.98062190e-12  -4.69307164e-24   5.10508398e-24  -4.70137836e-53
  4.80000000e-05   0.00000000e+00   0.00000000e+00  -2.58292816e-12  -6.12023270e-24   6.65753781e-24  -7.99566160e-53
  4.80800000e-05   0.00000000e+00   0.00000000e+00  -1.04669750e-12  -2.48014343e-24   2.69787922e-24  -1.31331452e-53
  4.81600000e-05   0.00000000e+00   0.00000000e+00  -1.19595513e-12  -2.83380846e-24   3.08259308e-24  -1.71432159e-53
  4.82400000e-05   0.00000000e+00   0.00000000e+00  -2.13632617e-12  -5.06201199e-24   5.50641419e-24  -5.46962675e-53
  4.83200000e-05   0.00000000e+00   0.00000000e+00  -7.53386206e-13  -1.78514407e-24   1.94186475e-24  -6.80456968e-54
  4.84000000e-05   0.00000000e+00   0.00000000e+00  -1.66012275e-12  -3.93365085e-24   4.27899240e-24  -3.30299317e-53
  4.84800000e-05   0.00000000e+00   0.00000000e+00  -1.94339979e-12  -4.60487409e-24   5.00914342e-24  -4.52637238e-53
  4.85600000e-05   0.00000000e+00   0.00000000e+00   1.92311747e-14   4.55681526e-26  -4.95686542e-26  -4.38001604e-57
  4.86400000e-05   0.00000000e+00   0.00000000e+00  -1.13911413e-12  -2.69912407e-24   2.93608452e-24  -1.55508659e-53
  4.87200000e-05   0.00000000e+00   0.00000000e+00  -1.52775452e-12  -3.62000513e-24   3.93781122e-24  -2.79729800e-53
  4.88000000e-05   0.00000000e+00   0.00000000e+00  -1.43305894e-12  -3.39562452e-24   3.69373188e-24  -2.46156840e-53
  4.88800000e-05   0.00000000e+00   0.00000000e+00  -1.10033148e-12  -2.60722881e-24   2.83612164e-24  -1.45111566e-53
  4.89600000e-05   0.00000000e+00   0.00000000e+00  -1.10153153e-12  -2.61007233e-24   2.83921479e-24  -1.45428264e-53
  4.90400000e-05   0.00000000e+00   0.00000000e+00  -1.09433496e-12  -2.59302009e-24   2.82066551e-24  -1.43531490e-53
  4.91200000e-05   0.00000000e+00   0.00000000e+00  -1.17923123e-12  -2.79418130e-24   3.03948698e-24  -1.66665304e-53
  4.92000000e-05   0.00000000e+00   0.00000000e+00  -1.49330784e-12  -3.53838392e-24   3.84902435e-24  -2.67239644e-53
  4.92800000e-05   0.00000000e+00   0.00000000e+00  -2.22050337e-12  -5.26146937e-24   5.72338225e-24  -5.90911426e-53
  4.93600000e-05   0.00000000e+00   0.00000000e+00  -5.28582722e-13  -1.25247358e-24   1.36243025e-24  -3.34942213e-54
  4.94400000e-05   0.00000000e+00   0.00000000e+00  -9.58161508e-14  -2.27035792e-25   2.46967630e-25  -1.10159704e-55
  4.95200000e-05   0.00000000e+00   0.00000000e+00  -1.23593391e-12  -2.92853794e-24   3.18563902e-24  -1.83089405e-53
  4.96000000e-05   0.00000000e+00   0.00000000e+00  -1.03501744e-12  -2.45246758e-24   2.66777367e-24  -1.28401909e-53
  4.96800000e-05   0.00000000e+00   0.00000000e+00  -8.45826726e-13  -2.00418133e-24   2.18013164e-24  -8.57480730e-54
  4.97600000e-05   0.00000000e+00   0.00000000e+00  -7.95250877e-13  -1.88434216e-24   2.04977160e-24  -7.58001889e-54
  4.98400000e-05   0.00000000e+00   0.00000000e+00  -9.29176241e-13  -2.20167750e-24   2.39496633e-24  -1.03479217e-53
  4.99200000e-05   0.00000000e+00   0.00000000e+00  -9.17282868e-13  -2.17349623e-24   2.36431097e-24  -1.00841331e-53
  5.00000000e-05   0.00000000e+00   0.00000000e+00  -7.44547685e-13  -1.76420125e-24   1.91908333e-24  -6.64473822e-54
  5.00800000e-05   0.00000000e+00   0.00000000e+00  -9.86580010e-13  -2.33769539e-24   2.54292544e-24  -1.16662688e-53
  5.01600000e-05   0.00000000e+00   0.00000000e+00  -7.82572979e-13  -1.85430196e-24   2.01709412e-24  -7.34133305e-54
  5.02400000e-05   0.00000000e+00   0.00000000e+00  -1.18286311e-12  -2.80278701e-24   3.04884821e-24  -1.67696820e-53
  5.03200000e-05   0.00000000e+00   0.00000000e+00  -1.00494722e-12  -2.38121639e-24   2.59026722e-24  -1.21049410e-53
  5.04000000e-05   0.00000000e+00   0.00000000e+00  -6.71571233e-13  -1.59128399e-24   1.73098538e-24  -5.40588455e-54
  5.04800000e-05   0.00000000e+00   0.00000000e+00  -1.21173420e-12  -2.87119688e-24   3.12326389e-24  -1.75962364e-53
  5.05600000e-05   0.00000000e+00   0.00000000e+00  -6.79091760e-13  -1.60910383e-24   1.75036965e-24  -5.52853933e-54
  5.06400000e-05   0.00000000e+00   0.00000000e+00  -4.83100513e-13  -1.14470375e-24   1.24519914e-24  -2.79747832e-54
  5.07200000e-05   0.00000000e+00   0.00000000e+00  -3.19963791e-13  -7.58152275e-25   8.24711687e-25  -1.22719081e-54
  5.08000000e-05   0.00000000e+00   0.00000000e+00  -1.22826240e-12  -2.91036035e-24   3.16586558e-24  -1.80800569e-53
  5.08800000e-05   0.00000000e+00   0.00000000e+00  -7.33148420e-13  -1.73719076e-24   1.88970154e-24  -6.44261260e-54
  5.09600000e-05   0.00000000e+00   0.00000000e+00  -5.11834104e-13  -1.21278783e-24   1.31926043e-24  -3.13997910e-54
  5.10400000e-05   0.00000000e+00   0.00000000e+00  -4.49387716e-13  -1.06482149e-24   1.15830388e-24  -2.42054160e-54
  5.11200000e-05   0.00000000e+00   0.00000000e+00  -7.36772281e-13  -1.74577748e-24   1.89904210e-24  -6.50737775e-54
  5.12000000e-05   0.00000000e+00   0.00000000e+00  -1.64069786e-13  -3.88762368e-25   4.22892444e-25  -3.22917213e-55
  5.12800000e-05   0.00000000e+00   0.00000000e+00  -9.95633873e-13  -2.35914846e-24   2.56626191e-24  -1.18794277e-53
  5.13600000e-05   0.00000000e+00   0.00000000e+00  -5.30765788e-13  -1.25764634e-24   1.36805714e-24  -3.37679699e-54
  5.14400000e-05   0.00000000e+00   0.00000000e+00  -4.32666056e-13  -1.02519961e-24   1.11520354e-24  -2.24303004e-54
  5.15200000e-05   0.00000000e+00   0.00000000e+00  -9.33267472e-13  -2.21137165e-24   2.40551154e-24  -1.04378028e-53
  5.16000000e-05   0.00000000e+00   0.00000000e+00  -1.52146045e-13  -3.60509137e-25   3.92158816e-25  -2.77599716e-55
  5.16800000e-05   0.00000000e+00   0.00000000e+00  -8.70608045e-13  -2.06290052e-24   2.24400588e-24  -9.08339960e-54
  5.17600000e-05   0.00000000e+00   0.00000000e+00  -4.66875295e-13  -1.10625820e-24   1.20337839e-24  -2.61233339e-54
  5.18400000e-05   0.00000000e+00   0.00000000e+00  -4.07532619e-13  -9.65646085e-25   1.05042171e-24  -1.99062818e-54
  5.19200000e-05   0.00000000e+00   0.00000000e+00  -6.51768801e-13  -1.54436225e-24   1.67994430e-24  -5.09087954e-54
  5.20000000e-05   0.00000000e+00   0.00000000e+00  -7.37282556e-13  -1.74698657e-24   1.90035734e-24  -6.51459759e-54
  5.20800000e-05   0.00000000e+00   0.00000000e+00   2.09401604e-13   4.96175839e-25  -5.39735917e-25  -5.25241505e-55
  5.21600000e-05   0.00000000e+00   0.00000000e+00  -9.53404005e-13  -2.25908505e-24   2.45741377e-24  -1.08925417e-53
  5.22400000e-05   0.00000000e+00   0.00000000e+00  -7.06838954e-13  -1.67485064e-24   1.82188848e-24  -5.98769865e-54
  5.23200000e-05   0.00000000e+00   0.00000000e+00  -3.28703081e-13  -7.78859969e-25   8.47237342e-25  -1.29551841e-54
  5.24000000e-05   0.00000000e+00   0.00000000e+00  -4.23571073e-13  -1.00364910e-24   1.09176108e-24  -2.14989821e-54
  5.24800000e-05   0.00000000e+00   0.00000000e+00  -7.73717805e-13  -1.83331968e-24   1.99426977e-24  -7.17416095e-54
  5.25600000e-05   0.00000000e+00   0.00000000e+00  -2.41010518e-15  -5.71072971e-27   6.21208389e-27  -7.11737941e-59
  5.26400000e-05   0.00000000e+00   0.00000000e+00   2.11715702e-13   5.01659080e-25  -5.45700541e-25  -5.37095350e-55
  5.27200000e-05   0.00000000e+00   0.00000000e+00  -2.62250298e-13  -6.21400502e-25   6.75954255e-25  -8.24527376e-55
  5.28000000e-05   0.00000000e+00   0.00000000e+00   2.28539080e-14   5.41521973e-26  -5.89063061e-26  -6.24051596e-57
  5.28800000e-05   0.00000000e+00   0.00000000e+00  -1.53761496e-13  -3.64336938e-25   3.96322666e-25  -2.83308555e-55
  5.29600000e-05   0.00000000e+00   0.00000000e+00  -2.82022146e-13  -6.68249775e-25   7.26916501e-25  -9.53173842e-55
  5.30400000e-05   0.00000000e+00   0.00000000e+00  -5.81127009e-13  -1.37697695e-24   1.49786397e-24  -4.04770516e-54
  5.31200000e-05   0.00000000e+00   0.00000000e+00  -3.12117427e-13  -7.39560364e-25   8.04487561e-25  -1.16786529e-54
  5.32000000e-05   0.00000000e+00   0.00000000e+00  -2.59453216e-13  -6.14772831e-25   6.68744730e-25  -8.06702103e-55
  5.32800000e-05   0.00000000e+00   0.00000000e+00  -4.02818571e-13  -9.54476177e-25   1.03827118e-24  -1.94462290e-54
  5.33600000e-05   0.00000000e+00   0.00000000e+00  -1.81230027e-13  -4.29423458e-25   4.67123236e-25  -3.93747703e-55
  5.34400000e-05   0.00000000e+00   0.00000000e+00   5.17965496e-14   1.22731612e-25  -1.33506418e-25  -3.21082489e-56
  5.35200000e-05   0.00000000e+00   0.00000000e+00  -7.37606664e-13  -1.74775455e-24   1.90119274e-24  -6.51918600e-54
  5.36000000e-05   0.00000000e+00   0.00000000e+00  -3.80252800e-13  -9.01006718e-25   9.80107552e-25  -1.73291704e-54
  5.36800000e-05   0.00000000e+00   0.00000000e+00  -2.32904381e-14  -5.51865528e-26   6.00314694e-26  -6.53628662e-57
  5.37600000e-05   0.00000000e+00   0.00000000e+00  -2.00735612e-13  -4.75641823e-25   5.17399186e-25  -4.82877297e-55
  5.38400000e-05   0.00000000e+00   0.00000000e+00  -3.50068303e-13  -8.29484734e-25   9.02306537e-25  -1.46916137e-54
  5.39200000e-05   0.00000000e+00   0.00000000e+00  -2.08576330e-13  -4.94220358e-25   5.37608760e-25  -5.21426648e-55
  5.40000000e-05   0.00000000e+00   0.00000000e+00  -3.67896627e-13  -8.71728840e-25   9.48259321e-25  -1.62187301e-54
  5.40800000e-05   0.00000000e+00   0.00000000e+00  -2.03620943e-13  -4.82478596e-25   5.24836171e-25  -4.97193313e-55
  5.41600000e-05   0.00000000e+00   0.00000000e+00  -2.05294979e-13  -4.86445216e-25   5.29151027e-25  -5.05066415e-55
  5.42400000e-05   0.00000000e+00   0.00000000e+00  -3.24861500e-13  -7.69757366e-25   8.37335608e-25  -1.26477012e-54
  5.43200000e-05   0.00000000e+00   0.00000000e+00  -1.02398536e-13  -2.42632715e-25   2.63933832e-25  -1.25712845e-55
  5.44000000e-05   0.00000000e+00   0.00000000e+00   2.69013393e-14   6.37425614e-26  -6.93386237e-26  -8.66325034e-57
  5.44800000e-05   0.00000000e+00   0.00000000e+00  -1.06289490e-13  -2.51852305e-25   2.73962825e-25  -1.35350613e-55
  5.45600000e-05   0.00000000e+00   0.00000000e+00  -2.78067493e-13  -6.58879248e-25   7.16723321e-25  -9.26591767e-55
  5.46400000e-05   0.00000000e+00   0.00000000e+00  -7.52415228e-14  -1.78284335e-25   1.93936204e-25  -6.79192394e-56
  5.47200000e-05   0.00000000e+00   0.00000000e+00   2.17685114e-13   5.15803566e-25  -5.61086794e-25  -5.67762129e-55
  5.48000000e-05   0.00000000e+00   0.00000000e+00  -6.02395120e-14  -1.42737161e-25   1.55268286e-25  -4.34062988e-56
  5.48800000e-05   0.00000000e+00   0.00000000e+00  -5.40038507e-13  -1.27961799e-24   1.39195772e-24  -3.49468518e-54
  5.49600000e-05   0.00000000e+00   0.00000000e+00  -1.81239254e-13  -4.29445321e-25   4.67147019e-25  -3.93968662e-55
  5.50400000e-05   0.00000000e+00   0.00000000e+00   3.23092654e-13   7.65566096e-25  -8.32776379e-25  -1.25066139e-54
  5.51200000e-05   0.00000000e+00   0.00000000e+00  -3.78876945e-13  -8.97746637e-25   9.76561263e-25  -1.71988031e-54
  5.52000000e-05   0.00000000e+00   0.00000000e+00  -7.35569385e-13  -1.74292723e-24   1.89594162e-24  -6.48376403e-54
  5.52800000e-05   0.00000000e+00   0.00000000e+00   5.45613618e-13   1.29282818e-24  -1.40632765e-24  -3.56715949e-54
  5.53600000e-05   0.00000000e+00   0.00000000e+00   2.71495238e-13   6.43306330e-25  -6.99783230e-25  -8.83316439e-55
  5.54400000e-05   0.00000000e+00   0.00000000e+00  -3.51529143e-14  -8.32946186e-26   9.06071876e-26  -1.47257571e-56
  5.55200000e-05   0.00000000e+00   0.00000000e+00  -3.41761721e-13  -8.09802338e-25   8.80896191e-25  -1.39964055e-54
  5.56000000e-05   0.00000000e+00   0.00000000e+00   2.29061375e-13   5.42759547e-25  -5.90409284e-25  -6.28163158e-55
  5.56800000e-05   0.00000000e+00   0.00000000e+00  -2.10065033e-13  -4.97747830e-25   5.41445916e-25  -5.28513465e-55
  5.57600000e-05   0.00000000e+00   0.00000000e+00  -8.03060087e-13  -1.90284604e-24   2.06989996e-24  -7.72806875e-54
  5.58400000e-05   0.00000000e+00   0.00000000e+00  -1.80290239e-13  -4.27196634e-25   4.64700916e-25  -3.89418074e-55
  5.59200000e-05   0.00000000e+00   0.00000000e+00  -4.84788705e-13  -1.14870392e-24   1.24955049e-24  -2.81638393e-54
  5.60000000e-05   0.00000000e+00   0.00000000e+00   3.17461393e-13   7.52222857e-25  -8.18261715e-25  -1.20745893e-54
  5.60800000e-05   0.00000000e+00   0.00000000e+00   5.19950645e-13   1.23201992e-24  -1.34018094e-24  -3.23984294e-54
  5.61600000e-05   0.00000000e+00   0.00000000e+00  -5.23155401e-13  -1.23961357e-24   1.34844124e-24  -3.27957538e-54
  5.62400000e-05   0.00000000e+00   0.00000000e+00  -1.54702556e-07  -3.66566854e-19   3.98748191e-19  -2.86746805e-43
  5.63200000e-05   0.00000000e+00   0.00000000e+00  -3.69479197e-07  -8.75479679e-19   9.52337551e-19  -1.63595673e-42
  5.64000000e-05   0.00000000e+00   0.00000000e+00  -1.02678969e-07  -2.43297688e-19   2.64656202e-19  -1.26326543e-43
  5.64800000e-05   0.00000000e+00   0.00000000e+00  -2.72943421e-06  -6.46743452e-18   7.03510743e-18  -8.92745728e-41
  5.65600000e-05   0.00000000e+00   0.00000000e+00  -4.24871683e-07  -1.00674927e-18   1.09509652e-18  -2.16461131e-42
  5.66400000e-05   0.00000000e+00   0.00000000e+00  -5.27176368e-06  -1.24918242e-17   1.35876748e-17  -3.33056817e-40
  5.67200000e-05   0.00000000e+00   0.00000000e+00  -3.60595552e-06  -8.54477149e-18   9.29396408e-18  -1.55870562e-40
  5.68000000e-05   0.00000000e+00   0.00000000e+00  -2.14615789e-06  -5.08565129e-18   5.53144016e-18  -5.52142494e-41
  5.68800000e-05   0.00000000e+00   0.00000000e+00  -7.07762581e-07  -1.67716161e-18   1.82415658e-18  -6.00690681e-42
  5.69600000e-05   0.00000000e+00   0.00000000e+00   0.00000000e+00   0.00000000e+00   0.00000000e+00   0.00000000e+00
  5.70400000e-05   0.00000000e+00   0.00000000e+00   0.00000000e+00   0.00000000e+00   0.00000000e+00   0.00000000e+00
