       time             b_x              b_y              b_z              F_x              F_y              F_z
  0.00000000e+00   0.00000000e+00   0.00000000e+00   0.00000000e+00   0.00000000e+00   0.00000000e+00   0.00000000e+00
  8.00000000e-08   0.00000000e+00   0.00000000e+00   0.00000000e+00   0.00000000e+00   0.00000000e+00   0.00000000e+00
  1.60000000e-07   0.00000000e+00   0.00000000e+00   0.00000000e+00   0.00000000e+00   0.00000000e+00   0.00000000e+00
  2.40000000e-07   0.00000000e+00   0.00000000e+00   0.00000000e+00   0.00000000e+00   0.00000000e+00   0.00000000e+00
  3.20000000e-07   0.00000000e+00   0.00000000e+00   0.00000000e+00   0.00000000e+00   0.00000000e+00   0.00000000e+00
  4.00000000e-07   0.00000000e+00   0.00000000e+00   0.00000000e+00   0.00000000e+00   0.00000000e+00   0.00000000e+00
  4.80000000e-07   0.00000000e+00   0.00000000e+00   0.00000000e+00   0.00000000e+00   0.00000000e+00   0.00000000e+00
  5.60000000e-07   0.00000000e+00   0.00000000e+00   0.00000000e+00   0.00000000e+00   0.00000000e+00   0.00000000e+00
  6.40000000e-07   0.00000000e+00   0.00000000e+00   0.00000000e+00   0.00000000e+00   0.00000000e+00   0.00000000e+00
  7.20000000e-07   0.00000000e+00   0.00000000e+00   0.00000000e+00   0.00000000e+00   0.00000000e+00   0.00000000e+00
  8.00000000e-07   0.00000000e+00   0.00000000e+00   0.00000000e+00   0.00000000e+00   0.00000000e+00   0.00000000e+00
  8.80000000e-07   0.00000000e+00   0.00000000e+00   0.00000000e+00   0.00000000e+00   0.00000000e+00   0.00000000e+00
  9.60000000e-07   0.00000000e+00   0.00000000e+00   0.00000000e+00   0.00000000e+00   0.00000000e+00   0.00000000e+00
  1.04000000e-06   0.00000000e+00   0.00000000e+00   0.00000000e+00   0.00000000e+00   0.00000000e+00   0.00000000e+00
  1.12000000e-06   0.00000000e+00   0.00000000e+00   0.00000000e+00   0.00000000e+00   0.00000000e+00   0.00000000e+00
  1.20000000e-06   0.00000000e+00   0.00000000e+00   0.00000000e+00   0.00000000e+00   0.00000000e+00   0.00000000e+00
  1.28000000e-06   0.00000000e+00   0.00000000e+00   0.00000000e+00   0.00000000e+00   0.00000000e+00   0.00000000e+00
  1.36000000e-06   0.00000000e+00   0.00000000e+00   0.00000000e+00   0.00000000e+00   0.00000000e+00   0.00000000e+00
  1.44000000e-06   0.00000000e+00   0.00000000e+00   0.00000000e+00   0.00000000e+00   0.00000000e+00   0.00000000e+00
  1.52000000e-06   0.00000000e+00   0.00000000e+00   0.00000000e+00   0.00000000e+00   0.00000000e+00   0.00000000e+00
  1.60000000e-06   0.00000000e+00   0.00000000e+00   0.00000000e+00   0.00000000e+00   0.00000000e+00   0.00000000e+00
  1.68000000e-06   0.00000000e+00   0.00000000e+00   0.00000000e+00   0.00000000e+00   0.00000000e+00   0.00000000e+00
  1.76000000e-06   0.00000000e+00   0.00000000e+00   0.00000000e+00   0.00000000e+00   0.00000000e+00   0.00000000e+00
  1.84000000e-06   0.00000000e+00   0.00000000e+00   0.00000000e+00   0.00000000e+00   0.00000000e+00   0.00000000e+00
  1.92000000e-06   0.00000000e+00   0.00000000e+00   0.00000000e+00   0.00000000e+00   0.00000000e+00   0.00000000e+00
  2.00000000e-06   0.00000000e+00   0.00000000e+00   0.00000000e+00   0.00000000e+00   0.00000000e+00   0.00000000e+00
  2.08000000e-06   0.00000000e+00   0.00000000e+00   0.00000000e+00   0.00000000e+00   0.00000000e+00   0.00000000e+00
  2.16000000e-06   0.00000000e+00   0.00000000e+00   0.00000000e+00   0.00000000e+00   0.00000000e+00   0.00000000e+00
  2.24000000e-06   0.00000000e+00   0.00000000e+00   0.00000000e+00   0.00000000e+00   0.00000000e+00   0.00000000e+00
  2.32000000e-06   0.00000000e+00   0.00000000e+00   0.00000000e+00   0.00000000e+00   0.00000000e+00   0.00000000e+00
  2.40000000e-06   0.00000000e+00   0.00000000e+00   0.00000000e+00   0.00000000e+00   0.00000000e+00   0.00000000e+00
  2.48000000e-06   0.00000000e+00   0.00000000e+00   0.00000000e+00   0.00000000e+00   0.00000000e+00   0.00000000e+00
  2.56000000e-06   0.00000000e+00   0.00000000e+00   0.00000000e+00   0.00000000e+00   0.00000000e+00   0.00000000e+00
  2.64000000e-06   0.00000000e+00   0.00000000e+00   0.00000000e+00   0.00000000e+00   0.00000000e+00   0.00000000e+00
  2.72000000e-06   0.00000000e+00   0.00000000e+00   0.00000000e+00   0.00000000e+00   0.00000000e+00   0.00000000e+00
  2.80000000e-06   0.00000000e+00   0.00000000e+00   0.00000000e+00   0.00000000e+00   0.00000000e+00   0.00000000e+00
  2.88000000e-06   0.00000000e+00   0.00000000e+00   0.00000000e+00   0.00000000e+00   0.00000000e+00   0.00000000e+00
  2.96000000e-06   0.00000000e+00   0.00000000e+00   0.00000000e+00   0.00000000e+00   0.00000000e+00   0.00000000e+00
  3.04000000e-06   0.00000000e+00   0.00000000e+00   0.00000000e+00   0.00000000e+00   0.00000000e+00   0.00000000e+00
  3.12000000e-06   0.00000000e+00   0.00000000e+00   0.00000000e+00   0.00000000e+00   0.00000000e+00   0.00000000e+00
  3.20000000e-06   0.00000000e+00   0.00000000e+00   0.00000000e+00   0.00000000e+00   0.00000000e+00   0.00000000e+00
  3.28000000e-06   0.00000000e+00   0.00000000e+00   0.00000000e+00   0.00000000e+00   0.00000000e+00   0.00000000e+00
  3.36000000e-06   0.00000000e+00   0.00000000e+00   0.00000000e+00   0.00000000e+00   0.00000000e+00   0.00000000e+00
  3.44000000e-06   0.00000000e+00   0.00000000e+00   0.00000000e+00   0.00000000e+00   0.00000000e+00   0.00000000e+00
  3.52000000e-06   0.00000000e+00   0.00000000e+00   0.00000000e+00   0.00000000e+00   0.00000000e+00   0.00000000e+00
  3.60000000e-06   0.00000000e+00   0.00000000e+00   0.00000000e+00   0.00000000e+00   0.00000000e+00   0.00000000e+00
  3.68000000e-06   0.00000000e+00   0.00000000e+00   0.00000000e+00   0.00000000e+00   0.00000000e+00   0.00000000e+00
  3.76000000e-06   0.00000000e+00   0.00000000e+00   0.00000000e+00   0.00000000e+00   0.00000000e+00   0.00000000e+00
  3.84000000e-06   0.00000000e+00   0.00000000e+00   0.00000000e+00   0.00000000e+00   0.00000000e+00   0.00000000e+00
  3.92000000e-06   0.00000000e+00   0.00000000e+00   0.00000000e+00   0.00000000e+00   0.00000000e+00   0.00000000e+00
  4.00000000e-06   0.00000000e+00   0.00000000e+00   0.00000000e+00   0.00000000e+00   0.00000000e+00   0.00000000e+00
  4.08000000e-06   0.00000000e+00   0.00000000e+00   0.00000000e+00   0.00000000e+00   0.00000000e+00   0.00000000e+00
  4.16000000e-06   0.00000000e+00   0.00000000e+00   0.00000000e+00   0.00000000e+00   0.00000000e+00   0.00000000e+00
  4.24000000e-06   0.00000000e+00   0.00000000e+00   0.00000000e+00   0.00000000e+00   0.00000000e+00   0.00000000e+00
  4.32000000e-06   0.00000000e+00   0.00000000e+00   0.00000000e+00   0.00000000e+00   0.00000000e+00   0.00000000e+00
  4.40000000e-06   0.00000000e+00   0.00000000e+00   0.00000000e+00   0.00000000e+00   0.00000000e+00   0.00000000e+00
  4.48000000e-06   0.00000000e+00   0.00000000e+00   0.00000000e+00   0.00000000e+00   0.00000000e+00   0.00000000e+00
  4.56000000e-06   0.00000000e+00   0.00000000e+00   0.00000000e+00   0.00000000e+00   0.00000000e+00   0.00000000e+00
  4.64000000e-06   0.00000000e+00   0.00000000e+00   0.00000000e+00   0.00000000e+00   0.00000000e+00   0.00000000e+00
  4.72000000e-06   0.00000000e+00   0.00000000e+00   0.00000000e+00   0.00000000e+00   0.00000000e+00   0.00000000e+00
  4.80000000e-06   0.00000000e+00   0.00000000e+00   0.00000000e+00   0.00000000e+00   0.00000000e+00   0.00000000e+00
  4.88000000e-06   0.00000000e+00   0.00000000e+00   0.00000000e+00   0.00000000e+00   0.00000000e+00   0.00000000e+00
  4.96000000e-06   0.00000000e+00   0.00000000e+00   0.00000000e+00   0.00000000e+00   0.00000000e+00   0.00000000e+00
  5.04000000e-06   0.00000000e+00   0.00000000e+00   0.00000000e+00   0.00000000e+00   0.00000000e+00   0.00000000e+00
  5.12000000e-06   0.00000000e+00   0.00000000e+00   0.00000000e+00   0.00000000e+00   0.00000000e+00   0.00000000e+00
  5.20000000e-06   0.00000000e+00   0.00000000e+00   0.00000000e+00   0.00000000e+00   0.00000000e+00   0.00000000e+00
  5.28000000e-06   0.00000000e+00   0.00000000e+00   0.00000000e+00   0.00000000e+00   0.00000000e+00   0.00000000e+00
  5.36000000e-06   0.00000000e+00   0.00000000e+00   0.00000000e+00   0.00000000e+00   0.00000000e+00   0.00000000e+00
  5.44000000e-06   0.00000000e+00   0.00000000e+00   0.00000000e+00   0.00000000e+00   0.00000000e+00   0.00000000e+00
  5.52000000e-06   0.00000000e+00   0.00000000e+00   0.00000000e+00   0.00000000e+00   0.00000000e+00   0.00000000e+00
  5.60000000e-06   0.00000000e+00   0.00000000e+00   0.00000000e+00   0.00000000e+00   0.00000000e+00   0.00000000e+00
  5.68000000e-06   0.00000000e+00   0.00000000e+00   0.00000000e+00   0.00000000e+00   0.00000000e+00   0.00000000e+00
  5.76000000e-06   0.00000000e+00   0.00000000e+00   0.00000000e+00   0.00000000e+00   0.00000000e+00   0.00000000e+00
  5.84000000e-06   0.00000000e+00   0.00000000e+00   0.00000000e+00   0.00000000e+00   0.00000000e+00   0.00000000e+00
  5.92000000e-06   0.00000000e+00   0.00000000e+00   0.00000000e+00   0.00000000e+00   0.00000000e+00   0.00000000e+00
  6.00000000e-06   0.00000000e+00   0.00000000e+00   0.00000000e+00   0.00000000e+00   0.00000000e+00   0.00000000e+00
  6.08000000e-06   0.00000000e+00   0.00000000e+00   0.00000000e+00   0.00000000e+00   0.00000000e+00   0.00000000e+00
  6.16000000e-06   0.00000000e+00   0.00000000e+00   0.00000000e+00   0.00000000e+00   0.00000000e+00   0.00000000e+00
  6.24000000e-06   0.00000000e+00   0.00000000e+00   0.00000000e+00   0.00000000e+00   0.00000000e+00   0.00000000e+00
  6.32000000e-06   0.00000000e+00   0.00000000e+00   0.00000000e+00   0.00000000e+00   0.00000000e+00   0.00000000e+00
  6.40000000e-06   0.00000000e+00   0.00000000e+00   0.00000000e+00   0.00000000e+00   0.00000000e+00   0.00000000e+00
  6.48000000e-06   0.00000000e+00   0.00000000e+00   0.00000000e+00   0.00000000e+00   0.00000000e+00   0.00000000e+00
  6.56000000e-06   0.00000000e+00   0.00000000e+00   0.00000000e+00   0.00000000e+00   0.00000000e+00   0.00000000e+00
  6.64000000e-06   0.00000000e+00   0.00000000e+00   0.00000000e+00   0.00000000e+00   0.00000000e+00   0.00000000e+00
  6.72000000e-06   0.00000000e+00   0.00000000e+00   0.00000000e+00   0.00000000e+00   0.00000000e+00   0.00000000e+00
  6.80000000e-06   0.00000000e+00   0.00000000e+00   0.00000000e+00   0.00000000e+00   0.00000000e+00   0.00000000e+00
  6.88000000e-06   0.00000000e+00   0.00000000e+00   0.00000000e+00   0.00000000e+00   0.00000000e+00   0.00000000e+00
  6.96000000e-06   0.00000000e+00   0.00000000e+00   0.00000000e+00   0.00000000e+00   0.00000000e+00   0.00000000e+00
  7.04000000e-06   0.00000000e+00   0.00000000e+00   0.00000000e+00   0.00000000e+00   0.00000000e+00   0.00000000e+00
  7.12000000e-06   0.00000000e+00   0.00000000e+00   0.00000000e+00   0.00000000e+00   0.00000000e+00   0.00000000e+00
  7.20000000e-06   0.00000000e+00   0.00000000e+00   0.00000000e+00   0.00000000e+00   0.00000000e+00   0.00000000e+00
  7.28000000e-06   0.00000000e+00   0.00000000e+00   0.00000000e+00   0.00000000e+00   0.00000000e+00   0.00000000e+00
  7.36000000e-06   0.00000000e+00   0.00000000e+00   0.00000000e+00   0.00000000e+00   0.00000000e+00   0.00000000e+00
  7.44000000e-06   0.00000000e+00   0.00000000e+00   0.00000000e+00   0.00000000e+00   0.00000000e+00   0.00000000e+00
  7.52000000e-06   0.00000000e+00   0.00000000e+00   0.00000000e+00   0.00000000e+00   0.00000000e+00   0.00000000e+00
  7.60000000e-06   0.00000000e+00   0.00000000e+00   0.00000000e+00   0.00000000e+00   0.00000000e+00   0.00000000e+00
  7.68000000e-06   0.00000000e+00   0.00000000e+00   0.00000000e+00   0.00000000e+00   0.00000000e+00   0.00000000e+00
  7.76000000e-06   0.00000000e+00   0.00000000e+00   0.00000000e+00   0.00000000e+00   0.00000000e+00   0.00000000e+00
  7.84000000e-06   0.00000000e+00   0.00000000e+00   0.00000000e+00   0.00000000e+00   0.00000000e+00   0.00000000e+00
  7.92000000e-06   0.00000000e+00   0.00000000e+00   0.00000000e+00   0.00000000e+00   0.00000000e+00   0.00000000e+00
  8.00000000e-06   0.00000000e+00   0.00000000e+00   0.00000000e+00   0.00000000e+00   0.00000000e+00   0.00000000e+00
  8.08000000e-06   0.00000000e+00   0.00000000e+00   0.00000000e+00   0.00000000e+00   0.00000000e+00   0.00000000e+00
  8.16000000e-06   0.00000000e+00   0.00000000e+00   0.00000000e+00   0.00000000e+00   0.00000000e+00   0.00000000e+00
  8.24000000e-06   0.00000000e+00   0.00000000e+00   0.00000000e+00   0.00000000e+00   0.00000000e+00   0.00000000e+00
  8.32000000e-06   0.00000000e+00   0.00000000e+00   0.00000000e+00   0.00000000e+00   0.00000000e+00   0.00000000e+00
  8.40000000e-06   0.00000000e+00   0.00000000e+00   0.00000000e+00   0.00000000e+00   0.00000000e+00   0.00000000e+00
  8.48000000e-06   0.00000000e+00   0.00000000e+00   0.00000000e+00   0.00000000e+00   0.00000000e+00   0.00000000e+00
  8.56000000e-06   0.00000000e+00   0.00000000e+00   0.00000000e+00   0.00000000e+00   0.00000000e+00   0.00000000e+00
  8.64000000e-06   0.00000000e+00   0.00000000e+00   0.00000000e+00   0.00000000e+00   0.00000000e+00   0.00000000e+00
  8.72000000e-06   0.00000000e+00   0.00000000e+00   0.00000000e+00   0.00000000e+00   0.00000000e+00   0.00000000e+00
  8.80000000e-06   0.00000000e+00   0.00000000e+00   0.00000000e+00   0.00000000e+00   0.00000000e+00   0.00000000e+00
  8.88000000e-06   0.00000000e+00   0.00000000e+00   0.00000000e+00   0.00000000e+00   0.00000000e+00   0.00000000e+00
  8.96000000e-06   0.00000000e+00   0.00000000e+00   0.00000000e+00   0.00000000e+00   0.00000000e+00   0.00000000e+00
  9.04000000e-06   0.00000000e+00   0.00000000e+00   0.00000000e+00   0.00000000e+00   0.00000000e+00   0.00000000e+00
  9.12000000e-06   0.00000000e+00   0.00000000e+00   0.00000000e+00   0.00000000e+00   0.00000000e+00   0.00000000e+00
  9.20000000e-06   0.00000000e+00   0.00000000e+00   0.00000000e+00   0.00000000e+00   0.00000000e+00   0.00000000e+00
  9.28000000e-06   0.00000000e+00   0.00000000e+00   0.00000000e+00   0.00000000e+00   0.00000000e+00   0.00000000e+00
  9.36000000e-06   0.00000000e+00   0.00000000e+00   0.00000000e+00   0.00000000e+00   0.00000000e+00   0.00000000e+00
  9.44000000e-06   0.00000000e+00   0.00000000e+00   0.00000000e+00   0.00000000e+00   0.00000000e+00   0.00000000e+00
  9.52000000e-06   0.00000000e+00   0.00000000e+00   0.00000000e+00   0.00000000e+00   0.00000000e+00   0.00000000e+00
  9.60000000e-06   0.00000000e+00   0.00000000e+00   0.00000000e+00   0.00000000e+00   0.00000000e+00   0.00000000e+00
  9.68000000e-06   0.00000000e+00   0.00000000e+00   0.00000000e+00   0.00000000e+00   0.00000000e+00   0.00000000e+00
  9.76000000e-06   0.00000000e+00   0.00000000e+00   0.00000000e+00   0.00000000e+00   0.00000000e+00   0.00000000e+00
  9.84000000e-06   0.00000000e+00   0.00000000e+00   0.00000000e+00   0.00000000e+00   0.00000000e+00   0.00000000e+00
  9.92000000e-06   0.00000000e+00   0.00000000e+00   0.00000000e+00   0.00000000e+00   0.00000000e+00   0.00000000e+00
  1.00000000e-05   0.00000000e+00   0.00000000e+00   0.00000000e+00   0.00000000e+00   0.00000000e+00   0.00000000e+00
  1.00800000e-05   0.00000000e+00   0.00000000e+00   0.00000000e+00   0.00000000e+00   0.00000000e+00   0.00000000e+00
  1.01600000e-05   0.00000000e+00   0.00000000e+00   0.00000000e+00   0.00000000e+00   0.00000000e+00   0.00000000e+00
  1.02400000e-05   0.00000000e+00   0.00000000e+00   0.00000000e+00   0.00000000e+00   0.00000000e+00   0.00000000e+00
  1.03200000e-05   0.00000000e+00   0.00000000e+00   0.00000000e+00   0.00000000e+00   0.00000000e+00   0.00000000e+00
  1.04000000e-05   0.00000000e+00   0.00000000e+00   0.00000000e+00   0.00000000e+00   0.00000000e+00   0.00000000e+00
  1.04800000e-05   0.00000000e+00   0.00000000e+00   0.00000000e+00   0.00000000e+00   0.00000000e+00   0.00000000e+00
  1.05600000e-05   0.00000000e+00   0.00000000e+00   0.00000000e+00   0.00000000e+00   0.00000000e+00   0.00000000e+00
  1.06400000e-05   0.00000000e+00   0.00000000e+00   0.00000000e+00   0.00000000e+00   0.00000000e+00   0.00000000e+00
  1.07200000e-05   0.00000000e+00   0.00000000e+00   0.00000000e+00   0.00000000e+00   0.00000000e+00   0.00000000e+00
  1.08000000e-05   0.00000000e+00   0.00000000e+00   0.00000000e+00   0.00000000e+00   0.00000000e+00   0.00000000e+00
  1.08800000e-05   0.00000000e+00   0.00000000e+00   0.00000000e+00   0.00000000e+00   0.00000000e+00   0.00000000e+00
  1.09600000e-05   0.00000000e+00   0.00000000e+00   0.00000000e+00   0.00000000e+00   0.00000000e+00   0.00000000e+00
  1.10400000e-05   0.00000000e+00   0.00000000e+00   0.00000000e+00   0.00000000e+00   0.00000000e+00   0.00000000e+00
  1.11200000e-05   0.00000000e+00   0.00000000e+00   0.00000000e+00   0.00000000e+00   0.00000000e+00   0.00000000e+00
  1.12000000e-05   0.00000000e+00   0.00000000e+00   0.00000000e+00   0.00000000e+00   0.00000000e+00   0.00000000e+00
  1.12800000e-05   0.00000000e+00   0.00000000e+00   0.00000000e+00   0.00000000e+00   0.00000000e+00   0.00000000e+00
  1.13600000e-05   0.00000000e+00   0.00000000e+00   0.00000000e+00   0.00000000e+00   0.00000000e+00   0.00000000e+00
  1.14400000e-05   0.00000000e+00   0.00000000e+00   0.00000000e+00   0.00000000e+00   0.00000000e+00   0.00000000e+00
  1.15200000e-05   0.00000000e+00   0.00000000e+00   0.00000000e+00   0.00000000e+00   0.00000000e+00   0.00000000e+00
  1.16000000e-05   0.00000000e+00   0.00000000e+00   0.00000000e+00   0.00000000e+00   0.00000000e+00   0.00000000e+00
  1.16800000e-05   0.00000000e+00   0.00000000e+00   0.00000000e+00   0.00000000e+00   0.00000000e+00   0.00000000e+00
  1.17600000e-05   0.00000000e+00   0.00000000e+00   0.00000000e+00   0.00000000e+00   0.00000000e+00   0.00000000e+00
  1.18400000e-05   0.00000000e+00   0.00000000e+00   0.00000000e+00   0.00000000e+00   0.00000000e+00   0.00000000e+00
  1.19200000e-05   0.00000000e+00   0.00000000e+00   0.00000000e+00   0.00000000e+00   0.00000000e+00   0.00000000e+00
  1.20000000e-05   0.00000000e+00   0.00000000e+00   0.00000000e+00   0.00000000e+00   0.00000000e+00   0.00000000e+00
  1.20800000e-05   0.00000000e+00   0.00000000e+00   0.00000000e+00   0.00000000e+00   0.00000000e+00   0.00000000e+00
  1.21600000e-05   0.00000000e+00   0.00000000e+00   0.00000000e+00   0.00000000e+00   0.00000000e+00   0.00000000e+00
  1.22400000e-05   0.00000000e+00   0.00000000e+00   0.00000000e+00   0.00000000e+00   0.00000000e+00   0.00000000e+00
  1.23200000e-05   0.00000000e+00   0.00000000e+00   0.00000000e+00   0.00000000e+00   0.00000000e+00   0.00000000e+00
  1.24000000e-05   0.00000000e+00   0.00000000e+00   0.00000000e+00   0.00000000e+00   0.00000000e+00   0.00000000e+00
  1.24800000e-05   0.00000000e+00   0.00000000e+00   0.00000000e+00   0.00000000e+00   0.00000000e+00   0.00000000e+00
  1.25600000e-05   0.00000000e+00   0.00000000e+00   0.00000000e+00   0.00000000e+00   0.00000000e+00   0.00000000e+00
  1.26400000e-05   0.00000000e+00   0.00000000e+00   0.00000000e+00   0.00000000e+00   0.00000000e+00   0.00000000e+00
  1.27200000e-05   0.00000000e+00   0.00000000e+00   0.00000000e+00   0.00000000e+00   0.00000000e+00   0.00000000e+00
  1.28000000e-05   0.00000000e+00   0.00000000e+00   0.00000000e+00   0.00000000e+00   0.00000000e+00   0.00000000e+00
  1.28800000e-05   0.00000000e+00   0.00000000e+00   0.00000000e+00   0.00000000e+00   0.00000000e+00   0.00000000e+00
  1.29600000e-05   0.00000000e+00   0.00000000e+00   0.00000000e+00   0.00000000e+00   0.00000000e+00   0.00000000e+00
  1.30400000e-05   0.00000000e+00   0.00000000e+00   0.00000000e+00   0.00000000e+00   0.00000000e+00   0.00000000e+00
  1.31200000e-05   0.00000000e+00   0.00000000e+00   0.00000000e+00   0.00000000e+00   0.00000000e+00   0.00000000e+00
  1.32000000e-05   0.00000000e+00   0.00000000e+00   0.00000000e+00   0.00000000e+00   0.00000000e+00   0.00000000e+00
  1.32800000e-05   0.00000000e+00   0.00000000e+00   0.00000000e+00   0.00000000e+00   0.00000000e+00   0.00000000e+00
  1.33600000e-05   0.00000000e+00   0.00000000e+00   0.00000000e+00   0.00000000e+00   0.00000000e+00   0.00000000e+00
  1.34400000e-05   0.00000000e+00   0.00000000e+00   0.00000000e+00   0.00000000e+00   0.00000000e+00   0.00000000e+00
  1.35200000e-05   2.66049659e-07  -4.01030724e-07   0.00000000e+00   7.86004409e-19   5.21446842e-19  -3.47867633e-18
  1.36000000e-05   1.06282735e-06  -1.61503548e-06   2.93565849e-14   3.16537173e-18   2.08307699e-18  -1.39416964e-17
  1.36800000e-05   3.82914197e-07  -5.89971482e-07   0.00000000e+00   1.15628356e-18   7.50472531e-19  -5.05096142e-18
  1.37600000e-05   5.53882921e-07  -8.63892027e-07   0.00000000e+00   1.69311263e-18   1.08553632e-18  -7.34252963e-18
  1.38400000e-05   2.98261926e-06  -4.72537804e-06   3.58905707e-13   9.26079225e-18   5.84533190e-18  -3.97929983e-17
  1.39200000e-05   3.70915170e-06  -5.94093316e-06   3.49823854e-13   1.16423794e-17   7.26877964e-18  -4.97095337e-17
  1.40000000e-05   2.16610861e-06  -3.52658529e-06   6.14014385e-13   6.91067238e-18   4.24468651e-18  -2.92276987e-17
  1.40800000e-05   2.52182783e-06  -4.15543011e-06   8.81778480e-14   8.14250725e-18   4.94148567e-18  -3.41996202e-17
  1.41600000e-05   5.37706863e-07  -9.15308886e-07   6.07023875e-13   1.79346122e-18   1.05358085e-18  -7.39343075e-18
  1.42400000e-05   1.73969079e-06  -2.93515903e-06   8.41980730e-13   5.75103233e-18   3.40867320e-18  -2.38299350e-17
  1.43200000e-05   1.69244077e-06  -2.88999402e-06   1.03871081e-12   5.66248175e-18   3.31605903e-18  -2.33022952e-17
  1.44000000e-05  -2.12227737e-13   6.49186888e-13   3.93624852e-13   1.82189428e-24  -1.77783403e-24   3.91439472e-24
  1.44800000e-05   1.47622662e-13  -2.69956304e-13   5.95541374e-13   5.20982150e-24  -1.77144492e-24  -2.09439763e-24
  1.45600000e-05  -5.86810426e-13   1.14882162e-12   3.04940047e-13   1.45902770e-25  -2.20489087e-24   8.58740465e-24
  1.46400000e-05   5.71151983e-14  -8.83246714e-14   5.51172144e-13   4.50521170e-24  -1.79525114e-24  -7.54539269e-25
  1.47200000e-05  -6.50745397e-14   5.75164168e-14   9.42999773e-13   7.29918915e-24  -3.39045433e-24   7.10496628e-25
  1.48000000e-05   1.33119149e-13  -2.59448489e-13   7.80598142e-13   6.64376068e-24  -2.44019234e-24  -1.94404252e-24
  1.48800000e-05   0.00000000e+00   0.00000000e+00   4.28909264e-13   3.37118283e-24  -1.48410523e-24  -2.82209970e-53
  1.49600000e-05   0.00000000e+00   0.00000000e+00   9.49298771e-14   7.46139097e-25  -3.28474899e-25  -1.37961713e-54
  1.50400000e-05   0.00000000e+00   0.00000000e+00  -7.29250412e-14  -5.73183344e-25   2.52334105e-25  -8.17561598e-55
  1.51200000e-05   0.00000000e+00   0.00000000e+00   5.35724606e-13   4.21074045e-24  -1.85370603e-24  -4.40202836e-53
  1.52000000e-05   0.00000000e+00   0.00000000e+00   6.22120086e-13   4.88980007e-24  -2.15265034e-24  -5.93447491e-53
  1.52800000e-05   0.00000000e+00   0.00000000e+00   1.06555446e-12   8.37514874e-24  -3.68701513e-24  -1.74146998e-52
  1.53600000e-05   0.00000000e+00   0.00000000e+00   4.78530646e-13   3.76120180e-24  -1.65580438e-24  -3.51143664e-53
  1.54400000e-05   0.00000000e+00   0.00000000e+00   3.39492984e-13   2.66838003e-24  -1.17470840e-24  -1.76815692e-53
  1.55200000e-05   0.00000000e+00   0.00000000e+00   8.25979567e-13   6.49211467e-24  -2.85804178e-24  -1.04668256e-52
  1.56000000e-05   0.00000000e+00   0.00000000e+00  -5.65546178e-14  -4.44513495e-25   1.95689418e-25  -4.89491953e-55
  1.56800000e-05   0.00000000e+00   0.00000000e+00  -3.66040937e-08  -2.87704423e-19   1.26656921e-19  -2.04582911e-43
  1.57600000e-05   0.00000000e+00   0.00000000e+00  -3.98910146e-07  -3.13539399e-18   1.38030011e-18  -2.43964211e-41
  1.58400000e-05   0.00000000e+00   0.00000000e+00  -3.10921727e-06  -2.44382138e-17   1.07582727e-17  -1.48373204e-39
  1.59200000e-05   0.00000000e+00   0.00000000e+00   0.00000000e+00   0.00000000e+00   0.00000000e+00   0.00000000e+00
