       time             b_x              b_y              b_z              F_x              F_y              F_z
  0.00000000e+00   0.00000000e+00   0.00000000e+00  -1.20172894e-06   1.15478083e-18   5.72761309e-19   0.00000000e+00
  8.00000000e-08   0.00000000e+00   0.00000000e+00  -1.76214865e-06   1.69330336e-18   8.39871808e-19  -1.31122217e-41
  1.60000000e-07   0.00000000e+00   0.00000000e+00  -2.42076376e-06   2.32617847e-18   1.15379700e-18  -2.47461170e-41
  2.40000000e-07   0.00000000e+00   0.00000000e+00  -3.07787489e-06   2.95760111e-18   1.46701998e-18  -4.00046581e-41
  3.20000000e-07   0.00000000e+00   0.00000000e+00  -3.47658869e-07   3.34071898e-19   1.65709166e-19  -5.10789700e-43
  4.00000000e-07   0.00000000e+00   0.00000000e+00   6.25045106e-07  -6.00617660e-19  -2.97923077e-19  -1.64924631e-42
  4.80000000e-07   0.00000000e+00   0.00000000e+00  -2.00951423e-06   1.93097639e-18   9.57827664e-19  -1.70521249e-41
  5.60000000e-07   0.00000000e+00   0.00000000e+00  -4.66433039e-07   4.48201962e-19   2.22326589e-19  -9.19256667e-43
  6.40000000e-07   0.00000000e+00   0.00000000e+00  -3.31942525e-06   3.18967955e-18   1.58221739e-18  -4.65303359e-41
  7.20000000e-07   0.00000000e+00   0.00000000e+00   1.46928532e-06  -1.41185542e-18  -7.00341233e-19  -9.11533101e-42
  8.00000000e-07   0.00000000e+00   0.00000000e+00  -1.60126356e-06   1.53867798e-18   7.63243303e-19  -1.08271236e-41
  8.80000000e-07   0.00000000e+00   0.00000000e+00   9.38748543e-08  -9.02054644e-20  -4.47460739e-20  -3.71946691e-44
  9.60000000e-07   0.00000000e+00   0.00000000e+00  -2.72817159e-07   2.62153201e-19   1.30040222e-19  -3.14270148e-43
  1.04000000e-06   0.00000000e+00   0.00000000e+00  -2.30345406e-07   2.21341469e-19   1.09796017e-19  -2.24126191e-43
  1.12000000e-06   0.00000000e+00   0.00000000e+00  -6.33779572e-07   6.09005369e-19   3.02097191e-19  -1.69620123e-42
  1.20000000e-06   0.00000000e+00   0.00000000e+00   2.00529581e-07  -1.92690920e-19  -9.55844448e-20  -1.69774420e-43
  1.28000000e-06   0.00000000e+00   0.00000000e+00  -2.41309250e-07   2.31876595e-19   1.15022333e-19  -2.45866072e-43
  1.36000000e-06   0.00000000e+00   0.00000000e+00  -4.21595485e-07   4.05115296e-19   2.00957949e-19  -7.50545899e-43
  1.44000000e-06   0.00000000e+00   0.00000000e+00   9.25212507e-08  -8.89045708e-20  -4.41012725e-20  -3.61295391e-44
  1.52000000e-06   0.00000000e+00   0.00000000e+00   3.06392047e-07  -2.94415167e-19  -1.46045011e-19  -3.96379192e-43
  1.60000000e-06   0.00000000e+00   0.00000000e+00   5.20605729e-07  -5.00255590e-19  -2.48151491e-19  -1.14447153e-42
  1.68000000e-06   0.00000000e+00   0.00000000e+00  -3.89646794e-07   3.74415722e-19   1.85728782e-19  -6.41097300e-43
  1.76000000e-06   0.00000000e+00   0.00000000e+00   3.72190299e-13  -3.57641353e-25  -1.77408460e-25  -5.84947362e-55
  1.84000000e-06   0.00000000e+00   0.00000000e+00   5.26771741e-13  -5.06180196e-25  -2.51091347e-25  -1.17177671e-54
  1.92000000e-06   0.00000000e+00   0.00000000e+00   6.76606716e-13  -6.50158111e-25  -3.22511780e-25  -1.93326796e-54
  2.00000000e-06   0.00000000e+00   0.00000000e+00   6.55914631e-13  -6.30274881e-25  -3.12648678e-25  -1.81686526e-54
  2.08000000e-06   0.00000000e+00   0.00000000e+00   6.78274633e-13  -6.51760829e-25  -3.23306810e-25  -1.94285037e-54
  2.16000000e-06   0.00000000e+00   0.00000000e+00   6.47006397e-13  -6.21714870e-25  -3.08402473e-25  -1.76794221e-54
  2.24000000e-06   0.00000000e+00   0.00000000e+00   4.46109962e-13  -4.28671491e-25  -2.12643053e-25  -8.40446717e-55
  2.32000000e-06   0.00000000e+00   0.00000000e+00   4.68469964e-13  -4.50157439e-25  -2.23301185e-25  -9.26808704e-55
  2.40000000e-06   0.00000000e+00   0.00000000e+00  -2.36345071e-13   2.27106325e-25   1.12656389e-25  -2.35874301e-55
  2.48000000e-06   0.00000000e+00   0.00000000e+00  -9.17495928e-14   8.81630946e-26   4.37334182e-26  -3.55675524e-56
  2.56000000e-06   0.00000000e+00   0.00000000e+00   8.90328048e-14  -8.55525061e-26  -4.24384323e-26  -3.34588806e-56
  2.64000000e-06   0.00000000e+00   0.00000000e+00   4.02421471e-13  -3.86690787e-25  -1.91818470e-25  -6.83952430e-55
  2.72000000e-06   0.00000000e+00   0.00000000e+00   2.02551441e-13  -1.94633691e-25  -9.65482963e-26  -1.73267843e-55
  2.80000000e-06   0.00000000e+00   0.00000000e+00   1.02639023e-13  -9.86268565e-26  -4.89239809e-26  -4.44767134e-56
  2.88000000e-06   0.00000000e+00   0.00000000e+00  -3.01663770e-15   2.89871711e-27   1.43791241e-27  -3.81851367e-59
  2.96000000e-06   0.00000000e+00   0.00000000e+00  -2.61989671e-14   2.51748476e-26   1.24880160e-26  -2.90192516e-57
  3.04000000e-06   0.00000000e+00   0.00000000e+00   9.11267665e-14  -8.75646147e-26  -4.34365414e-26  -3.50577391e-56
  3.12000000e-06   0.00000000e+00   0.00000000e+00   1.28811613e-13  -1.23776358e-25  -6.13994239e-26  -7.00820678e-56
  3.20000000e-06   0.00000000e+00   0.00000000e+00  -3.77112239e-14   3.62370895e-26   1.79754555e-26  -6.01050225e-57
  3.28000000e-06   0.00000000e+00   0.00000000e+00   1.18928341e-13  -1.14279424e-25  -5.66884573e-26  -5.97425701e-56
  3.36000000e-06   0.00000000e+00   0.00000000e+00   3.34060981e-13  -3.21002513e-25  -1.59233716e-25  -4.71246770e-55
  3.44000000e-06   0.00000000e+00   0.00000000e+00   3.71102949e-13  -3.56596508e-25  -1.76890163e-25  -5.81629843e-55
  3.52000000e-06   0.00000000e+00   0.00000000e+00   7.23652670e-15  -6.95365035e-27  -3.44936733e-27  -2.22209357e-58
  3.60000000e-06   0.00000000e+00   0.00000000e+00   3.41855484e-13  -3.28492329e-25  -1.62949048e-25  -4.93433554e-55
  3.68000000e-06   0.00000000e+00   0.00000000e+00   6.03437710e-13  -5.79849287e-25  -2.87634996e-25  -1.53785021e-54
  3.76000000e-06   0.00000000e+00   0.00000000e+00   5.06957819e-13  -4.87140802e-25  -2.41646831e-25  -1.08541570e-54
  3.84000000e-06   0.00000000e+00   0.00000000e+00   3.64812326e-13  -3.50551786e-25  -1.73891671e-25  -5.61993677e-55
  3.92000000e-06   0.00000000e+00   0.00000000e+00   5.87273744e-13  -5.64317171e-25  -2.79930270e-25  -1.45656809e-54
  4.00000000e-06   0.00000000e+00   0.00000000e+00   4.90793853e-13  -4.71608686e-25  -2.33942105e-25  -1.01730542e-54
  4.08000000e-06   0.00000000e+00   0.00000000e+00   4.88305732e-13  -4.69217826e-25  -2.32756115e-25  -1.00689926e-54
  4.16000000e-06   0.00000000e+00   0.00000000e+00  -2.36764563e-13   2.27509419e-25   1.12856344e-25  -2.36741807e-55
  4.24000000e-06   0.00000000e+00   0.00000000e+00  -2.15453694e-13   2.07031594e-25   1.02698293e-25  -1.96042582e-55
  4.32000000e-06   0.00000000e+00   0.00000000e+00  -2.46240688e-13   2.36615122e-25   1.17373240e-25  -2.56060004e-55
  4.40000000e-06   0.00000000e+00   0.00000000e+00   1.11170151e-13  -1.06824502e-25  -5.29904335e-26  -5.21883004e-56
  4.48000000e-06   0.00000000e+00   0.00000000e+00   1.47026918e-13  -1.41279625e-25  -7.00819424e-26  -9.12849140e-56
  4.56000000e-06   0.00000000e+00   0.00000000e+00  -3.22780771e-14   3.10163247e-26   1.53856884e-26  -4.40247273e-57
  4.64000000e-06   0.00000000e+00   0.00000000e+00   4.59084514e-14  -4.41138867e-26  -2.18827511e-26  -8.89312303e-57
  4.72000000e-06   0.00000000e+00   0.00000000e+00   1.99267409e-13  -1.91478031e-25  -9.49829274e-26  -1.67656643e-55
  4.80000000e-06   0.00000000e+00   0.00000000e+00   2.06636902e-13  -1.98559451e-25  -9.84956748e-26  -1.80305326e-55
  4.88000000e-06   0.00000000e+00   0.00000000e+00   4.89699004e-13  -4.70556634e-25  -2.33420233e-25  -1.01264267e-54
  4.96000000e-06   0.00000000e+00   0.00000000e+00   6.43057961e-13  -6.17920779e-25  -3.06520409e-25  -1.74624883e-54
  5.04000000e-06   0.00000000e+00   0.00000000e+00   8.28076978e-13  -7.95707389e-25  -3.94711689e-25  -2.89577951e-54
  5.12000000e-06   0.00000000e+00   0.00000000e+00   6.69674182e-13  -6.43496570e-25  -3.19207314e-25  -1.89398078e-54
  5.20000000e-06   0.00000000e+00   0.00000000e+00   5.66846638e-13  -5.44688562e-25  -2.70193473e-25  -1.35700869e-54
  5.28000000e-06   0.00000000e+00   0.00000000e+00   5.01770772e-13  -4.82156517e-25  -2.39174370e-25  -1.06324386e-54
  5.36000000e-06   0.00000000e+00   0.00000000e+00   6.48352734e-13  -6.23008579e-25  -3.09044219e-25  -1.77520916e-54
  5.44000000e-06   0.00000000e+00   0.00000000e+00   9.10501603e-13  -8.74910030e-25  -4.34000263e-25  -3.50091178e-54
  5.52000000e-06   0.00000000e+00   0.00000000e+00   6.76690266e-13  -6.50238395e-25  -3.22551605e-25  -1.93391100e-54
  5.60000000e-06   0.00000000e+00   0.00000000e+00   5.21871164e-13  -5.01471183e-25  -2.48755435e-25  -1.15024564e-54
  5.68000000e-06   0.00000000e+00   0.00000000e+00   8.01454377e-13  -7.70125468e-25  -3.82021744e-25  -2.71253723e-54
  5.76000000e-06   0.00000000e+00   0.00000000e+00   6.24355287e-13  -5.99949194e-25  -2.97605581e-25  -1.64635048e-54
  5.84000000e-06   0.00000000e+00   0.00000000e+00   6.87521171e-14  -6.60645919e-26  -3.27714271e-26  -1.99500074e-56
  5.92000000e-06   0.00000000e+00   0.00000000e+00  -4.54501126e-13   4.36734644e-25   2.16642790e-25  -8.72379448e-55
  6.00000000e-06   0.00000000e+00   0.00000000e+00   1.18160237e-13  -1.13541345e-25  -5.63223324e-26  -5.89417070e-56
  6.08000000e-06   0.00000000e+00   0.00000000e+00   2.83330173e-13  -2.72254776e-25  -1.35052337e-25  -3.38964440e-55
  6.16000000e-06   0.00000000e+00   0.00000000e+00   5.21443387e-13  -5.01060128e-25  -2.48551530e-25  -1.14825477e-54
  6.24000000e-06   0.00000000e+00   0.00000000e+00   4.42001664e-13  -4.24723787e-25  -2.10684789e-25  -8.25119125e-55
  6.32000000e-06   0.00000000e+00   0.00000000e+00   1.19741293e-12  -1.15060597e-24  -5.70759594e-25  -6.05445963e-54
  6.40000000e-06   0.00000000e+00   0.00000000e+00  -3.38197428e-13   3.24977266e-25   1.61205397e-25  -4.82852285e-55
  6.48000000e-06   0.00000000e+00   0.00000000e+00   5.87926936e-13  -5.64944829e-25  -2.80241620e-25  -1.45944693e-54
  6.56000000e-06   0.00000000e+00   0.00000000e+00   1.07628592e-12  -1.03421382e-24  -5.13023117e-25  -4.89145241e-54
  6.64000000e-06   0.00000000e+00   0.00000000e+00  -2.29203090e-13   2.20243525e-25   1.09252088e-25  -2.21737649e-55
  6.72000000e-06   0.00000000e+00   0.00000000e+00  -1.63100812e-13   1.56725189e-25   7.77437347e-26  -1.12364087e-55
  6.80000000e-06   0.00000000e+00   0.00000000e+00  -3.76624393e-14   3.61902118e-26   1.79522018e-26  -5.99529024e-57
  6.88000000e-06   0.00000000e+00   0.00000000e+00   9.07527951e-13  -8.72052619e-25  -4.32582840e-25  -3.47818210e-54
  6.96000000e-06   0.00000000e+00   0.00000000e+00   1.70047545e-13  -1.63400374e-25  -8.10549688e-26  -1.22093465e-55
  7.04000000e-06   0.00000000e+00   0.00000000e+00   8.62818257e-13  -8.29090629e-25  -4.11271489e-25  -3.14364217e-54
  7.12000000e-06   0.00000000e+00   0.00000000e+00   4.63768112e-13  -4.45639383e-25  -2.21059998e-25  -9.08427231e-55
  7.20000000e-06   0.00000000e+00   0.00000000e+00   3.82227732e-13  -3.67286422e-25  -1.82192909e-25  -6.17005661e-55
  7.28000000e-06   0.00000000e+00   0.00000000e+00   3.36538527e-13  -3.23383212e-25  -1.60414664e-25  -4.78317316e-55
  7.36000000e-06   0.00000000e+00   0.00000000e+00   7.49327190e-13  -7.20035936e-25  -3.57174766e-25  -2.37126377e-54
  7.44000000e-06   0.00000000e+00   0.00000000e+00   3.67213263e-13  -3.52858870e-25  -1.75036103e-25  -5.69484633e-55
  7.52000000e-06   0.00000000e+00   0.00000000e+00   3.21524058e-13  -3.08955660e-25  -1.53257858e-25  -4.36590380e-55
  7.60000000e-06   0.00000000e+00   0.00000000e+00   1.58550971e-13  -1.52353202e-25  -7.55750049e-26  -1.06158519e-55
  7.68000000e-06   0.00000000e+00   0.00000000e+00   4.01398343e-13  -3.85707652e-25  -1.91330785e-25  -6.80412566e-55
  7.76000000e-06   0.00000000e+00   0.00000000e+00   4.40616861e-13  -4.23393116e-25  -2.10024708e-25  -8.19868771e-55
  7.84000000e-06   0.00000000e+00   0.00000000e+00   2.40174493e-13  -2.30786054e-25  -1.14481724e-25  -2.43599175e-55
  7.92000000e-06   0.00000000e+00   0.00000000e+00   4.59984932e-13  -4.42004088e-25  -2.19256705e-25  -8.93599246e-55
  8.00000000e-06   0.00000000e+00   0.00000000e+00   3.59154383e-13  -3.45115012e-25  -1.71194752e-25  -5.44784329e-55
  8.08000000e-06   0.00000000e+00   0.00000000e+00   4.05979484e-13  -3.90109716e-25  -1.93514434e-25  -6.96044441e-55
  8.16000000e-06   0.00000000e+00   0.00000000e+00   6.46155052e-13  -6.20896805e-25  -3.07996671e-25  -1.76315822e-54
  8.24000000e-06   0.00000000e+00   0.00000000e+00   7.29394081e-13  -7.00882014e-25  -3.47673438e-25  -2.24669368e-54
  8.32000000e-06   0.00000000e+00   0.00000000e+00   6.34138443e-13  -6.09349925e-25  -3.02268826e-25  -1.69823597e-54
  8.40000000e-06   0.00000000e+00   0.00000000e+00   7.01238321e-13  -6.73826865e-25  -3.34252696e-25  -2.07658723e-54
  8.48000000e-06   0.00000000e+00   0.00000000e+00  -2.53178665e-14   2.43281892e-26   1.20680300e-26  -2.69934190e-57
  8.56000000e-06   0.00000000e+00   0.00000000e+00   8.15131455e-13  -7.83267907e-25  -3.88541068e-25  -2.80580496e-54
  8.64000000e-06   0.00000000e+00   0.00000000e+00   2.70679278e-13  -2.60098405e-25  -1.29022154e-25  -3.09497099e-55
  8.72000000e-06   0.00000000e+00   0.00000000e+00  -1.54939031e-14   1.48882454e-26   7.38533354e-27  -1.00912689e-57
  8.80000000e-06   0.00000000e+00   0.00000000e+00   5.06364452e-13  -4.86570629e-25  -2.41363996e-25  -1.08280987e-54
  8.88000000e-06   0.00000000e+00   0.00000000e+00   3.76001177e-13  -3.61303264e-25  -1.79224956e-25  -5.97102267e-55
  8.96000000e-06   0.00000000e+00   0.00000000e+00   2.42572379e-13  -2.33090207e-25  -1.15624702e-25  -2.48527356e-55
  9.04000000e-06   0.00000000e+00   0.00000000e+00   4.75659299e-13  -4.57065743e-25  -2.26728058e-25  -9.55382877e-55
  9.12000000e-06   0.00000000e+00   0.00000000e+00   5.59153691e-13  -5.37296333e-25  -2.66526548e-25  -1.32044430e-54
  9.20000000e-06   0.00000000e+00   0.00000000e+00   4.25724894e-13  -4.09083277e-25  -2.02926294e-25  -7.65462472e-55
  9.28000000e-06   0.00000000e+00   0.00000000e+00   5.00903270e-13  -4.81322925e-25  -2.38760865e-25  -1.05948677e-54
  9.36000000e-06   0.00000000e+00   0.00000000e+00   7.23206385e-13  -6.94936195e-25  -3.44724007e-25  -2.20887806e-54
  9.44000000e-06   0.00000000e+00   0.00000000e+00   6.20259199e-13  -5.96013222e-25  -2.95653137e-25  -1.62478624e-54
  9.52000000e-06   0.00000000e+00   0.00000000e+00   2.40956485e-13  -2.31537479e-25  -1.14854469e-25  -2.45193511e-55
  9.60000000e-06   0.00000000e+00   0.00000000e+00   5.41823009e-13  -5.20643109e-25  -2.58265694e-25  -1.23984473e-54
  9.68000000e-06   0.00000000e+00   0.00000000e+00   2.36445087e-13  -2.27202431e-25  -1.12704063e-25  -2.36157761e-55
  9.76000000e-06   0.00000000e+00   0.00000000e+00   2.42849396e-14  -2.33356395e-26  -1.15756745e-26  -2.49256270e-57
  9.84000000e-06   0.00000000e+00   0.00000000e+00   5.15954911e-13  -4.95786196e-25  -2.45935390e-25  -1.12416359e-54
  9.92000000e-06   0.00000000e+00   0.00000000e+00   6.38418802e-13  -6.13462965e-25  -3.04309105e-25  -1.72116416e-54
  1.00000000e-05   0.00000000e+00   0.00000000e+00   1.83035391e-13  -1.75880525e-25  -8.72457639e-26  -1.41496951e-55
  1.00800000e-05   0.00000000e+00   0.00000000e+00   4.96235281e-13  -4.76837408e-25  -2.36535819e-25  -1.03987291e-54
  1.01600000e-05   0.00000000e+00   0.00000000e+00   6.18699172e-13  -5.94514177e-25  -2.94909534e-25  -1.61647638e-54
  1.02400000e-05   0.00000000e+00   0.00000000e+00   4.43816050e-13  -4.26467248e-25  -2.11549635e-25  -8.31798930e-55
  1.03200000e-05   0.00000000e+00   0.00000000e+00   2.03893555e-13  -1.95923341e-25  -9.71880292e-26  -1.75555827e-55
  1.04000000e-05   0.00000000e+00   0.00000000e+00   2.48083203e-13  -2.38385612e-25  -1.18251494e-25  -2.59900529e-55
  1.04800000e-05   0.00000000e+00   0.00000000e+00   5.86892629e-13  -5.63950954e-25  -2.79748607e-25  -1.45456924e-54
  1.05600000e-05   0.00000000e+00   0.00000000e+00   5.66131107e-13  -5.44001001e-25  -2.69852407e-25  -1.35346261e-54
  1.06400000e-05   0.00000000e+00   0.00000000e+00   4.65253089e-13  -4.47066312e-25  -2.21767828e-25  -9.14175872e-55
  1.07200000e-05   0.00000000e+00   0.00000000e+00   7.56172104e-13  -7.26613282e-25  -3.60437467e-25  -2.41469552e-54
  1.08000000e-05   0.00000000e+00   0.00000000e+00   6.12384028e-13  -5.88445893e-25  -2.91899353e-25  -1.58377785e-54
  1.08800000e-05   0.00000000e+00   0.00000000e+00   5.29077644e-13  -5.08395961e-25  -2.52190480e-25  -1.18219114e-54
  1.09600000e-05   0.00000000e+00   0.00000000e+00   6.66218642e-13  -6.40176108e-25  -3.17560194e-25  -1.87436078e-54
  1.10400000e-05  -6.73339625e-15  -1.45716657e-14   1.96900745e-13  -1.38818925e-25  -1.17137131e-25  -1.34159266e-26
  1.11200000e-05   2.30699040e-14   4.99253080e-14   1.94972761e-13  -3.59979738e-25  -1.31662280e-26   4.59655283e-26
  1.12000000e-05  -2.92258105e-13  -1.73578135e-13   3.17966522e-13   2.94649971e-25  -1.16211314e-24  -3.63571577e-25
  1.12800000e-05  -8.80825452e-15  -1.90618395e-14   8.54725853e-13  -7.55403772e-25  -4.37870767e-25  -1.75499675e-26
  1.13600000e-05  -5.04822121e-14  -1.09247964e-13   9.00229103e-13  -4.87288596e-25  -6.03657868e-25  -1.00583061e-25
  1.14400000e-05   3.66348776e-14  -4.10839331e-14   4.75051038e-13  -3.14423913e-25  -9.97644326e-26   1.56197244e-26
  1.15200000e-05   3.11285743e-14   1.99002303e-14   4.16012913e-13  -4.68560657e-25  -9.06626195e-26   3.93974124e-26
  1.16000000e-05   1.21057381e-13   7.73909445e-14   5.22978874e-13  -7.70132955e-25   1.69300884e-25   1.53214455e-25
  1.16800000e-05   0.00000000e+00   0.00000000e+00   3.22516208e-13  -3.09909026e-25  -1.53730777e-25  -4.39317208e-55
  1.17600000e-05   0.00000000e+00   0.00000000e+00   3.85064510e-13  -3.70012310e-25  -1.83545090e-25  -6.26135905e-55
  1.18400000e-05   0.00000000e+00   0.00000000e+00   4.92030471e-13  -4.72796965e-25  -2.34531551e-25  -1.02233253e-54
  1.19200000e-05   0.00000000e+00   0.00000000e+00   2.48464632e-14  -2.38752132e-26  -1.18433307e-26  -2.60751216e-57
  1.20000000e-05   0.00000000e+00   0.00000000e+00  -1.98463333e-13   1.90705387e-25   9.45996563e-26  -1.66368583e-55
  1.20800000e-05   0.00000000e+00   0.00000000e+00  -5.41049529e-14   5.19899864e-26   2.57897006e-26  -1.23707340e-56
  1.21600000e-05   0.00000000e+00   0.00000000e+00   2.47071035e-13  -2.37413010e-25  -1.17769034e-25  -2.57799475e-55
  1.22400000e-05   0.00000000e+00   0.00000000e+00   2.29853317e-13  -2.20868334e-25  -1.09562025e-25  -2.23056569e-55
  1.23200000e-05   0.00000000e+00   0.00000000e+00   4.80315119e-13  -4.61539566e-25  -2.28947304e-25  -9.74154140e-55
  1.24000000e-05   0.00000000e+00   0.00000000e+00   5.83869454e-13  -5.61045955e-25  -2.78307579e-25  -1.43963915e-54
  1.24800000e-05   0.00000000e+00   0.00000000e+00   2.18723628e-13  -2.10173706e-25  -1.04256941e-25  -2.02026690e-55
  1.25600000e-05   0.00000000e+00   0.00000000e+00   2.47808902e-13  -2.38122034e-25  -1.18120746e-25  -2.59330052e-55
  1.26400000e-05   0.00000000e+00   0.00000000e+00   6.13002105e-13  -5.89039809e-25  -2.92193966e-25  -1.58688892e-54
  1.27200000e-05   0.00000000e+00   0.00000000e+00   4.32454738e-13  -4.15550051e-25  -2.06134145e-25  -7.89779398e-55
  1.28000000e-05   0.00000000e+00   0.00000000e+00   1.55262211e-13  -1.49193000e-25  -7.40073826e-26  -1.01817908e-55
  1.28800000e-05   0.00000000e+00   0.00000000e+00   5.09003464e-13  -4.89106482e-25  -2.42621909e-25  -1.09404486e-54
  1.29600000e-05   0.00000000e+00   0.00000000e+00   3.90260767e-13  -3.75005446e-25  -1.86021941e-25  -6.43229246e-55
  1.30400000e-05   0.00000000e+00   0.00000000e+00   3.03238468e-13  -2.91384854e-25  -1.44541837e-25  -3.88357349e-55
  1.31200000e-05   0.00000000e+00   0.00000000e+00   6.16378460e-13  -5.92284182e-25  -2.93803342e-25  -1.60449375e-54
  1.32000000e-05   0.00000000e+00   0.00000000e+00   5.10055419e-13  -4.90117316e-25  -2.43123334e-25  -1.09868957e-54
  1.32800000e-05   0.00000000e+00   0.00000000e+00   2.35013937e-13  -2.25827225e-25  -1.12021890e-25  -2.33324387e-55
  1.33600000e-05   0.00000000e+00   0.00000000e+00   8.76322151e-13  -8.42066655e-25  -4.17708264e-25  -3.24276239e-54
  1.34400000e-05   0.00000000e+00   0.00000000e+00   7.01577496e-13  -6.74152781e-25  -3.34414367e-25  -2.07888448e-54
  1.35200000e-05   0.00000000e+00   0.00000000e+00   3.96100689e-13  -3.80617084e-25  -1.88805602e-25  -6.62714860e-55
  1.36000000e-05   0.00000000e+00   0.00000000e+00   8.69894504e-13  -8.35890266e-25  -4.14644457e-25  -3.19536442e-54
  1.36800000e-05   0.00000000e+00   0.00000000e+00   1.00700264e-12  -9.67638833e-25  -4.79998506e-25  -4.28214486e-54
  1.37600000e-05   0.00000000e+00   0.00000000e+00   1.30051407e-12  -1.24967688e-24  -6.19903850e-25  -7.14228855e-54
  1.38400000e-05   0.00000000e+00   0.00000000e+00  -2.17557519e-13   2.09053180e-25   1.03701103e-25  -1.99804234e-55
  1.39200000e-05   0.00000000e+00   0.00000000e+00   7.33096114e-13  -7.04439334e-25  -3.49438051e-25  -2.26939528e-54
  1.40000000e-05   0.00000000e+00   0.00000000e+00   3.22599980e-13  -3.09989524e-25  -1.53770708e-25  -4.39599681e-55
  1.40800000e-05   0.00000000e+00   0.00000000e+00   7.05491159e-15  -6.77913459e-27  -3.36279856e-27  -2.10887940e-58
  1.41600000e-05   0.00000000e+00   0.00000000e+00   5.20017375e-13  -4.99689859e-25  -2.47871807e-25  -1.14186729e-54
  1.42400000e-05   0.00000000e+00   0.00000000e+00   7.68403362e-13  -7.38366419e-25  -3.66267626e-25  -2.49330380e-54
  1.43200000e-05   0.00000000e+00   0.00000000e+00   4.07599471e-13  -3.91666379e-25  -1.94286619e-25  -7.01655442e-55
  1.44000000e-05   0.00000000e+00   0.00000000e+00   5.84315527e-13  -5.61474591e-25  -2.78520204e-25  -1.44171854e-54
  1.44800000e-05   0.00000000e+00   0.00000000e+00   8.32701513e-13  -8.00151151e-25  -3.96916023e-25  -2.92804741e-54
  1.45600000e-05   0.00000000e+00   0.00000000e+00   1.21173740e-12  -1.16437050e-24  -5.77587508e-25  -6.20101032e-54
  1.46400000e-05   0.00000000e+00   0.00000000e+00   9.82004103e-13  -9.43617492e-25  -4.68082688e-25  -4.07247638e-54
  1.47200000e-05   0.00000000e+00   0.00000000e+00   9.80324294e-13  -9.42003347e-25  -4.67281990e-25  -4.05855561e-54
  1.48000000e-05   0.00000000e+00   0.00000000e+00   8.85594602e-13  -8.50976646e-25  -4.22128076e-25  -3.31222912e-54
  1.48800000e-05   0.00000000e+00   0.00000000e+00   7.28305335e-13  -6.99835828e-25  -3.47154476e-25  -2.24005648e-54
  1.49600000e-05   0.00000000e+00   0.00000000e+00   8.56045561e-13  -8.22582679e-25  -4.08043212e-25  -3.09471967e-54
  1.50400000e-05   0.00000000e+00   0.00000000e+00   5.32790277e-13  -5.11963467e-25  -2.53960146e-25  -1.19888102e-54
  1.51200000e-05   0.00000000e+00   0.00000000e+00   6.31337531e-13  -6.06658502e-25  -3.00933742e-25  -1.68325249e-54
  1.52000000e-05   0.00000000e+00   0.00000000e+00   6.64680050e-13  -6.38697659e-25  -3.16826808e-25  -1.86574216e-54
  1.52800000e-05   0.00000000e+00   0.00000000e+00   3.57214313e-13  -3.43250780e-25  -1.70269998e-25  -5.38935509e-55
  1.53600000e-05   0.00000000e+00   0.00000000e+00   4.39972020e-13  -4.22773482e-25  -2.09717337e-25  -8.17473479e-55
  1.54400000e-05   0.00000000e+00   0.00000000e+00   8.58688862e-13  -8.25122653e-25  -4.09303169e-25  -3.11367181e-54
  1.55200000e-05   0.00000000e+00   0.00000000e+00   4.91701984e-13  -4.72481318e-25  -2.34374974e-25  -1.02109754e-54
  1.56000000e-05   0.00000000e+00   0.00000000e+00   3.48935273e-13  -3.35295368e-25  -1.66323705e-25  -5.14240114e-55
  1.56800000e-05   0.00000000e+00   0.00000000e+00   1.02991928e-12  -9.89659660e-25  -4.90921966e-25  -4.47932568e-54
  1.57600000e-05   0.00000000e+00   0.00000000e+00   7.24312839e-13  -6.95999398e-25  -3.45251410e-25  -2.21542778e-54
  1.58400000e-05   0.00000000e+00   0.00000000e+00   7.92602853e-13  -7.61619951e-25  -3.77802571e-25  -2.65301138e-54
  1.59200000e-05   0.00000000e+00   0.00000000e+00   7.82959635e-13  -7.52353687e-25  -3.73206029e-25  -2.58894375e-54
  1.60000000e-05   0.00000000e+00   0.00000000e+00   7.25476421e-13  -6.97117495e-25  -3.45806043e-25  -2.22266541e-54
  1.60800000e-05   0.00000000e+00   0.00000000e+00   7.54190063e-13  -7.24708720e-25  -3.59492706e-25  -2.40208993e-54
  1.61600000e-05   0.00000000e+00   0.00000000e+00   6.46063241e-13  -6.20808582e-25  -3.07952908e-25  -1.76277342e-54
  1.62400000e-05   0.00000000e+00   0.00000000e+00   4.89356070e-13  -4.70227106e-25  -2.33256770e-25  -1.01145126e-54
  1.63200000e-05   0.00000000e+00   0.00000000e+00   2.04414302e-13  -1.96423732e-25  -9.74362487e-26  -1.76524777e-55
  1.64000000e-05   0.00000000e+00   0.00000000e+00   1.20423538e-12  -1.15716173e-24  -5.74011587e-25  -6.12410996e-54
  1.64800000e-05   0.00000000e+00   0.00000000e+00   2.36876227e-13  -2.27616719e-25  -1.12909570e-25  -2.37031101e-55
  1.65600000e-05   0.00000000e+00   0.00000000e+00  -4.80655406e-14   4.61866551e-26   2.29109506e-26  -9.74216682e-57
  1.66400000e-05   0.00000000e+00   0.00000000e+00   3.16392977e-13  -3.04025153e-25  -1.50812074e-25  -4.22887972e-55
  1.67200000e-05   0.00000000e+00   0.00000000e+00   2.79248294e-13  -2.68332458e-25  -1.33106666e-25  -3.29224377e-55
  1.68000000e-05   0.00000000e+00   0.00000000e+00   5.90067841e-13  -5.67002047e-25  -2.81262105e-25  -1.47020699e-54
  1.68800000e-05   0.00000000e+00   0.00000000e+00   4.72783146e-13  -4.54302019e-25  -2.25357110e-25  -9.44079324e-55
  1.69600000e-05   0.00000000e+00   0.00000000e+00   5.04939988e-13  -4.85201847e-25  -2.40685010e-25  -1.07657547e-54
  1.70400000e-05   0.00000000e+00   0.00000000e+00   8.15759534e-13  -7.83871436e-25  -3.88840449e-25  -2.81005443e-54
  1.71200000e-05   0.00000000e+00   0.00000000e+00   1.46759105e-12  -1.41022281e-24  -6.99542867e-25  -9.09574461e-54
  1.72000000e-05   0.00000000e+00   0.00000000e+00   6.86016506e-13  -6.59200071e-25  -3.26997056e-25  -1.98749468e-54
  1.72800000e-05   0.00000000e+00   0.00000000e+00   6.54049577e-13  -6.28482732e-25  -3.11759679e-25  -1.80658512e-54
  1.73600000e-05   0.00000000e+00   0.00000000e+00   1.46602474e-12  -1.40871772e-24  -6.98796265e-25  -9.07633964e-54
  1.74400000e-05   0.00000000e+00   0.00000000e+00   7.39177769e-13  -7.10283257e-25  -3.52336937e-25  -2.30746049e-54
  1.75200000e-05   0.00000000e+00   0.00000000e+00   1.28133511e-12  -1.23124763e-24  -6.10761993e-25  -6.93305988e-54
  1.76000000e-05   0.00000000e+00   0.00000000e+00   1.41707045e-12  -1.36167706e-24  -6.75461685e-25  -8.48033344e-54
  1.76800000e-05   0.00000000e+00   0.00000000e+00   6.31039482e-13  -6.06372104e-25  -3.00791674e-25  -1.68181961e-54
  1.77600000e-05   0.00000000e+00   0.00000000e+00   4.30147580e-13  -4.13333080e-25  -2.05034414e-25  -7.81479263e-55
  1.78400000e-05   0.00000000e+00   0.00000000e+00   9.73145769e-13  -9.35105431e-25  -4.63860270e-25  -3.99930983e-54
  1.79200000e-05   0.00000000e+00   0.00000000e+00   5.40358846e-13  -5.19236180e-25  -2.57567785e-25  -1.23320898e-54
  1.80000000e-05   0.00000000e+00   0.00000000e+00   1.54259860e-12  -1.48229831e-24  -7.35296013e-25  -1.00490400e-53
  1.80800000e-05   0.00000000e+00   0.00000000e+00   5.29122082e-13  -5.08438662e-25  -2.52211662e-25  -1.18244291e-54
  1.81600000e-05   0.00000000e+00   0.00000000e+00   1.28916582e-12  -1.23877223e-24  -6.14494583e-25  -7.01832861e-54
  1.82400000e-05   0.00000000e+00   0.00000000e+00   1.47495802e-12  -1.41730180e-24  -7.03054410e-25  -9.18707849e-54
  1.83200000e-05   0.00000000e+00   0.00000000e+00   6.18676770e-13  -5.94492651e-25  -2.94898855e-25  -1.61655590e-54
  1.84000000e-05   0.00000000e+00   0.00000000e+00   9.74999377e-13  -9.36886581e-25  -4.64743811e-25  -4.01472252e-54
  1.84800000e-05   0.00000000e+00   0.00000000e+00   7.76792734e-13  -7.46427850e-25  -3.70266509e-25  -2.54847565e-54
  1.85600000e-05   0.00000000e+00   0.00000000e+00   8.49442964e-13  -8.16238178e-25  -4.04896013e-25  -3.04711980e-54
  1.86400000e-05   0.00000000e+00   0.00000000e+00   6.81471232e-13  -6.54832473e-25  -3.24830503e-25  -1.96142002e-54
  1.87200000e-05   0.00000000e+00   0.00000000e+00   4.06764602e-13  -3.90864145e-25  -1.93888669e-25  -6.98861973e-55
  1.88000000e-05   0.00000000e+00   0.00000000e+00   6.46526270e-13  -6.21253511e-25  -3.08173615e-25  -1.76518438e-54
  1.88800000e-05   0.00000000e+00   0.00000000e+00   6.06025943e-13  -5.82336345e-25  -2.88868704e-25  -1.55094525e-54
  1.89600000e-05   0.00000000e+00   0.00000000e+00   7.05093679e-13  -6.77531517e-25  -3.36090393e-25  -2.09947241e-54
  1.90400000e-05   0.00000000e+00   0.00000000e+00   2.38821645e-13  -2.29486090e-25  -1.13836874e-25  -2.40860857e-55
  1.91200000e-05   0.00000000e+00   0.00000000e+00   7.75302234e-13  -7.44995614e-25  -3.69556047e-25  -2.53839955e-54
  1.92000000e-05   0.00000000e+00   0.00000000e+00   8.74369971e-13  -8.40190786e-25  -4.16777736e-25  -3.22856809e-54
  1.92800000e-05   0.00000000e+00   0.00000000e+00   5.03467722e-13  -4.83787132e-25  -2.39983238e-25  -1.07044486e-54
  1.93600000e-05   0.00000000e+00   0.00000000e+00   8.29864452e-13  -7.97424991e-25  -3.95563707e-25  -2.90837976e-54
  1.94400000e-05   0.00000000e+00   0.00000000e+00   7.91601557e-13  -7.60657795e-25  -3.77325292e-25  -2.64636846e-54
  1.95200000e-05   0.00000000e+00   0.00000000e+00   6.00026904e-13  -5.76571810e-25  -2.86009199e-25  -1.52042224e-54
  1.96000000e-05   0.00000000e+00   0.00000000e+00   7.68043290e-13  -7.38020423e-25  -3.66095994e-25  -2.49119998e-54
  1.96800000e-05   0.00000000e+00   0.00000000e+00   7.29780396e-13  -7.01253228e-25  -3.47857579e-25  -2.24916782e-54
  1.97600000e-05   0.00000000e+00   0.00000000e+00   8.91949762e-13  -8.57083382e-25  -4.25157330e-25  -3.35967444e-54
  1.98400000e-05   0.00000000e+00   0.00000000e+00   4.40530068e-13  -4.23309716e-25  -2.09983337e-25  -8.19633076e-55
  1.99200000e-05   0.00000000e+00   0.00000000e+00   2.92106068e-13  -2.80687621e-25  -1.39235461e-25  -3.60386164e-55
  2.00000000e-05   0.00000000e+00   0.00000000e+00   8.87789352e-13  -8.53085603e-25  -4.23174227e-25  -3.32840526e-54
  2.00800000e-05   0.00000000e+00   0.00000000e+00   3.78384030e-13  -3.63592971e-25  -1.80360768e-25  -6.04700000e-55
  2.01600000e-05   0.00000000e+00   0.00000000e+00   2.46490304e-13  -2.36854980e-25  -1.17492222e-25  -2.56615969e-55
  2.02400000e-05   0.00000000e+00   0.00000000e+00   8.53195090e-13  -8.19843632e-25  -4.06684504e-25  -3.07409208e-54
  2.03200000e-05   0.00000000e+00   0.00000000e+00   3.80083930e-13  -3.65226422e-25  -1.81171043e-25  -6.10133207e-55
  2.04000000e-05   0.00000000e+00   0.00000000e+00   2.61536211e-13  -2.51312742e-25  -1.24664014e-25  -2.88898078e-55
  2.04800000e-05   0.00000000e+00   0.00000000e+00   7.56143998e-13  -7.26586275e-25  -3.60424070e-25  -2.41450276e-54
  2.05600000e-05   0.00000000e+00   0.00000000e+00   3.95129837e-13  -3.79684184e-25  -1.88342835e-25  -6.59392509e-55
  2.06400000e-05   0.00000000e+00   0.00000000e+00   3.92109624e-13  -3.76782031e-25  -1.86903218e-25  -6.49291598e-55
  2.07200000e-05   0.00000000e+00   0.00000000e+00   1.75395880e-13  -1.68539642e-25  -8.36043096e-26  -1.29911035e-55
  2.08000000e-05   0.00000000e+00   0.00000000e+00   4.33072654e-13  -4.16143813e-25  -2.06428682e-25  -7.92039727e-55
  2.08800000e-05   0.00000000e+00   0.00000000e+00   4.58368252e-13  -4.40450604e-25  -2.18486097e-25  -8.87268066e-55
  2.09600000e-05   0.00000000e+00   0.00000000e+00   3.03834858e-13  -2.91957932e-25  -1.44826113e-25  -3.89845771e-55
  2.10400000e-05   0.00000000e+00   0.00000000e+00   5.52735301e-13  -5.31128838e-25  -2.63467153e-25  -1.29011980e-54
  2.11200000e-05   0.00000000e+00   0.00000000e+00   7.36758179e-13  -7.07958249e-25  -3.51183613e-25  -2.29221102e-54
  2.12000000e-05   0.00000000e+00   0.00000000e+00   3.98080707e-13  -3.82519704e-25  -1.89749398e-25  -6.69266917e-55
  2.12800000e-05   0.00000000e+00   0.00000000e+00   6.10604334e-13  -5.86735767e-25  -2.91051043e-25  -1.57441358e-54
  2.13600000e-05   0.00000000e+00   0.00000000e+00   7.94627212e-13  -7.63565177e-25  -3.78767503e-25  -2.66645038e-54
  2.14400000e-05   0.00000000e+00   0.00000000e+00   6.13852383e-13  -5.89856849e-25  -2.92599260e-25  -1.59138805e-54
  2.15200000e-05   0.00000000e+00   0.00000000e+00   5.77701428e-13  -5.55119037e-25  -2.75367523e-25  -1.40953530e-54
  2.16000000e-05   0.00000000e+00   0.00000000e+00   3.79283522e-13  -3.64457302e-25  -1.80789520e-25  -6.07598273e-55
  2.16800000e-05   0.00000000e+00   0.00000000e+00   9.32892516e-13  -8.96425681e-25  -4.44673129e-25  -3.67516449e-54
  2.17600000e-05   0.00000000e+00   0.00000000e+00   6.46643126e-13  -6.21365800e-25  -3.08229316e-25  -1.76601517e-54
  2.18400000e-05   0.00000000e+00   0.00000000e+00   4.48225220e-13  -4.30704064e-25  -2.13651313e-25  -8.48540205e-55
  2.19200000e-05   0.00000000e+00   0.00000000e+00   4.56162051e-13  -4.38330644e-25  -2.17434488e-25  -8.78867522e-55
  2.20000000e-05   0.00000000e+00   0.00000000e+00   7.16025680e-13  -6.88036185e-25  -3.41301247e-25  -2.16503102e-54
  2.20800000e-05   0.00000000e+00   0.00000000e+00   8.79953653e-13  -8.45556202e-25  -4.19439257e-25  -3.26987503e-54
  2.21600000e-05   0.00000000e+00   0.00000000e+00   3.81367660e-13  -3.66459971e-25  -1.81782947e-25  -6.14303929e-55
  2.22400000e-05   0.00000000e+00   0.00000000e+00   6.10448258e-13  -5.86585791e-25  -2.90976647e-25  -1.57362173e-54
  2.23200000e-05   0.00000000e+00   0.00000000e+00  -2.68216470e-13   2.57731869e-25   1.27848230e-25  -3.03758606e-55
  2.24000000e-05   0.00000000e+00   0.00000000e+00   7.54579657e-13  -7.25083084e-25  -3.59678410e-25  -2.40441519e-54
  2.24800000e-05   0.00000000e+00   0.00000000e+00   8.31392088e-14  -7.98892911e-26  -3.96291871e-26  -2.92067007e-56
  2.25600000e-05   0.00000000e+00   0.00000000e+00  -9.98538471e-14   9.59505530e-26   4.75963970e-26  -4.20883976e-56
  2.26400000e-05   0.00000000e+00   0.00000000e+00   7.14987357e-13  -6.87038450e-25  -3.40806320e-25  -2.15870950e-54
  2.27200000e-05   0.00000000e+00   0.00000000e+00   2.51501832e-13  -2.41670607e-25  -1.19881020e-25  -2.67173318e-55
  2.28000000e-05   0.00000000e+00   0.00000000e+00   9.64652213e-14  -9.26943889e-26  -4.59811726e-26  -3.93146020e-56
  2.28800000e-05   0.00000000e+00   0.00000000e+00   6.29641707e-13  -6.05028968e-25  -3.00125409e-25  -1.67411432e-54
  2.29600000e-05   0.00000000e+00   0.00000000e+00   4.59903712e-13  -4.41926043e-25  -2.19217990e-25  -8.93312666e-55
  2.30400000e-05   0.00000000e+00   0.00000000e+00   2.99454762e-13  -2.87749054e-25  -1.42738294e-25  -3.78749794e-55
  2.31200000e-05   0.00000000e+00   0.00000000e+00   5.30706794e-13  -5.09961427e-25  -2.52967031e-25  -1.18932667e-54
  2.32000000e-05   0.00000000e+00   0.00000000e+00   8.52258639e-13  -8.18943788e-25  -4.06238135e-25  -3.06732638e-54
  2.32800000e-05   0.00000000e+00   0.00000000e+00   9.67007845e-13  -9.29207439e-25  -4.60934563e-25  -3.94892509e-54
  2.33600000e-05   0.00000000e+00   0.00000000e+00   2.95867489e-13  -2.84302008e-25  -1.41028382e-25  -3.69706169e-55
  2.34400000e-05   0.00000000e+00   0.00000000e+00   8.10932215e-13  -7.79232816e-25  -3.86539455e-25  -2.77706169e-54
  2.35200000e-05   0.00000000e+00   0.00000000e+00   9.25681420e-13  -8.89496467e-25  -4.41235883e-25  -3.61860700e-54
  2.36000000e-05   0.00000000e+00   0.00000000e+00   6.14950794e-13  -5.90912324e-25  -2.93122829e-25  -1.59689808e-54
  2.36800000e-05   0.00000000e+00   0.00000000e+00   7.58579682e-13  -7.28926747e-25  -3.61585064e-25  -2.43011818e-54
  2.37600000e-05   0.00000000e+00   0.00000000e+00   8.06103359e-13  -7.74592721e-25  -3.84237730e-25  -2.74414367e-54
  2.38400000e-05   0.00000000e+00   0.00000000e+00   5.15767779e-13  -4.95606380e-25  -2.45846191e-25  -1.12344386e-54
  2.39200000e-05   0.00000000e+00   0.00000000e+00   7.00911774e-13  -6.73513082e-25  -3.34097043e-25  -2.07468006e-54
  2.40000000e-05   0.00000000e+00   0.00000000e+00   7.48435451e-13  -7.19179056e-25  -3.56749709e-25  -2.36555795e-54
  2.40800000e-05   0.00000000e+00   0.00000000e+00   5.36221452e-13  -5.15260517e-25  -2.55595652e-25  -1.21443763e-54
  2.41600000e-05   0.00000000e+00   0.00000000e+00   7.06259624e-13  -6.78651884e-25  -3.36646153e-25  -2.10629861e-54
  2.42400000e-05   0.00000000e+00   0.00000000e+00   9.70360602e-13  -9.32429136e-25  -4.62532690e-25  -3.97620296e-54
  2.43200000e-05   0.00000000e+00   0.00000000e+00   5.87061287e-13  -5.64113019e-25  -2.79828999e-25  -1.45562318e-54
  2.44000000e-05   0.00000000e+00   0.00000000e+00   6.31866419e-13  -6.07166715e-25  -3.01185841e-25  -1.68591996e-54
  2.44800000e-05   0.00000000e+00   0.00000000e+00   7.10888487e-13  -6.83099805e-25  -3.38852550e-25  -2.13413106e-54
  2.45600000e-05   0.00000000e+00   0.00000000e+00   6.69194986e-13  -6.43036106e-25  -3.18978900e-25  -1.89131196e-54
  2.46400000e-05   0.00000000e+00   0.00000000e+00   5.45062101e-13  -5.23755585e-25  -2.59809641e-25  -1.25460190e-54
  2.47200000e-05   0.00000000e+00   0.00000000e+00   6.34494703e-13  -6.09692260e-25  -3.02438641e-25  -1.70009223e-54
  2.48000000e-05   0.00000000e+00   0.00000000e+00   5.32599839e-13  -5.11780473e-25  -2.53869372e-25  -1.19802684e-54
  2.48800000e-05   0.00000000e+00   0.00000000e+00   4.68668318e-13  -4.50348040e-25  -2.23395733e-25  -9.27560525e-55
  2.49600000e-05   0.00000000e+00   0.00000000e+00  -1.01401628e-13   9.74378315e-26   4.83341635e-26  -4.34168708e-56
  2.50400000e-05   0.00000000e+00   0.00000000e+00   4.41774457e-13  -4.24505461e-25  -2.10576488e-25  -8.24161322e-55
  2.51200000e-05   0.00000000e+00   0.00000000e+00   8.10499920e-15  -7.78817420e-27  -3.86333397e-27  -2.77924667e-58
  2.52000000e-05   0.00000000e+00   0.00000000e+00  -5.08471903e-14   4.88595699e-26   2.42368534e-26  -1.09154040e-56
  2.52800000e-05   0.00000000e+00   0.00000000e+00   4.67740887e-13  -4.49456862e-25  -2.22953663e-25  -9.23895494e-55
  2.53600000e-05   0.00000000e+00   0.00000000e+00   8.03299743e-14  -7.71898698e-26  -3.82901357e-26  -2.72504833e-56
  2.54400000e-05   0.00000000e+00   0.00000000e+00   8.98235482e-14  -8.63123392e-26  -4.28153485e-26  -3.40722428e-56
  2.55200000e-05   0.00000000e+00   0.00000000e+00   5.56950828e-13  -5.35179580e-25  -2.65476529e-25  -1.30989945e-54
  2.56000000e-05   0.00000000e+00   0.00000000e+00   4.46204090e-13  -4.28761940e-25  -2.12687920e-25  -8.40807481e-55
  2.56800000e-05   0.00000000e+00   0.00000000e+00   4.55697664e-13  -4.37884409e-25  -2.17213133e-25  -8.76966747e-55
  2.57600000e-05   0.00000000e+00   0.00000000e+00   6.43229374e-13  -6.18085492e-25  -3.06602115e-25  -1.74718819e-54
  2.58400000e-05   0.00000000e+00   0.00000000e+00  -1.29150843e-13   1.24102327e-25   6.15611212e-26  -7.03976982e-56
  2.59200000e-05   0.00000000e+00   0.00000000e+00   1.00611594e-12  -9.66786791e-25  -4.79575849e-25  -4.27464091e-54
  2.60000000e-05   0.00000000e+00   0.00000000e+00   2.12907686e-13  -2.04585109e-25  -1.01484711e-25  -1.91503573e-55
  2.60800000e-05   0.00000000e+00   0.00000000e+00  -1.05612901e-13   1.01484485e-25   5.03415112e-26  -4.70693516e-56
  2.61600000e-05   0.00000000e+00   0.00000000e+00   8.10990916e-13  -7.79289223e-25  -3.86567436e-25  -2.77733826e-54
  2.62400000e-05   0.00000000e+00   0.00000000e+00   3.41391725e-13  -3.28046698e-25  -1.62727992e-25  -4.92224775e-55
  2.63200000e-05   0.00000000e+00   0.00000000e+00   2.60561030e-13  -2.50375680e-25  -1.24199183e-25  -2.86737430e-55
  2.64000000e-05   0.00000000e+00   0.00000000e+00   5.70013882e-13  -5.47731999e-25  -2.71703173e-25  -1.37207918e-54
  2.64800000e-05   0.00000000e+00   0.00000000e+00   4.75612039e-13  -4.57020330e-25  -2.26705531e-25  -9.55335495e-55
  2.65600000e-05   0.00000000e+00   0.00000000e+00   3.94781344e-13  -3.79349313e-25  -1.88176722e-25  -6.58214214e-55
  2.66400000e-05   0.00000000e+00   0.00000000e+00   5.63053890e-13  -5.41044073e-25  -2.68385618e-25  -1.33877608e-54
  2.67200000e-05   0.00000000e+00   0.00000000e+00   4.72984158e-13  -4.54495173e-25  -2.25452924e-25  -9.44752102e-55
  2.68000000e-05   0.00000000e+00   0.00000000e+00   5.03941953e-13  -4.84242826e-25  -2.40209286e-25  -1.07247245e-54
  2.68800000e-05   0.00000000e+00   0.00000000e+00   4.34719331e-13  -4.17726121e-25  -2.07213587e-25  -7.98106320e-55
  2.69600000e-05   0.00000000e+00   0.00000000e+00   3.34934370e-13  -3.21841762e-25  -1.59650026e-25  -4.73741228e-55
  2.70400000e-05   0.00000000e+00   0.00000000e+00   3.65892165e-13  -3.51589414e-25  -1.74406388e-25  -5.65364868e-55
  2.71200000e-05   0.00000000e+00   0.00000000e+00   6.35290245e-13  -6.10456704e-25  -3.02817845e-25  -1.70438801e-54
  2.72000000e-05   0.00000000e+00   0.00000000e+00   3.36485088e-13  -3.23331862e-25  -1.60389192e-25  -4.78137236e-55
  2.72800000e-05   0.00000000e+00   0.00000000e+00   3.70150912e-13  -3.55681686e-25  -1.76436365e-25  -5.78601502e-55
  2.73600000e-05   0.00000000e+00   0.00000000e+00   6.58992512e-13  -6.33232448e-25  -3.14115782e-25  -1.83394089e-54
  2.74400000e-05   0.00000000e+00   0.00000000e+00   5.48728268e-13  -5.27278440e-25  -2.61557158e-25  -1.27156858e-54
  2.75200000e-05   0.00000000e+00   0.00000000e+00   1.48928171e-12  -1.43106558e-24  -7.09881947e-25  -9.36656618e-54
  2.76000000e-05   0.00000000e+00   0.00000000e+00   1.00206441e-12  -9.62893643e-25  -4.77644648e-25  -4.24072106e-54
  2.76800000e-05   0.00000000e+00   0.00000000e+00   1.25965020e-12  -1.21041038e-24  -6.00425648e-25  -6.70078504e-54
  2.77600000e-05   0.00000000e+00   0.00000000e+00   1.32943503e-12  -1.27746732e-24  -6.33689333e-25  -7.46380568e-54
  2.78400000e-05   0.00000000e+00   0.00000000e+00   9.10398578e-13  -8.74811033e-25  -4.33951154e-25  -3.50036431e-54
  2.79200000e-05   0.00000000e+00   0.00000000e+00   1.09980352e-12  -1.05681213e-24  -5.24233034e-25  -5.10804964e-54
  2.80000000e-05   0.00000000e+00   0.00000000e+00   8.75716043e-13  -8.41484240e-25  -4.17419355e-25  -3.23876272e-54
  2.80800000e-05   0.00000000e+00   0.00000000e+00   9.29102335e-13  -8.92783658e-25  -4.42866499e-25  -3.64550658e-54
  2.81600000e-05   0.00000000e+00   0.00000000e+00   7.86268191e-13  -7.55532912e-25  -3.74783087e-25  -2.61093640e-54
  2.82400000e-05   0.00000000e+00   0.00000000e+00   6.19014588e-13  -5.94817264e-25  -2.95059880e-25  -1.61831436e-54
  2.83200000e-05   0.00000000e+00   0.00000000e+00   7.09733130e-13  -6.81989611e-25  -3.38301836e-25  -2.12726028e-54
  2.84000000e-05   0.00000000e+00   0.00000000e+00   6.20939118e-13  -5.96666563e-25  -2.95977227e-25  -1.62818018e-54
  2.84800000e-05   0.00000000e+00   0.00000000e+00   7.77409095e-13  -7.47020118e-25  -3.70560304e-25  -2.55216745e-54
  2.85600000e-05   0.00000000e+00   0.00000000e+00   2.22752387e-13  -2.14044980e-25  -1.06177292e-25  -2.09573510e-55
  2.86400000e-05   0.00000000e+00   0.00000000e+00   6.16995734e-13  -5.92877327e-25  -2.94097572e-25  -1.60756511e-54
  2.87200000e-05   0.00000000e+00   0.00000000e+00   7.73465712e-13  -7.43230882e-25  -3.68680649e-25  -2.52634089e-54
  2.88000000e-05   0.00000000e+00   0.00000000e+00   3.27600496e-13  -3.14794570e-25  -1.56154257e-25  -4.53274822e-55
  2.88800000e-05   0.00000000e+00   0.00000000e+00   5.51439207e-13  -5.29883409e-25  -2.62849356e-25  -1.28423649e-54
  2.89600000e-05   0.00000000e+00   0.00000000e+00   4.60322944e-13  -4.42328887e-25  -2.19417821e-25  -8.94908264e-55
  2.90400000e-05   0.00000000e+00   0.00000000e+00   6.23825361e-13  -5.99439983e-25  -2.97352986e-25  -1.64337634e-54
  2.91200000e-05   0.00000000e+00   0.00000000e+00   5.52550642e-13  -5.30951398e-25  -2.63379134e-25  -1.28941840e-54
  2.92000000e-05   0.00000000e+00   0.00000000e+00   4.61434379e-13  -4.43396876e-25  -2.19947599e-25  -8.99234828e-55
  2.92800000e-05   0.00000000e+00   0.00000000e+00   6.57128123e-13  -6.31440938e-25  -3.13227101e-25  -1.82357062e-54
  2.93600000e-05   0.00000000e+00   0.00000000e+00   7.59344701e-13  -7.29661863e-25  -3.61949719e-25  -2.43510699e-54
  2.94400000e-05   0.00000000e+00   0.00000000e+00   7.01093643e-13  -6.73687842e-25  -3.34183733e-25  -2.07583516e-54
  2.95200000e-05   0.00000000e+00   0.00000000e+00   6.58486742e-13  -6.32746448e-25  -3.13874701e-25  -1.83111900e-54
  2.96000000e-05   0.00000000e+00   0.00000000e+00   7.52178505e-13  -7.22775793e-25  -3.58533875e-25  -2.38936242e-54
  2.96800000e-05   0.00000000e+00   0.00000000e+00   2.24852029e-12  -2.16062547e-24  -1.07178108e-24  -2.13507365e-53
  2.97600000e-05   0.00000000e+00   0.00000000e+00   7.27557670e-13  -6.99117389e-25  -3.46798093e-25  -2.23535896e-54
  2.98400000e-05   0.00000000e+00   0.00000000e+00   7.60397333e-13  -7.30673347e-25  -3.62451467e-25  -2.44189729e-54
  2.99200000e-05   0.00000000e+00   0.00000000e+00   6.59275816e-13  -6.33504677e-25  -3.14250822e-25  -1.83561977e-54
  3.00000000e-05   0.00000000e+00   0.00000000e+00   7.97384759e-13  -7.66214932e-25  -3.80081917e-25  -2.68503519e-54
  3.00800000e-05   0.00000000e+00   0.00000000e+00   7.76354765e-13  -7.46007002e-25  -3.70057747e-25  -2.54546056e-54
  3.01600000e-05   0.00000000e+00   0.00000000e+00   1.43220336e-12  -1.37621843e-24  -6.82674946e-25  -8.66250819e-54
  3.02400000e-05   0.00000000e+00   0.00000000e+00   1.01697251e-12  -9.77218981e-25  -4.84750751e-25  -4.36784479e-54
  3.03200000e-05   0.00000000e+00   0.00000000e+00   1.10576323e-12  -1.06253887e-24  -5.27073793e-25  -5.16367991e-54
  3.04000000e-05   0.00000000e+00   0.00000000e+00   1.07279665e-12  -1.03086095e-24  -5.11359920e-25  -4.86037679e-54
  3.04800000e-05   0.00000000e+00   0.00000000e+00   8.00168618e-13  -7.68889969e-25  -3.81408872e-25  -2.70406048e-54
  3.05600000e-05   0.00000000e+00   0.00000000e+00  -3.39349390e-13   3.26084198e-25   1.61754492e-25  -4.86342894e-55
  3.06400000e-05   0.00000000e+00   0.00000000e+00   2.25689263e-13  -2.16867054e-25  -1.07577185e-25  -2.15214654e-55
  3.07200000e-05   0.00000000e+00   0.00000000e+00   9.05152258e-13  -8.69769792e-25  -4.31450440e-25  -3.45970235e-54
  3.08000000e-05   0.00000000e+00   0.00000000e+00   4.89621417e-13  -4.70482081e-25  -2.33383250e-25  -1.01263564e-54
  3.08800000e-05   0.00000000e+00   0.00000000e+00   3.58772695e-14  -3.44748245e-26  -1.71012817e-26  -5.45308931e-57
  3.09600000e-05   0.00000000e+00   0.00000000e+00   6.42256092e-13  -6.17150255e-25  -3.06138189e-25  -1.74179505e-54
  3.10400000e-05   0.00000000e+00   0.00000000e+00   6.79376528e-13  -6.52819651e-25  -3.23832040e-25  -1.94915204e-54
  3.11200000e-05   0.00000000e+00   0.00000000e+00   7.24079564e-13  -6.95775242e-25  -3.45140217e-25  -2.21410219e-54
  3.12000000e-05   0.00000000e+00   0.00000000e+00  -1.09685040e-14   1.05397444e-26   5.22825394e-27  -5.08905001e-58
  3.12800000e-05   0.00000000e+00   0.00000000e+00   7.79032415e-13  -7.48579983e-25  -3.71334077e-25  -2.56292922e-54
  3.13600000e-05   0.00000000e+00   0.00000000e+00   8.23735451e-13  -7.91535573e-25  -3.92642254e-25  -2.86550655e-54
  3.14400000e-05   0.00000000e+00   0.00000000e+00   5.10508259e-13  -4.90552455e-25  -2.43339185e-25  -1.10073844e-54
  3.15200000e-05   0.00000000e+00   0.00000000e+00   7.21202765e-13  -6.93010897e-25  -3.43768960e-25  -2.19673745e-54
  3.16000000e-05   0.00000000e+00   0.00000000e+00   5.11268164e-13  -4.91282655e-25  -2.43701402e-25  -1.10401218e-54
  3.16800000e-05   0.00000000e+00   0.00000000e+00   4.05152813e-13  -3.89315360e-25  -1.93120392e-25  -6.93143663e-55
  3.17600000e-05   0.00000000e+00   0.00000000e+00   4.96235473e-13  -4.76837593e-25  -2.36535910e-25  -1.04004787e-54
  3.18400000e-05   0.00000000e+00   0.00000000e+00   2.86300872e-13  -2.75109351e-25  -1.36468352e-25  -3.46223654e-55
  3.19200000e-05   0.00000000e+00   0.00000000e+00   4.82387035e-14  -4.63530492e-26  -2.29934905e-26  -9.83459726e-57
  3.20000000e-05   0.00000000e+00   0.00000000e+00   5.42554995e-13  -5.21346481e-25  -2.58614602e-25  -1.24307587e-54
  3.20800000e-05   0.00000000e+00   0.00000000e+00   6.50897506e-13  -6.25453876e-25  -3.10257211e-25  -1.78911776e-54
  3.21600000e-05   0.00000000e+00   0.00000000e+00   3.46899740e-14  -3.33339404e-26  -1.65353446e-26  -5.08748928e-57
  3.22400000e-05   0.00000000e+00   0.00000000e+00   4.36474493e-13  -4.19412674e-25  -2.08050204e-25  -8.04493561e-55
  3.23200000e-05   0.00000000e+00   0.00000000e+00   8.10602390e-13  -7.78915884e-25  -3.86382241e-25  -2.77465373e-54
  3.24000000e-05   0.00000000e+00   0.00000000e+00   2.32784204e-13  -2.23684653e-25  -1.10959064e-25  -2.28826629e-55
  3.24800000e-05   0.00000000e+00   0.00000000e+00   4.60279434e-13  -4.42287078e-25  -2.19397082e-25  -8.94693005e-55
  3.25600000e-05   0.00000000e+00   0.00000000e+00   4.64021240e-13  -4.45882616e-25  -2.21180654e-25  -9.09298823e-55
  3.26400000e-05   0.00000000e+00   0.00000000e+00   4.18505079e-13  -4.02145685e-25  -1.99484892e-25  -7.39631364e-55
  3.27200000e-05   0.00000000e+00   0.00000000e+00   8.99181071e-13  -8.64032019e-25  -4.28604210e-25  -3.41434038e-54
  3.28000000e-05   0.00000000e+00   0.00000000e+00   1.05886388e-12  -1.01747282e-24  -5.04718719e-25  -4.73473505e-54
  3.28800000e-05   0.00000000e+00   0.00000000e+00   5.47691328e-13  -5.26282035e-25  -2.61062890e-25  -1.26689013e-54
  3.29600000e-05   0.00000000e+00   0.00000000e+00   8.54012170e-13  -8.20628773e-25  -4.07073974e-25  -3.07992118e-54
  3.30400000e-05   0.00000000e+00   0.00000000e+00   1.01369498e-12  -9.74069574e-25  -4.83188483e-25  -4.33939591e-54
  3.31200000e-05   0.00000000e+00   0.00000000e+00   5.35591878e-13  -5.14655553e-25  -2.55295559e-25  -1.21153507e-54
  3.32000000e-05   0.00000000e+00   0.00000000e+00   6.74242734e-13  -6.47886537e-25  -3.21384962e-25  -1.91984845e-54
  3.32800000e-05   0.00000000e+00   0.00000000e+00   8.09154706e-13  -7.77524791e-25  -3.85692187e-25  -2.76500123e-54
  3.33600000e-05   0.00000000e+00   0.00000000e+00   5.86638352e-13  -5.63706617e-25  -2.79627403e-25  -1.45341401e-54
  3.34400000e-05   0.00000000e+00   0.00000000e+00   5.58418441e-13  -5.36589824e-25  -2.66176082e-25  -1.31689725e-54
  3.35200000e-05   0.00000000e+00   0.00000000e+00   5.55315175e-13  -5.33607865e-25  -2.64696878e-25  -1.30230130e-54
  3.36000000e-05   0.00000000e+00   0.00000000e+00   5.93720097e-13  -5.70511536e-25  -2.83002992e-25  -1.48865634e-54
  3.36800000e-05   0.00000000e+00   0.00000000e+00   5.86139677e-13  -5.63227435e-25  -2.79389704e-25  -1.45090991e-54
  3.37600000e-05   0.00000000e+00   0.00000000e+00   5.51478450e-13  -5.29921118e-25  -2.62868062e-25  -1.28438641e-54
  3.38400000e-05   0.00000000e+00   0.00000000e+00   4.54360110e-13  -4.36599140e-25  -2.16575573e-25  -8.71828555e-55
  3.39200000e-05   0.00000000e+00   0.00000000e+00   6.35150924e-13  -6.10322829e-25  -3.02751435e-25  -1.70369393e-54
  3.40000000e-05   0.00000000e+00   0.00000000e+00   6.00489696e-13  -5.77016511e-25  -2.86229793e-25  -1.52282210e-54
  3.40800000e-05   0.00000000e+00   0.00000000e+00   5.33835765e-13  -5.12968087e-25  -2.54458489e-25  -1.20345302e-54
  3.41600000e-05   0.00000000e+00   0.00000000e+00   6.77109085e-13  -6.50640842e-25  -3.22751239e-25  -1.93629330e-54
  3.42400000e-05   0.00000000e+00   0.00000000e+00   5.39431366e-13  -5.18344955e-25  -2.57125691e-25  -1.22894341e-54
  3.43200000e-05   0.00000000e+00   0.00000000e+00   5.33019311e-13  -5.12183548e-25  -2.54069317e-25  -1.19972071e-54
  3.44000000e-05   0.00000000e+00   0.00000000e+00   7.13824172e-13  -6.85920734e-25  -3.40251875e-25  -2.15196511e-54
  3.44800000e-05   0.00000000e+00   0.00000000e+00   7.50476756e-13  -7.21140565e-25  -3.57722718e-25  -2.37858664e-54
  3.45600000e-05   0.00000000e+00   0.00000000e+00   4.43193825e-13  -4.25869347e-25  -2.11253045e-25  -8.29488322e-55
  3.46400000e-05   0.00000000e+00   0.00000000e+00   7.80224255e-13  -7.49725233e-25  -3.71902180e-25  -2.57088644e-54
  3.47200000e-05   0.00000000e+00   0.00000000e+00   6.92439171e-13  -6.65371675e-25  -3.30058487e-25  -2.02492436e-54
  3.48000000e-05   0.00000000e+00   0.00000000e+00   3.46983613e-13  -3.33419999e-25  -1.65393426e-25  -5.08438390e-55
  3.48800000e-05   0.00000000e+00   0.00000000e+00   3.04640895e-07  -2.92732463e-19  -1.45210316e-19  -3.91870410e-43
  3.49600000e-05  -1.90903900e-07  -2.26698397e-07  -2.27307606e-07   1.00228523e-18  -5.51746736e-19  -2.91499522e-19
  3.50400000e-05  -2.75470484e-07  -3.27121222e-07   2.77269710e-08   1.10445487e-18  -9.65719993e-19  -4.20629652e-19
  3.51200000e-05  -1.55592300e-06  -1.84559009e-06  -6.90746520e-08   6.44792912e-18  -5.34703731e-18  -2.37485356e-18
  3.52000000e-05  -2.37797919e-06  -2.82450102e-06  -3.14137294e-07   1.00682024e-17  -8.07263773e-18  -3.63154066e-18
  3.52800000e-05  -1.55583499e-06  -1.85193047e-06  -6.52678870e-08   6.46615533e-18  -5.34850774e-18  -2.37798786e-18
  3.53600000e-05   0.00000000e+00   0.00000000e+00   0.00000000e+00  -0.00000000e+00   0.00000000e+00   0.00000000e+00
  3.54400000e-05   0.00000000e+00   0.00000000e+00   0.00000000e+00  -0.00000000e+00   0.00000000e+00   0.00000000e+00
