       time             b_x              b_y              b_z              F_x              F_y              F_z
  0.00000000e+00   0.00000000e+00   0.00000000e+00  -1.55937577e-06  -1.53398016e-18   1.01464357e-18   0.00000000e+00
  8.00000000e-08   0.00000000e+00   0.00000000e+00  -3.42519962e-06  -3.36943747e-18   2.22865465e-18  -8.25015916e-41
  1.60000000e-07   0.00000000e+00   0.00000000e+00   1.28970471e-08   1.26871193e-20  -8.39159239e-21  -1.11675521e-45
  2.40000000e-07   0.00000000e+00   0.00000000e+00  -3.57437546e-06  -3.51621473e-18   2.32567269e-18  -8.98448860e-41
  3.20000000e-07   0.00000000e+00   0.00000000e+00   1.16756747e-06   1.14857091e-18  -7.59677071e-19  -9.58282123e-42
  4.00000000e-07   0.00000000e+00   0.00000000e+00  -3.72355965e-06  -3.66299126e-18   2.42270966e-18  -9.75016405e-41
  4.80000000e-07   0.00000000e+00   0.00000000e+00  -2.00335188e-06  -1.97076877e-18   1.30346182e-18  -2.82203722e-41
  5.60000000e-07   0.00000000e+00   0.00000000e+00   1.11597966e-06   1.09783145e-18  -7.26097885e-19  -8.75449453e-42
  6.40000000e-07   0.00000000e+00   0.00000000e+00  -2.15299145e-06  -2.11797770e-18   1.40081861e-18  -3.25941694e-41
  7.20000000e-07   0.00000000e+00   0.00000000e+00  -4.71624076e-07  -4.63954160e-19   3.06856625e-19  -1.56396700e-42
  8.00000000e-07   0.00000000e+00   0.00000000e+00   1.80390649e-07   1.77457197e-19  -1.17368738e-19  -2.28689349e-43
  8.80000000e-07   0.00000000e+00   0.00000000e+00  -1.66214818e-07  -1.63511939e-19   1.08145348e-19  -1.94468938e-43
  9.60000000e-07   0.00000000e+00   0.00000000e+00  -1.62331687e-07  -1.59691922e-19   1.05618892e-19  -1.85192712e-43
  1.04000000e-06   0.00000000e+00   0.00000000e+00  -6.59234823e-07  -6.48515269e-19   4.28921171e-19  -3.05596332e-42
  1.12000000e-06   0.00000000e+00   0.00000000e+00   5.92369875e-07   5.82737196e-19  -3.85417093e-19  -2.46737004e-42
  1.20000000e-06   0.00000000e+00   0.00000000e+00  -7.53006029e-07  -7.40761863e-19   4.89931741e-19  -3.98726368e-42
  1.28000000e-06   0.00000000e+00   0.00000000e+00  -3.49563090e-07  -3.43879138e-19   2.27437708e-19  -8.59104542e-43
  1.36000000e-06   0.00000000e+00   0.00000000e+00  -1.13867656e-13  -1.12016150e-25   7.40861926e-26  -9.11588248e-56
  1.44000000e-06   0.00000000e+00   0.00000000e+00   1.18174989e-13   1.16253445e-25  -7.68886909e-26  -9.81689959e-56
  1.52000000e-06   0.00000000e+00   0.00000000e+00  -9.07462347e-14  -8.92706868e-26   5.90426049e-26  -5.78917285e-56
  1.60000000e-06   0.00000000e+00   0.00000000e+00   2.69774625e-13   2.65388048e-25  -1.75524600e-25  -5.11743915e-55
  1.68000000e-06   0.00000000e+00   0.00000000e+00   3.14726311e-13   3.09608813e-25  -2.04771705e-25  -6.96494437e-55
  1.76000000e-06   0.00000000e+00   0.00000000e+00   6.18962867e-13   6.08898435e-25  -4.02718417e-25  -2.69445663e-54
  1.84000000e-06   0.00000000e+00   0.00000000e+00   5.81773409e-13   5.72313683e-25  -3.78521683e-25  -2.38015006e-54
  1.92000000e-06   0.00000000e+00   0.00000000e+00   1.00863311e-12   9.92232579e-25  -6.56251208e-25  -7.15502935e-54
  2.00000000e-06   0.00000000e+00   0.00000000e+00  -1.29329947e-14  -1.27227022e-26   8.41464884e-27  -1.16806517e-57
  2.08000000e-06   0.00000000e+00   0.00000000e+00  -3.05409945e-15  -3.00443931e-27   1.98710159e-27  -6.59025285e-59
  2.16000000e-06   0.00000000e+00   0.00000000e+00  -2.89821651e-13  -2.85109106e-25   1.88567881e-25  -5.90557356e-55
  2.24000000e-06   0.00000000e+00   0.00000000e+00   2.39110761e-13   2.35222782e-25  -1.55573641e-25  -4.01973268e-55
  2.32000000e-06   0.00000000e+00   0.00000000e+00  -4.93480009e-13  -4.85455947e-25   3.21074977e-25  -1.71238402e-54
  2.40000000e-06   0.00000000e+00   0.00000000e+00   3.09952920e-13   3.04913038e-25  -2.01665974e-25  -6.75499229e-55
  2.48000000e-06   0.00000000e+00   0.00000000e+00  -6.97138368e-13  -6.85802789e-25   4.53582072e-25  -3.41763452e-54
  2.56000000e-06   0.00000000e+00   0.00000000e+00   2.07074502e-13   2.03707438e-25  -1.34729755e-25  -3.01594667e-55
  2.64000000e-06   0.00000000e+00   0.00000000e+00   2.84757833e-13   2.80127626e-25  -1.85273188e-25  -5.70431590e-55
  2.72000000e-06   0.00000000e+00   0.00000000e+00   2.70116365e-13   2.65724231e-25  -1.75746948e-25  -5.13065610e-55
  2.80000000e-06   0.00000000e+00   0.00000000e+00   1.58760347e-13   1.56178879e-25  -1.03294913e-25  -1.77344464e-55
  2.88000000e-06   0.00000000e+00   0.00000000e+00  -1.10112258e-13  -1.08321816e-25   7.16428022e-26  -8.52228162e-56
  2.96000000e-06   0.00000000e+00   0.00000000e+00   1.64089307e-13   1.61421189e-25  -1.06762117e-25  -1.89383516e-55
  3.04000000e-06   0.00000000e+00   0.00000000e+00  -3.75816345e-13  -3.69705512e-25   2.44518971e-25  -9.93182975e-55
  3.12000000e-06   0.00000000e+00   0.00000000e+00  -1.17931305e-13  -1.16013724e-25   7.67301418e-26  -9.78055511e-56
  3.20000000e-06   0.00000000e+00   0.00000000e+00  -6.87033925e-13  -6.75862647e-25   4.47007776e-25  -3.31945520e-54
  3.28000000e-06   0.00000000e+00   0.00000000e+00   2.80009345e-13   2.75456350e-25  -1.82183660e-25  -5.51533369e-55
  3.36000000e-06   0.00000000e+00   0.00000000e+00   5.61268025e-13   5.52141720e-25  -3.65180179e-25  -2.21497724e-54
  3.44000000e-06   0.00000000e+00   0.00000000e+00  -1.24049066e-14  -1.22032009e-26   8.07105665e-27  -1.06548106e-57
  3.52000000e-06   0.00000000e+00   0.00000000e+00  -1.45843816e-13  -1.43472373e-25   9.48909763e-26  -1.49686957e-55
  3.60000000e-06   0.00000000e+00   0.00000000e+00  -5.38326039e-13  -5.29572774e-25   3.50253338e-25  -2.03743885e-54
  3.68000000e-06   0.00000000e+00   0.00000000e+00  -4.71825653e-13  -4.64153694e-25   3.06985912e-25  -1.56600313e-54
  3.76000000e-06   0.00000000e+00   0.00000000e+00  -1.06424717e-12  -1.04694235e-24   6.92435619e-25  -7.96445125e-54
  3.84000000e-06   0.00000000e+00   0.00000000e+00   4.76417288e-13   4.68670669e-25  -3.09973387e-25  -1.59572329e-54
  3.92000000e-06   0.00000000e+00   0.00000000e+00  -6.68220684e-14  -6.57355311e-26   4.34767238e-26  -3.13678133e-56
  4.00000000e-06   0.00000000e+00   0.00000000e+00   9.42119430e-13   9.26800421e-25  -6.12975132e-25  -6.24141853e-54
  4.08000000e-06   0.00000000e+00   0.00000000e+00   9.28117435e-14   9.13026101e-26  -6.03864956e-26  -6.06344123e-56
  4.16000000e-06   0.00000000e+00   0.00000000e+00   1.51976345e-12   1.49505186e-24  -9.88810095e-25  -1.62425101e-53
  4.24000000e-06   0.00000000e+00   0.00000000e+00   3.43422553e-13   3.37838448e-25  -2.23442462e-25  -8.29064218e-55
  4.32000000e-06   0.00000000e+00   0.00000000e+00  -5.97109472e-13  -5.87400379e-25   3.88499851e-25  -2.50639517e-54
  4.40000000e-06   0.00000000e+00   0.00000000e+00   7.09757184e-14   6.98216421e-26  -4.61792306e-26  -3.53434053e-56
  4.48000000e-06   0.00000000e+00   0.00000000e+00  -1.22685188e-12  -1.20690307e-24   7.98231804e-25  -1.05835825e-53
  4.56000000e-06   0.00000000e+00   0.00000000e+00   1.19015825e-13   1.17080609e-25  -7.74357674e-26  -9.95720095e-56
  4.64000000e-06   0.00000000e+00   0.00000000e+00  -3.21075883e-13  -3.15855139e-25   2.08902954e-25  -7.25603359e-55
  4.72000000e-06   0.00000000e+00   0.00000000e+00   4.58167990e-14   4.50718107e-26  -2.98099769e-26  -1.48180949e-56
  4.80000000e-06   0.00000000e+00   0.00000000e+00  -6.27105018e-13  -6.16908192e-25   4.08015979e-25  -2.76511843e-54
  4.88000000e-06   0.00000000e+00   0.00000000e+00   1.13890247e-12   1.12038374e-24  -7.41008910e-25  -9.12070744e-54
  4.96000000e-06   0.00000000e+00   0.00000000e+00  -4.67327054e-13  -4.59728244e-25   3.04058970e-25  -1.53544829e-54
  5.04000000e-06   0.00000000e+00   0.00000000e+00   1.61034751e-12   1.58416300e-24  -1.04774718e-24  -1.82356924e-53
  5.12000000e-06   0.00000000e+00   0.00000000e+00   6.05469891e-13   5.95624856e-25  -3.93939425e-25  -2.57820677e-54
  5.20000000e-06   0.00000000e+00   0.00000000e+00   3.05896804e-13   3.00922875e-25  -1.99026926e-25  -6.58365710e-55
  5.28000000e-06   0.00000000e+00   0.00000000e+00   1.94926294e-13   1.91756762e-25  -1.26825716e-25  -2.67225197e-55
  5.36000000e-06   0.00000000e+00   0.00000000e+00  -1.65767153e-13  -1.63071754e-25   1.07853781e-25  -1.93124446e-55
  5.44000000e-06   0.00000000e+00   0.00000000e+00  -2.30828081e-13  -2.27074780e-25   1.50184647e-25  -3.74746929e-55
  5.52000000e-06   0.00000000e+00   0.00000000e+00  -1.72978260e-13  -1.70165607e-25   1.12545574e-25  -2.10414121e-55
  5.60000000e-06   0.00000000e+00   0.00000000e+00   1.31713469e-13   1.29571788e-25  -8.56972891e-26  -1.21987015e-55
  5.68000000e-06   0.00000000e+00   0.00000000e+00  -2.93988431e-13  -2.89208133e-25   1.91278931e-25  -6.07821606e-55
  5.76000000e-06   0.00000000e+00   0.00000000e+00  -3.86177634e-13  -3.79898325e-25   2.51260380e-25  -1.04881289e-54
  5.84000000e-06   0.00000000e+00   0.00000000e+00  -7.85521560e-14  -7.72748856e-26   5.11087200e-26  -4.33696786e-56
  5.92000000e-06   0.00000000e+00   0.00000000e+00   1.23920071e-13   1.21905112e-25  -8.06266380e-26  -1.08049515e-55
  6.00000000e-06   0.00000000e+00   0.00000000e+00   1.58801128e-13   1.56218997e-25  -1.03321447e-25  -1.77318857e-55
  6.08000000e-06   0.00000000e+00   0.00000000e+00   4.64621866e-14   4.57067042e-26  -3.02298881e-26  -1.52004045e-56
  6.16000000e-06   0.00000000e+00   0.00000000e+00   1.01122607e-13   9.94783373e-26  -6.57938274e-26  -7.18929186e-56
  6.24000000e-06   0.00000000e+00   0.00000000e+00  -3.09956983e-14  -3.04917034e-26   2.01668617e-26  -6.74517578e-57
  6.32000000e-06   0.00000000e+00   0.00000000e+00   4.34440851e-14   4.27376775e-26  -2.82662080e-26  -1.32628945e-56
  6.40000000e-06   0.00000000e+00   0.00000000e+00   1.67947201e-13   1.65216353e-25  -1.09272195e-25  -1.98348283e-55
  6.48000000e-06   0.00000000e+00   0.00000000e+00  -1.35358026e-14  -1.33157083e-26   8.80685624e-27  -1.28636774e-57
  6.56000000e-06   0.00000000e+00   0.00000000e+00   8.70498874e-14   8.56344426e-26  -5.66376348e-26  -5.33034007e-56
  6.64000000e-06   0.00000000e+00   0.00000000e+00   3.18941433e-14   3.13755395e-26  -2.07514208e-26  -7.15746647e-57
  6.72000000e-06   0.00000000e+00   0.00000000e+00  -3.43381469e-13  -3.37798033e-25   2.23415731e-25  -8.29227611e-55
  6.80000000e-06   0.00000000e+00   0.00000000e+00   1.02182287e-13   1.00520788e-25  -6.64832920e-26  -7.34673237e-56
  6.88000000e-06   0.00000000e+00   0.00000000e+00   7.89904586e-13   7.77060614e-25  -5.13938948e-25  -4.38781030e-54
  6.96000000e-06   0.00000000e+00   0.00000000e+00   1.96478263e-13   1.93283496e-25  -1.27835480e-25  -2.71568405e-55
  7.04000000e-06   0.00000000e+00   0.00000000e+00   1.07567644e-12   1.05818578e-24  -6.99871895e-25  -8.13720902e-54
  7.12000000e-06   0.00000000e+00   0.00000000e+00  -1.28888942e-13  -1.26793188e-25   8.38595550e-26  -1.16877362e-55
  7.20000000e-06   0.00000000e+00   0.00000000e+00  -3.36881787e-13  -3.31404037e-25   2.19186816e-25  -7.98592684e-55
  7.28000000e-06   0.00000000e+00   0.00000000e+00  -1.20868753e-13  -1.18903408e-25   7.86413456e-26  -1.02721862e-55
  7.36000000e-06   0.00000000e+00   0.00000000e+00   3.03517452e-13   2.98582210e-25  -1.97478838e-25  -6.47548288e-55
  7.44000000e-06   0.00000000e+00   0.00000000e+00   3.51831856e-13   3.46111015e-25  -2.28913842e-25  -8.70681841e-55
  7.52000000e-06   0.00000000e+00   0.00000000e+00   9.43916690e-13   9.28568458e-25  -6.14144491e-25  -6.26524846e-54
  7.60000000e-06   0.00000000e+00   0.00000000e+00   1.62836593e-12   1.60188845e-24  -1.05947059e-24  -1.86469617e-53
  7.68000000e-06   0.00000000e+00   0.00000000e+00  -6.32364869e-14  -6.22082518e-26   4.11438218e-26  -2.81326298e-56
  7.76000000e-06   0.00000000e+00   0.00000000e+00  -2.52305185e-13  -2.48202663e-25   1.64158385e-25  -4.47653212e-55
  7.84000000e-06   0.00000000e+00   0.00000000e+00   1.58257037e-13   1.55683753e-25  -1.02967443e-25  -1.76099329e-55
  7.92000000e-06   4.54130083e-13   2.61761170e-13  -2.84806254e-13  -1.52689785e-24   2.34824670e-24  -2.76435085e-25
  8.00000000e-06  -1.00984988e-12  -4.97993363e-13   4.45776187e-13   2.81038292e-24  -5.09977524e-24   6.69418041e-25
  8.08000000e-06   1.34513786e-13   5.78765929e-14   2.34727763e-13  -4.47450177e-26   4.87943679e-25  -9.46700794e-26
  8.16000000e-06   1.60523342e-14   5.62403612e-14  -6.16814062e-14  -3.28541443e-25   1.16586488e-25   2.08005823e-26
  8.24000000e-06  -6.50035634e-14  -2.79687677e-14   2.59986584e-13   3.88969501e-25  -4.78756748e-25   4.57491583e-26
  8.32000000e-06   0.00000000e+00   0.00000000e+00  -3.03289270e-13  -2.98357739e-25   1.97330375e-25  -6.46640508e-55
  8.40000000e-06   0.00000000e+00   0.00000000e+00   1.67716940e-13   1.64989836e-25  -1.09122379e-25  -1.97812622e-55
  8.48000000e-06   0.00000000e+00   0.00000000e+00   1.71110610e-13   1.68328325e-25  -1.11330417e-25  -2.06005454e-55
  8.56000000e-06   0.00000000e+00   0.00000000e+00  -1.04935538e-13  -1.03229269e-25   6.82746508e-26  -7.73943433e-56
  8.64000000e-06   0.00000000e+00   0.00000000e+00   9.57395884e-14   9.41828478e-26  -6.22914516e-26  -6.44478297e-56
  8.72000000e-06   0.00000000e+00   0.00000000e+00  -3.06360953e-13  -3.01379477e-25   1.99328917e-25  -6.59961634e-55
  8.80000000e-06   0.00000000e+00   0.00000000e+00  -3.53500489e-14  -3.47752516e-26   2.29999512e-26  -8.79562843e-57
  8.88000000e-06   0.00000000e+00   0.00000000e+00   1.02741112e-13   1.01070525e-25  -6.68468824e-26  -7.42265123e-56
  8.96000000e-06   0.00000000e+00   0.00000000e+00   1.84839553e-13   1.81834033e-25  -1.20262937e-25  -2.40304467e-55
  9.04000000e-06   0.00000000e+00   0.00000000e+00   3.86141960e-14   3.79863232e-26  -2.51237170e-26  -1.04801796e-56
  9.12000000e-06   0.00000000e+00   0.00000000e+00   1.14895963e-14   1.13027736e-26  -7.47552441e-27  -9.31891202e-58
  9.20000000e-06   0.00000000e+00   0.00000000e+00  -4.31179611e-14  -4.24168563e-26   2.80540206e-26  -1.30831496e-56
  9.28000000e-06   0.00000000e+00   0.00000000e+00  -5.14362072e-14  -5.05998465e-26   3.34661561e-26  -1.85920994e-56
  9.36000000e-06   0.00000000e+00   0.00000000e+00  -2.42191401e-13  -2.38253331e-25   1.57578011e-25  -4.12594215e-55
  9.44000000e-06   0.00000000e+00   0.00000000e+00  -4.19385267e-13  -4.12565997e-25   2.72866402e-25  -1.23686654e-54
  9.52000000e-06   0.00000000e+00   0.00000000e+00  -6.24857750e-13  -6.14697465e-25   4.06553829e-25  -2.74584689e-54
  9.60000000e-06   0.00000000e+00   0.00000000e+00  -1.24474978e-13  -1.22450996e-25   8.09876793e-26  -1.08999064e-55
  9.68000000e-06   0.00000000e+00   0.00000000e+00  -1.75323362e-13  -1.72472577e-25   1.14071377e-25  -2.16248940e-55
  9.76000000e-06   0.00000000e+00   0.00000000e+00  -1.66146397e-13  -1.63444831e-25   1.08100530e-25  -1.94119812e-55
  9.84000000e-06   0.00000000e+00   0.00000000e+00   2.62795048e-13   2.58521959e-25  -1.70983449e-25  -4.85539914e-55
  9.92000000e-06   0.00000000e+00   0.00000000e+00   1.78012983e-14   1.75118465e-26  -1.15821337e-26  -2.23166323e-57
  1.00000000e-05   0.00000000e+00   0.00000000e+00   6.60227386e-13   6.49491986e-25  -4.29566525e-25  -3.06530320e-54
  1.00800000e-05   0.00000000e+00   0.00000000e+00   2.01748994e-13   1.98468524e-25  -1.31264798e-25  -2.86301259e-55
  1.01600000e-05   0.00000000e+00   0.00000000e+00  -2.85083747e-13  -2.80448241e-25   1.85485239e-25  -5.71428683e-55
  1.02400000e-05   0.00000000e+00   0.00000000e+00  -2.65767452e-13  -2.61446032e-25   1.72917397e-25  -4.96817531e-55
  1.03200000e-05   0.00000000e+00   0.00000000e+00  -3.32985844e-13  -3.27571443e-25   2.16651982e-25  -7.79828698e-55
  1.04000000e-05   0.00000000e+00   0.00000000e+00  -3.39210808e-13  -3.33695187e-25   2.20702156e-25  -8.09258126e-55
  1.04800000e-05   0.00000000e+00   0.00000000e+00  -1.75224840e-13  -1.72375657e-25   1.14007276e-25  -2.15952460e-55
  1.05600000e-05   0.00000000e+00   0.00000000e+00  -3.76668964e-13  -3.70544268e-25   2.45073714e-25  -9.97855326e-55
  1.06400000e-05   0.00000000e+00   0.00000000e+00  -1.36258246e-13  -1.34042666e-25   8.86542766e-26  -1.30570471e-55
  1.07200000e-05   0.00000000e+00   0.00000000e+00   1.96177698e-13   1.92987818e-25  -1.27639922e-25  -2.70603405e-55
  1.08000000e-05   0.00000000e+00   0.00000000e+00   2.22154383e-14   2.18542118e-26  -1.44541242e-26  -3.47252519e-57
  1.08800000e-05   0.00000000e+00   0.00000000e+00   3.79725892e-13   3.73551490e-25  -2.47062656e-25  -1.01398223e-54
  1.09600000e-05   0.00000000e+00   0.00000000e+00   2.02333075e-14   1.99043107e-26  -1.31644821e-26  -2.87329000e-57
  1.10400000e-05   0.00000000e+00   0.00000000e+00  -8.09774322e-14  -7.96607265e-26   5.26866877e-26  -4.61204124e-56
  1.11200000e-05   0.00000000e+00   0.00000000e+00  -2.04054515e-14  -2.00736557e-26   1.32764848e-26  -2.92790969e-57
  1.12000000e-05   0.00000000e+00   0.00000000e+00  -1.19984601e-13  -1.18033632e-25   7.80660861e-26  -1.01253762e-55
  1.12800000e-05   0.00000000e+00   0.00000000e+00   9.95545540e-15   9.79357814e-27  -6.47735987e-27  -6.97340692e-58
  1.13600000e-05   0.00000000e+00   0.00000000e+00  -5.91334626e-15  -5.81719433e-27   3.84742538e-27  -2.45767758e-58
  1.14400000e-05   0.00000000e+00   0.00000000e+00   1.40908365e-13   1.38617173e-25  -9.16798028e-26  -1.39607822e-55
  1.15200000e-05   0.00000000e+00   0.00000000e+00   2.39629054e-13   2.35732649e-25  -1.55910861e-25  -4.03872418e-55
  1.16000000e-05   0.00000000e+00   0.00000000e+00   2.74453405e-13   2.69990750e-25  -1.78568775e-25  -5.29672065e-55
  1.16800000e-05   0.00000000e+00   0.00000000e+00  -1.53581868e-13  -1.51084603e-25   9.99256174e-26  -1.65799208e-55
  1.17600000e-05   0.00000000e+00   0.00000000e+00   2.25798405e-13   2.22126888e-25  -1.46912167e-25  -3.58504285e-55
  1.18400000e-05   0.00000000e+00   0.00000000e+00   1.85838989e-13   1.82817218e-25  -1.20913204e-25  -2.42886128e-55
  1.19200000e-05   0.00000000e+00   0.00000000e+00  -6.14861837e-14  -6.04864088e-26   4.00050147e-26  -2.65594891e-56
  1.20000000e-05   0.00000000e+00   0.00000000e+00   6.05735627e-14   5.95886272e-26  -3.94112322e-26  -2.58019520e-56
  1.20800000e-05   0.00000000e+00   0.00000000e+00  -4.14744792e-13  -4.08000977e-25   2.69847151e-25  -1.20959418e-54
  1.21600000e-05   0.00000000e+00   0.00000000e+00  -6.46918633e-14  -6.36399636e-26   4.20907395e-26  -2.94380037e-56
  1.22400000e-05   0.00000000e+00   0.00000000e+00   5.60052605e-14   5.50946063e-26  -3.64389385e-26  -2.20550990e-56
  1.23200000e-05   0.00000000e+00   0.00000000e+00  -3.33241914e-13  -3.27823348e-25   2.16818590e-25  -7.80839669e-55
  1.24000000e-05   0.00000000e+00   0.00000000e+00  -3.58969661e-14  -3.53132758e-26   2.33557942e-26  -9.08170909e-57
  1.24800000e-05   0.00000000e+00   0.00000000e+00  -3.40500352e-13  -3.34963763e-25   2.21541178e-25  -8.15229792e-55
  1.25600000e-05   0.00000000e+00   0.00000000e+00  -8.88420628e-14  -8.73974770e-26   5.78036855e-26  -5.55586516e-56
  1.26400000e-05   0.00000000e+00   0.00000000e+00  -3.47758791e-13  -3.42104178e-25   2.26263767e-25  -8.50360997e-55
  1.27200000e-05   0.00000000e+00   0.00000000e+00   3.04410050e-13   2.99460295e-25  -1.98059593e-25  -6.51628848e-55
  1.28000000e-05   0.00000000e+00   0.00000000e+00  -4.07921165e-13  -4.01288303e-25   2.65407465e-25  -1.17006111e-54
  1.28800000e-05   0.00000000e+00   0.00000000e+00  -3.03091802e-13  -2.98163482e-25   1.97201896e-25  -6.45773847e-55
  1.29600000e-05   0.00000000e+00   0.00000000e+00  -8.36485867e-14  -8.22884476e-26   5.44246322e-26  -4.92736607e-56
  1.30400000e-05   0.00000000e+00   0.00000000e+00  -6.27593707e-13  -6.17388936e-25   4.08333937e-25  -2.76950253e-54
  1.31200000e-05   0.00000000e+00   0.00000000e+00  -3.05406933e-13  -3.00440969e-25   1.98708199e-25  -6.55922774e-55
  1.32000000e-05   0.00000000e+00   0.00000000e+00  -4.59472233e-13  -4.52001143e-25   2.98948354e-25  -1.48467650e-54
  1.32800000e-05   0.00000000e+00   0.00000000e+00   2.48301074e-13   2.44263660e-25  -1.61553174e-25  -4.33451044e-55
  1.33600000e-05   0.00000000e+00   0.00000000e+00  -3.38844724e-13  -3.33335056e-25   2.20463970e-25  -8.07424248e-55
  1.34400000e-05   0.00000000e+00   0.00000000e+00   5.82592346e-13   5.73119304e-25  -3.79054512e-25  -2.38675667e-54
  1.35200000e-05   0.00000000e+00   0.00000000e+00   6.13067477e-14   6.03098904e-26  -3.98882674e-26  -2.64172318e-56
  1.36000000e-05   0.00000000e+00   0.00000000e+00  -1.53974790e-13  -1.51471136e-25   1.00181266e-25  -1.66785281e-55
  1.36800000e-05   0.00000000e+00   0.00000000e+00  -3.22807417e-13  -3.17558518e-25   2.10029549e-25  -7.32714764e-55
  1.37600000e-05   0.00000000e+00   0.00000000e+00  -2.75357742e-13  -2.70880382e-25   1.79157167e-25  -5.33341175e-55
  1.38400000e-05   0.00000000e+00   0.00000000e+00  -4.97970615e-13  -4.89873535e-25   3.23996718e-25  -1.74377787e-54
  1.39200000e-05   0.00000000e+00   0.00000000e+00  -3.96740694e-13  -3.90289629e-25   2.58133069e-25  -1.10714733e-54
  1.40000000e-05   0.00000000e+00   0.00000000e+00  -2.45227742e-13  -2.41240301e-25   1.59553559e-25  -4.23046705e-55
  1.40800000e-05   0.00000000e+00   0.00000000e+00   6.56797328e-14   6.46117701e-26  -4.27334812e-26  -3.03423702e-56
  1.41600000e-05   0.00000000e+00   0.00000000e+00  -3.47974225e-13  -3.42316110e-25   2.26403935e-25  -8.51448110e-55
  1.42400000e-05   0.00000000e+00   0.00000000e+00   7.98164881e-14   7.85186595e-26  -5.19313378e-26  -4.47649359e-56
  1.43200000e-05   0.00000000e+00   0.00000000e+00  -3.57024864e-13  -3.51219584e-25   2.32292591e-25  -8.96320087e-55
  1.44000000e-05   0.00000000e+00   0.00000000e+00  -1.86065474e-13  -1.83040020e-25   1.21060563e-25  -2.43476767e-55
  1.44800000e-05   0.00000000e+00   0.00000000e+00  -5.51270161e-14  -5.42306422e-26   3.58675227e-26  -2.13763972e-56
  1.45600000e-05   0.00000000e+00   0.00000000e+00  -2.53203006e-13  -2.49085886e-25   1.64742538e-25  -4.50889326e-55
  1.46400000e-05   0.00000000e+00   0.00000000e+00  -1.27197060e-14  -1.25128816e-26   8.27587590e-27  -1.13853355e-57
  1.47200000e-05   0.00000000e+00   0.00000000e+00  -3.20340538e-13  -3.15131751e-25   2.08424513e-25  -7.21704977e-55
  1.48000000e-05   0.00000000e+00   0.00000000e+00   3.55776227e-14   3.49991250e-26  -2.31480185e-26  -8.91585982e-57
  1.48800000e-05   0.00000000e+00   0.00000000e+00  -3.22885900e-14  -3.17635725e-26   2.10080613e-26  -7.33044810e-57
  1.49600000e-05   0.00000000e+00   0.00000000e+00  -4.43141760e-14  -4.35936206e-26   2.88323189e-26  -1.38011043e-56
  1.50400000e-05   0.00000000e+00   0.00000000e+00  -2.11786263e-13  -2.08342586e-25   1.37795388e-25  -3.15447716e-55
  1.51200000e-05   0.00000000e+00   0.00000000e+00  -2.46678460e-13  -2.42667430e-25   1.60497445e-25  -4.27953714e-55
  1.52000000e-05   0.00000000e+00   0.00000000e+00  -3.27840911e-13  -3.22510167e-25   2.13304513e-25  -7.55844721e-55
  1.52800000e-05   0.00000000e+00   0.00000000e+00  -2.06362235e-13  -2.03006753e-25   1.34266330e-25  -2.99465942e-55
  1.53600000e-05   0.00000000e+00   0.00000000e+00  -3.70996776e-13  -3.64964310e-25   2.41383195e-25  -9.68022325e-55
  1.54400000e-05   0.00000000e+00   0.00000000e+00  -3.99831025e-13  -3.93329711e-25   2.60143744e-25  -1.12417641e-54
  1.55200000e-05   0.00000000e+00   0.00000000e+00  -1.33006872e-13  -1.30844160e-25   8.65388214e-26  -1.24467195e-55
  1.56000000e-05   0.00000000e+00   0.00000000e+00  -5.21688298e-13  -5.13205565e-25   3.39428255e-25  -1.91390163e-54
  1.56800000e-05   0.00000000e+00   0.00000000e+00  -2.05582113e-13  -2.02239316e-25   1.33758756e-25  -2.97152884e-55
  1.57600000e-05   0.00000000e+00   0.00000000e+00  -3.76066713e-13  -3.69951809e-25   2.44681869e-25  -9.94799059e-55
  1.58400000e-05   0.00000000e+00   0.00000000e+00  -2.99105634e-13  -2.94242129e-25   1.94608358e-25  -6.29074943e-55
  1.59200000e-05   0.00000000e+00   0.00000000e+00  -4.27093600e-13  -4.20148991e-25   2.77881707e-25  -1.28305427e-54
  1.60000000e-05   0.00000000e+00   0.00000000e+00  -3.92629154e-13  -3.86244943e-25   2.55457960e-25  -1.08402994e-54
  1.60800000e-05   0.00000000e+00   0.00000000e+00   2.86306428e-15   2.81651041e-27  -1.86280757e-27  -5.63717420e-59
  1.61600000e-05   0.00000000e+00   0.00000000e+00  -4.32483494e-13  -4.25451245e-25   2.81388557e-25  -1.31516578e-54
  1.62400000e-05   0.00000000e+00   0.00000000e+00  -1.29684823e-13  -1.27576127e-25   8.43773822e-26  -1.18342853e-55
  1.63200000e-05   0.00000000e+00   0.00000000e+00  -6.51094343e-13  -6.40507448e-25   4.23624255e-25  -2.98102506e-54
  1.64000000e-05   0.00000000e+00   0.00000000e+00  -2.62232709e-13  -2.57968765e-25   1.70617572e-25  -4.83759245e-55
  1.64800000e-05   0.00000000e+00   0.00000000e+00  -8.69705193e-13  -8.55563651e-25   5.65859952e-25  -5.31912243e-54
  1.65600000e-05   0.00000000e+00   0.00000000e+00  -6.65543511e-13  -6.54721669e-25   4.33025377e-25  -3.11535713e-54
  1.66400000e-05   0.00000000e+00   0.00000000e+00  -2.27916212e-13  -2.24210259e-25   1.48290085e-25  -3.65325574e-55
  1.67200000e-05   0.00000000e+00   0.00000000e+00  -6.53051330e-14  -6.42432614e-26   4.24897537e-26  -3.00722585e-56
  1.68000000e-05   0.00000000e+00   0.00000000e+00  -1.50280102e-13  -1.47836524e-25   9.77773756e-26  -1.58741184e-55
  1.68800000e-05   0.00000000e+00   0.00000000e+00   3.50511099e-13   3.44811734e-25  -2.28054513e-25  -8.63662572e-55
  1.69600000e-05   0.00000000e+00   0.00000000e+00  -6.09022658e-13  -5.99119855e-25   3.96250977e-25  -2.60804712e-54
  1.70400000e-05   0.00000000e+00   0.00000000e+00  -5.03239475e-13  -4.95056723e-25   3.27424819e-25  -1.78117798e-54
  1.71200000e-05   0.00000000e+00   0.00000000e+00  -1.20841102e-12  -1.18876207e-24   7.86233549e-25  -1.02689979e-53
  1.72000000e-05   0.00000000e+00   0.00000000e+00  -9.62556913e-13  -9.46905587e-25   6.26272458e-25  -6.51638643e-54
  1.72800000e-05   0.00000000e+00   0.00000000e+00  -1.80779938e-12  -1.77840428e-24   1.17621612e-24  -2.29834957e-53
  1.73600000e-05   0.00000000e+00   0.00000000e+00  -3.72196558e-13  -3.66144584e-25   2.42163814e-25  -9.74444865e-55
  1.74400000e-05   0.00000000e+00   0.00000000e+00  -2.57897737e-13  -2.53704280e-25   1.67797091e-25  -4.67817995e-55
  1.75200000e-05   0.00000000e+00   0.00000000e+00  -5.98527590e-14  -5.88795438e-26   3.89422526e-26  -2.52179000e-56
  1.76000000e-05   0.00000000e+00   0.00000000e+00   1.35840027e-14   1.33631247e-26  -8.83821689e-27  -1.29596844e-57
  1.76800000e-05   0.00000000e+00   0.00000000e+00   2.52491040e-13   2.48385496e-25  -1.64279309e-25  -4.48279584e-55
  1.77600000e-05   0.00000000e+00   0.00000000e+00   2.85065743e-13   2.80430529e-25  -1.85473525e-25  -5.71492669e-55
  1.78400000e-05   0.00000000e+00   0.00000000e+00  -5.77888026e-13  -5.68491476e-25   3.75993720e-25  -2.34856680e-54
  1.79200000e-05   0.00000000e+00   0.00000000e+00  -7.59777246e-13  -7.47423150e-25   4.94337070e-25  -4.05972180e-54
  1.80000000e-05   0.00000000e+00   0.00000000e+00  -1.81197820e-13  -1.78251516e-25   1.17893501e-25  -2.30962781e-55
  1.80800000e-05   0.00000000e+00   0.00000000e+00  -4.30611026e-13  -4.23609224e-25   2.80170265e-25  -1.30413062e-54
  1.81600000e-05   0.00000000e+00   0.00000000e+00   1.19101779e-13   1.17165166e-25  -7.74916923e-26  -9.97366543e-56
  1.82400000e-05   0.00000000e+00   0.00000000e+00  -1.08695650e-13  -1.06928242e-25   7.07211086e-26  -8.31459600e-56
  1.83200000e-05   0.00000000e+00   0.00000000e+00  -6.04794907e-13  -5.94960847e-25   3.93500257e-25  -2.57212874e-54
  1.84000000e-05   0.00000000e+00   0.00000000e+00  -1.82430034e-13  -1.79463693e-25   1.18695221e-25  -2.34153981e-55
  1.84800000e-05   0.00000000e+00   0.00000000e+00  -8.12136171e-13  -7.98930710e-25   5.28403577e-25  -4.63823619e-54
  1.85600000e-05   0.00000000e+00   0.00000000e+00  -2.56164418e-13  -2.51999145e-25   1.66669334e-25  -4.61637058e-55
  1.86400000e-05   0.00000000e+00   0.00000000e+00  -4.19225786e-13  -4.12409110e-25   2.72762639e-25  -1.23621353e-54
  1.87200000e-05   0.00000000e+00   0.00000000e+00  -4.07672721e-13  -4.01043899e-25   2.65245819e-25  -1.16880486e-54
  1.88000000e-05   0.00000000e+00   0.00000000e+00  -2.78065449e-13  -2.73544062e-25   1.80918894e-25  -5.43895981e-55
  1.88800000e-05   0.00000000e+00   0.00000000e+00  -9.34266585e-14  -9.19075264e-26   6.07865802e-26  -6.14194437e-56
  1.89600000e-05   0.00000000e+00   0.00000000e+00  -5.28692047e-13  -5.20095432e-25   3.43985133e-25  -1.96576389e-54
  1.90400000e-05   0.00000000e+00   0.00000000e+00  -5.85701051e-13  -5.76177461e-25   3.81077142e-25  -2.41250866e-54
  1.91200000e-05   0.00000000e+00   0.00000000e+00  -1.93588191e-13  -1.90440417e-25   1.25955100e-25  -2.63625883e-55
  1.92000000e-05   0.00000000e+00   0.00000000e+00  -6.48571179e-13  -6.38025311e-25   4.21982598e-25  -2.95825323e-54
  1.92800000e-05   0.00000000e+00   0.00000000e+00  -6.96366783e-13  -6.85043750e-25   4.53080052e-25  -3.41011820e-54
  1.93600000e-05   0.00000000e+00   0.00000000e+00  -7.14386536e-13  -7.02770499e-25   4.64804320e-25  -3.58959974e-54
  1.94400000e-05   0.00000000e+00   0.00000000e+00  -8.51028723e-13  -8.37190864e-25   5.53708402e-25  -5.09321511e-54
  1.95200000e-05   0.00000000e+00   0.00000000e+00  -7.45672339e-13  -7.33547590e-25   4.85159934e-25  -3.91100100e-54
  1.96000000e-05   0.00000000e+00   0.00000000e+00  -5.95394515e-13  -5.85713307e-25   3.87384041e-25  -2.49312408e-54
  1.96800000e-05   0.00000000e+00   0.00000000e+00  -5.78351945e-13  -5.68947853e-25   3.76295562e-25  -2.35281868e-54
  1.97600000e-05   0.00000000e+00   0.00000000e+00  -2.88781677e-13  -2.84086042e-25   1.87891239e-25  -5.86675338e-55
  1.98400000e-05   0.00000000e+00   0.00000000e+00  -4.37983542e-13  -4.30861861e-25   2.84967077e-25  -1.34910037e-54
  1.99200000e-05   0.00000000e+00   0.00000000e+00  -5.12684215e-13  -5.04347890e-25   3.33569890e-25  -1.84828987e-54
  2.00000000e-05   0.00000000e+00   0.00000000e+00  -3.17258655e-13  -3.12099980e-25   2.06419335e-25  -7.08035949e-55
  2.00800000e-05   0.00000000e+00   0.00000000e+00  -7.36728576e-13  -7.24749255e-25   4.79340816e-25  -3.81688787e-54
  2.01600000e-05   0.00000000e+00   0.00000000e+00  -3.84402726e-13  -3.78152278e-25   2.50105565e-25  -1.03941153e-54
  2.02400000e-05   0.00000000e+00   0.00000000e+00  -9.60772937e-13  -9.45150620e-25   6.25111742e-25  -6.49155583e-54
  2.03200000e-05   0.00000000e+00   0.00000000e+00  -7.29118857e-13  -7.17263270e-25   4.74389672e-25  -3.73821683e-54
  2.04000000e-05   0.00000000e+00   0.00000000e+00  -8.18071814e-13  -8.04769839e-25   5.32265510e-25  -4.70731694e-54
  2.04800000e-05   0.00000000e+00   0.00000000e+00  -1.02818022e-12  -1.01146185e-24   6.68969229e-25  -7.43412973e-54
  2.05600000e-05   0.00000000e+00   0.00000000e+00  -3.96722629e-13  -3.90271857e-25   2.58121315e-25  -1.10731076e-54
  2.06400000e-05   0.00000000e+00   0.00000000e+00  -7.10975883e-13  -6.99415305e-25   4.62585233e-25  -3.55482056e-54
  2.07200000e-05   0.00000000e+00   0.00000000e+00  -9.84399580e-13  -9.68393089e-25   6.40484044e-25  -6.81494541e-54
  2.08000000e-05   0.00000000e+00   0.00000000e+00  -1.12437376e-12  -1.10609127e-24   7.31556038e-25  -8.89007074e-54
  2.08800000e-05   0.00000000e+00   0.00000000e+00  -4.46791399e-13  -4.39526501e-25   2.90697770e-25  -1.40433867e-54
  2.09600000e-05   0.00000000e+00   0.00000000e+00  -1.40462822e-12  -1.38178874e-24   9.13899171e-25  -1.38745764e-53
  2.10400000e-05   0.00000000e+00   0.00000000e+00  -6.04840001e-13  -5.95005208e-25   3.93529597e-25  -2.57343883e-54
  2.11200000e-05   0.00000000e+00   0.00000000e+00  -1.68488267e-12  -1.65748621e-24   1.09624230e-24  -1.99638848e-53
  2.12000000e-05   0.00000000e+00   0.00000000e+00  -3.59719590e-13  -3.53870494e-25   2.34045872e-25  -9.09853756e-55
  2.12800000e-05   0.00000000e+00   0.00000000e+00  -2.95506258e-13  -2.90701280e-25   1.92266481e-25  -6.14270183e-55
  2.13600000e-05   0.00000000e+00   0.00000000e+00  -6.09723346e-13  -5.99809150e-25   3.96706868e-25  -2.61428327e-54
  2.14400000e-05   0.00000000e+00   0.00000000e+00  -3.34014603e-13  -3.28583473e-25   2.17321328e-25  -7.84780447e-55
  2.15200000e-05   0.00000000e+00   0.00000000e+00  -8.59727102e-13  -8.45747805e-25   5.59367865e-25  -5.19788258e-54
  2.16000000e-05   0.00000000e+00   0.00000000e+00  -7.55621605e-13  -7.43335080e-25   4.91633267e-25  -4.01518234e-54
  2.16800000e-05   0.00000000e+00   0.00000000e+00  -1.12558132e-12  -1.10727920e-24   7.32341717e-25  -8.90979618e-54
  2.17600000e-05   0.00000000e+00   0.00000000e+00  -8.35778219e-13  -8.22188335e-25   5.43785902e-25  -4.91309535e-54
  2.18400000e-05   0.00000000e+00   0.00000000e+00  -1.18454041e-12  -1.16527960e-24   7.70702514e-25  -9.86800243e-54
  2.19200000e-05   0.00000000e+00   0.00000000e+00  -5.21362683e-13  -5.12885245e-25   3.39216398e-25  -1.91202528e-54
  2.20000000e-05   0.00000000e+00   0.00000000e+00  -8.41632505e-13  -8.27947430e-25   5.47594901e-25  -4.98253896e-54
  2.20800000e-05   0.00000000e+00   0.00000000e+00  -8.43996471e-13  -8.30272957e-25   5.49132978e-25  -5.00941894e-54
  2.21600000e-05   0.00000000e+00   0.00000000e+00  -8.23963286e-13  -8.10565515e-25   5.36098703e-25  -4.77554152e-54
  2.22400000e-05   0.00000000e+00   0.00000000e+00  -6.71354997e-13  -6.60438660e-25   4.36806529e-25  -3.16956257e-54
  2.23200000e-05   0.00000000e+00   0.00000000e+00  -8.06294067e-13  -7.93183600e-25   5.24602504e-25  -4.57293560e-54
  2.24000000e-05   0.00000000e+00   0.00000000e+00  -4.98713524e-13  -4.90604364e-25   3.24480080e-25  -1.74895320e-54
  2.24800000e-05   0.00000000e+00   0.00000000e+00  -4.39019922e-13  -4.31881390e-25   2.85641381e-25  -1.35506846e-54
  2.25600000e-05   0.00000000e+00   0.00000000e+00  -7.78363244e-13  -7.65706936e-25   5.06429755e-25  -4.26114400e-54
  2.26400000e-05   0.00000000e+00   0.00000000e+00  -6.93244614e-13  -6.81972348e-25   4.51048663e-25  -3.38015051e-54
  2.27200000e-05   0.00000000e+00   0.00000000e+00  -1.73428644e-12  -1.70608667e-24   1.12838609e-24  -2.11520096e-53
  2.28000000e-05   0.00000000e+00   0.00000000e+00  -1.13106748e-12  -1.11267614e-24   7.35911195e-25  -8.99777022e-54
  2.28800000e-05   0.00000000e+00   0.00000000e+00  -6.78247303e-13  -6.67218896e-25   4.41290899e-25  -3.23598131e-54
  2.29600000e-05   0.00000000e+00   0.00000000e+00  -8.58068302e-13  -8.44115978e-25   5.58288593e-25  -5.17819185e-54
  2.30400000e-05   0.00000000e+00   0.00000000e+00  -2.58287422e-13  -2.54087628e-25   1.68050633e-25  -4.69425500e-55
  2.31200000e-05   0.00000000e+00   0.00000000e+00  -5.81171477e-13  -5.71721538e-25   3.78130046e-25  -2.37558505e-54
  2.32000000e-05   0.00000000e+00   0.00000000e+00  -6.83754125e-13  -6.72636176e-25   4.44873826e-25  -3.28815300e-54
  2.32800000e-05   0.00000000e+00   0.00000000e+00  -8.51491075e-13  -8.37645697e-25   5.54009224e-25  -5.09858558e-54
  2.33600000e-05   0.00000000e+00   0.00000000e+00  -8.58873562e-13  -8.44908144e-25   5.58812523e-25  -5.18832601e-54
  2.34400000e-05   0.00000000e+00   0.00000000e+00  -1.27092806e-12  -1.25026257e-24   8.26909277e-25  -1.13592933e-53
  2.35200000e-05   0.00000000e+00   0.00000000e+00  -1.74292444e-12  -1.71458422e-24   1.13400627e-24  -2.13637465e-53
  2.36000000e-05   0.00000000e+00   0.00000000e+00  -9.30420393e-13  -9.15291612e-25   6.05363339e-25  -6.08871662e-54
  2.36800000e-05   0.00000000e+00   0.00000000e+00  -2.16236143e-12  -2.12720109e-24   1.40690632e-24  -3.28838434e-53
  2.37600000e-05   0.00000000e+00   0.00000000e+00  -6.83383004e-13  -6.72271090e-25   4.44632362e-25  -3.28411264e-54
  2.38400000e-05   0.00000000e+00   0.00000000e+00  -7.41937634e-13  -7.29873613e-25   4.82730007e-25  -3.87156416e-54
  2.39200000e-05   0.00000000e+00   0.00000000e+00  -1.05379365e-12  -1.03665880e-24   6.85634200e-25  -7.80947687e-54
  2.40000000e-05   0.00000000e+00   0.00000000e+00  -1.10003854e-12  -1.08215174e-24   7.15722706e-25  -8.51073017e-54
  2.40800000e-05   0.00000000e+00   0.00000000e+00  -1.42420429e-12  -1.40104651e-24   9.26636038e-25  -1.42647936e-53
  2.41600000e-05   0.00000000e+00   0.00000000e+00  -8.36372055e-13  -8.22772515e-25   5.44172272e-25  -4.91991054e-54
  2.42400000e-05   0.00000000e+00   0.00000000e+00  -4.51201030e-13  -4.43864431e-25   2.93566827e-25  -1.43199263e-54
  2.43200000e-05   0.00000000e+00   0.00000000e+00  -5.84609131e-13  -5.75103295e-25   3.80366701e-25  -2.40377060e-54
  2.44000000e-05   0.00000000e+00   0.00000000e+00  -8.67736862e-13  -8.53627325e-25   5.64579288e-25  -5.29504549e-54
  2.44800000e-05   0.00000000e+00   0.00000000e+00  -1.31606395e-12  -1.29466455e-24   8.56276233e-25  -1.21805445e-53
  2.45600000e-05   0.00000000e+00   0.00000000e+00  -1.05107721e-12  -1.03398653e-24   6.83866791e-25  -7.76997365e-54
  2.46400000e-05   0.00000000e+00   0.00000000e+00  -8.93420113e-13  -8.78892963e-25   5.81289691e-25  -5.61391617e-54
  2.47200000e-05   0.00000000e+00   0.00000000e+00  -1.06980899e-12  -1.05241373e-24   6.96054327e-25  -8.04938651e-54
  2.48000000e-05   0.00000000e+00   0.00000000e+00  -7.84379392e-13  -7.71625261e-25   5.10344067e-25  -4.32720516e-54
  2.48800000e-05   0.00000000e+00   0.00000000e+00  -1.08854077e-12  -1.07084092e-24   7.08241863e-25  -8.33373493e-54
  2.49600000e-05   0.00000000e+00   0.00000000e+00  -6.75338671e-13  -6.64357559e-25   4.39398444e-25  -3.20774068e-54
  2.50400000e-05   0.00000000e+00   0.00000000e+00  -1.04450525e-12  -1.02752143e-24   6.79590847e-25  -7.67311158e-54
  2.51200000e-05   0.00000000e+00   0.00000000e+00  -8.88899361e-13  -8.74445719e-25   5.78348334e-25  -5.55741874e-54
  2.52000000e-05  -1.17178936e-07  -3.36398867e-08  -9.45227683e-13   1.60219957e-19  -5.58102130e-19   9.33863009e-20
  2.52800000e-05   9.18576365e-09   2.63706138e-09  -6.78790583e-13  -1.25605315e-20   4.37506328e-20  -7.32058465e-21
  2.53600000e-05  -5.67228620e-06  -1.61287367e-06  -6.46452870e-13   7.68183817e-18  -2.70161192e-17   4.53056975e-18
  2.54400000e-05  -3.37283347e-06  -9.52866674e-07  -5.85292502e-13   4.53835039e-18  -1.60642638e-17   2.69770473e-18
  2.55200000e-05  -1.26921139e-07  -3.41547582e-08  -8.42847569e-14   1.62673802e-19  -6.04505902e-19   1.02617092e-19
  2.56000000e-05   0.00000000e+00   0.00000000e+00   0.00000000e+00   0.00000000e+00   0.00000000e+00   0.00000000e+00
