       time             b_x              b_y              b_z              F_x              F_y              F_z
  0.00000000e+00   2.65952653e-06   1.24100240e-06   3.03691795e-14  -9.56149303e-18   2.04907295e-17  -8.81862003e-19
  8.00000000e-08  -4.31821392e-08  -2.74979365e-08  -4.22960445e-07  -6.65032579e-19   1.24589836e-18  -1.31031273e-20
  1.60000000e-07   2.27329666e-13   1.81826232e-13  -3.44548428e-07  -7.14338479e-19   1.28594457e-18   2.07309401e-25
  2.40000000e-07  -1.60605830e-13  -6.09028689e-14   4.62669148e-13   1.42846724e-24  -2.96421099e-24   1.05672084e-25
  3.20000000e-07   0.00000000e+00   0.00000000e+00   3.54850297e-14   7.35695799e-26  -1.32439186e-25  -1.89026923e-55
  4.00000000e-07   0.00000000e+00   0.00000000e+00   3.41270001e-13   7.07540356e-25  -1.27370673e-24  -1.73544509e-53
  4.80000000e-07   0.00000000e+00   0.00000000e+00   5.85432014e-14   1.21375092e-25  -2.18498167e-25  -5.12313946e-55
  5.60000000e-07   0.00000000e+00   0.00000000e+00   5.02912021e-14   1.04266578e-25  -1.87699599e-25  -3.76815683e-55
  6.40000000e-07   0.00000000e+00   0.00000000e+00  -4.61207384e-13  -9.56201353e-25   1.72134365e-24  -3.17154973e-53
  7.20000000e-07   0.00000000e+00   0.00000000e+00   2.78540722e-13   5.77486450e-25  -1.03958505e-24  -1.15722851e-53
  8.00000000e-07   0.00000000e+00   0.00000000e+00  -7.57967892e-14  -1.57146210e-25   2.82892959e-25  -8.58790548e-55
  8.80000000e-07   0.00000000e+00   0.00000000e+00   3.42313942e-13   7.09704715e-25  -1.27760298e-24  -1.74648720e-53
  9.60000000e-07   0.00000000e+00   0.00000000e+00   7.87727333e-15   1.63316107e-26  -2.93999942e-26  -9.66352643e-57
  1.04000000e-06   0.00000000e+00   0.00000000e+00   4.41215216e-13   9.14752455e-25  -1.64672777e-24  -2.90094449e-53
  1.12000000e-06   0.00000000e+00   0.00000000e+00   1.29859325e-13   2.69231730e-25  -4.84668136e-25  -2.51614724e-54
  1.20000000e-06   0.00000000e+00   0.00000000e+00   1.50313666e-13   3.11638834e-25  -5.61008959e-25  -3.36797107e-54
  1.28000000e-06   0.00000000e+00   0.00000000e+00   1.83149377e-13   3.79715694e-25  -6.83560210e-25  -5.00290058e-54
  1.36000000e-06   0.00000000e+00   0.00000000e+00   2.61467908e-13   5.42090122e-25  -9.75864952e-25  -1.01978513e-53
  1.44000000e-06   0.00000000e+00   0.00000000e+00  -3.26605550e-13  -6.77137184e-25   1.21897526e-24  -1.58969044e-53
  1.52000000e-06   0.00000000e+00   0.00000000e+00   2.54378549e-13   5.27392062e-25  -9.49405657e-25  -9.64478564e-54
  1.60000000e-06   0.00000000e+00   0.00000000e+00  -2.73129581e-13  -5.66267765e-25   1.01938929e-24  -1.11151127e-53
  1.68000000e-06   0.00000000e+00   0.00000000e+00   1.99616865e-13   4.13857027e-25  -7.45021079e-25  -5.93229543e-54
  1.76000000e-06   0.00000000e+00   0.00000000e+00   3.84808701e-13   7.97807263e-25  -1.43620426e-24  -2.20844640e-53
  1.84000000e-06   0.00000000e+00   0.00000000e+00   7.76548078e-13   1.60998360e-24  -2.89827559e-24  -8.98695323e-53
  1.92000000e-06   0.00000000e+00   0.00000000e+00   3.27485019e-13   6.78960550e-25  -1.22225766e-24  -1.59783901e-53
  2.00000000e-06   0.00000000e+00   0.00000000e+00   6.52528901e-13   1.35285999e-24  -2.43540437e-24  -6.34595699e-53
  2.08000000e-06   0.00000000e+00   0.00000000e+00   4.60429830e-13   9.54589285e-25  -1.71844162e-24  -3.16040445e-53
  2.16000000e-06   0.00000000e+00   0.00000000e+00   1.57103426e-13   3.25715750e-25  -5.86350076e-25  -3.67809679e-54
  2.24000000e-06   0.00000000e+00   0.00000000e+00  -2.80140046e-15  -5.80802261e-27   1.04555414e-26  -1.13734291e-57
  2.32000000e-06   0.00000000e+00   0.00000000e+00   8.64294583e-13   1.79190464e-24  -3.22576793e-24  -1.11313880e-52
  2.40000000e-06   0.00000000e+00   0.00000000e+00   2.38468016e-13   4.94405439e-25  -8.90023485e-25  -8.48006000e-54
  2.48000000e-06   0.00000000e+00   0.00000000e+00   1.77059022e-13   3.67088825e-25  -6.60829452e-25  -4.67215273e-54
  2.56000000e-06   0.00000000e+00   0.00000000e+00   8.31418388e-13   1.72374384e-24  -3.10306558e-24  -1.03025208e-52
  2.64000000e-06   0.00000000e+00   0.00000000e+00   2.86634041e-13   5.94265979e-25  -1.06979138e-24  -1.22530042e-53
  2.72000000e-06   0.00000000e+00   0.00000000e+00   4.61583513e-14   9.56981165e-26  -1.72274745e-25  -3.17451899e-55
  2.80000000e-06   0.00000000e+00   0.00000000e+00   2.80331792e-13   5.81199800e-25  -1.04626978e-24  -1.17072645e-53
  2.88000000e-06   0.00000000e+00   0.00000000e+00   1.60443673e-13   3.32640939e-25  -5.98816728e-25  -3.83865892e-54
  2.96000000e-06   0.00000000e+00   0.00000000e+00   6.36112254e-14   1.31882407e-25  -2.37413325e-25  -6.04737299e-55
  3.04000000e-06   0.00000000e+00   0.00000000e+00   6.48382544e-13   1.34426353e-24  -2.41992910e-24  -6.26550419e-53
  3.12000000e-06   0.00000000e+00   0.00000000e+00  -2.31345833e-13  -4.79639325e-25   8.63441681e-25  -7.96723538e-54
  3.20000000e-06   0.00000000e+00   0.00000000e+00  -1.83654927e-13  -3.80763831e-25   6.85447053e-25  -5.02386111e-54
  3.28000000e-06   0.00000000e+00   0.00000000e+00   7.72438637e-13   1.60146367e-24  -2.88293810e-24  -8.89291180e-53
  3.36000000e-06   0.00000000e+00   0.00000000e+00   2.37009224e-13   4.91380991e-25  -8.84578905e-25  -8.36358866e-54
  3.44000000e-06   0.00000000e+00   0.00000000e+00   5.00154240e-13   1.03694819e-24  -1.86670325e-24  -3.72715446e-53
  3.52000000e-06   0.00000000e+00   0.00000000e+00  -7.25691805e-14  -1.50454548e-25   2.70846700e-25  -7.83768145e-55
  3.60000000e-06   0.00000000e+00   0.00000000e+00   1.79367227e-13   3.71874326e-25  -6.69444260e-25  -4.79318399e-54
  3.68000000e-06   0.00000000e+00   0.00000000e+00   8.71991476e-13   1.80786227e-24  -3.25449470e-24  -1.13339316e-52
  3.76000000e-06   0.00000000e+00   0.00000000e+00   1.81916073e-13   3.77158738e-25  -6.78957204e-25  -4.93548630e-54
  3.84000000e-06   0.00000000e+00   0.00000000e+00   2.39404876e-13   4.96347791e-25  -8.93520087e-25  -8.54249564e-54
  3.92000000e-06   0.00000000e+00   0.00000000e+00   2.84892629e-13   5.90655585e-25  -1.06329199e-24  -1.20932992e-53
  4.00000000e-06   0.00000000e+00   0.00000000e+00   6.22492413e-13   1.29058664e-24  -2.32330053e-24  -5.77555309e-53
  4.08000000e-06   0.00000000e+00   0.00000000e+00   1.01221601e-12   2.09858375e-24  -3.77784845e-24  -1.52715917e-52
  4.16000000e-06   0.00000000e+00   0.00000000e+00  -1.28593800e-13  -2.66607973e-25   4.79944876e-25  -2.46024160e-54
  4.24000000e-06   0.00000000e+00   0.00000000e+00   1.20830791e-12   2.50513262e-24  -4.50971346e-24  -2.17604428e-52
  4.32000000e-06   0.00000000e+00   0.00000000e+00   7.76033365e-14   1.60891647e-25  -2.89635454e-25  -9.00118214e-55
  4.40000000e-06   0.00000000e+00   0.00000000e+00  -2.98718469e-13  -6.19320103e-25   1.11489355e-24  -1.32935347e-53
  4.48000000e-06   0.00000000e+00   0.00000000e+00   3.29394142e-13   6.82918651e-25  -1.22938299e-24  -1.61641876e-53
  4.56000000e-06   0.00000000e+00   0.00000000e+00   2.51797856e-13   5.22041622e-25  -9.39773852e-25  -9.44798060e-54
  4.64000000e-06   0.00000000e+00   0.00000000e+00   7.79275803e-14   1.61563887e-25  -2.90845615e-25  -9.04528188e-55
  4.72000000e-06   0.00000000e+00   0.00000000e+00   5.42352383e-13   1.12443578e-24  -2.02419749e-24  -4.38611104e-53
  4.80000000e-06   0.00000000e+00   0.00000000e+00   5.27174048e-13   1.09296719e-24  -1.96754807e-24  -4.14416890e-53
  4.88000000e-06   0.00000000e+00   0.00000000e+00   3.75436557e-13   7.78376401e-25  -1.40122503e-24  -2.10122993e-53
  4.96000000e-06   0.00000000e+00   0.00000000e+00   8.59964982e-14   1.78292826e-25  -3.20960875e-25  -1.10561227e-54
  5.04000000e-06   0.00000000e+00   0.00000000e+00   5.94340700e-13   1.23222091e-24  -2.21823115e-24  -5.26432862e-53
  5.12000000e-06   0.00000000e+00   0.00000000e+00   1.73765313e-13   3.60260120e-25  -6.48536489e-25  -4.50885443e-54
  5.20000000e-06   0.00000000e+00   0.00000000e+00   8.97106466e-14   1.85993210e-25  -3.34823025e-25  -1.20116405e-54
  5.28000000e-06   0.00000000e+00   0.00000000e+00  -1.73452625e-13  -3.59611838e-25   6.47369459e-25  -4.47997784e-54
  5.36000000e-06   0.00000000e+00   0.00000000e+00   4.64325056e-13   9.62665089e-25  -1.73297960e-24  -3.21698519e-53
  5.44000000e-06   7.06366137e-13   3.73307958e-13  -1.69249250e-13  -3.22710424e-24   6.07398509e-24  -7.11978500e-26
  5.52000000e-06   2.91692948e-13   4.35687892e-14  -1.86970250e-13  -7.23319609e-25   2.94521269e-24  -4.42144554e-25
  5.60000000e-06  -2.61435714e-14  -3.09415303e-14   9.29959841e-14   4.31198213e-25  -5.48511804e-25  -6.12793490e-26
  5.68000000e-06   0.00000000e+00   0.00000000e+00   4.91449710e-13   1.01890146e-24  -1.83421573e-24  -3.60031109e-53
  5.76000000e-06   0.00000000e+00   0.00000000e+00  -1.36853005e-14  -2.83731425e-26   5.10770335e-26  -2.77632721e-56
  5.84000000e-06   0.00000000e+00   0.00000000e+00   1.77044832e-13   3.67059406e-25  -6.60776492e-25  -4.67063465e-54
  5.92000000e-06   0.00000000e+00   0.00000000e+00   7.85748689e-13   1.62905883e-24  -2.93261461e-24  -9.20513892e-53
  6.00000000e-06   0.00000000e+00   0.00000000e+00   4.84535096e-14   1.00456569e-25  -1.80840862e-25  -3.51127169e-55
  6.08000000e-06   0.00000000e+00   0.00000000e+00   1.01601292e-12   2.10645572e-24  -3.79201948e-24  -1.53847049e-52
  6.16000000e-06   0.00000000e+00   0.00000000e+00   7.39331784e-14   1.53282466e-25  -2.75937488e-25  -8.18432234e-55
  6.24000000e-06   0.00000000e+00   0.00000000e+00   9.57499099e-13   1.98514154e-24  -3.57363097e-24  -1.36646796e-52
  6.32000000e-06   0.00000000e+00   0.00000000e+00   3.24580549e-13   6.72938836e-25  -1.21141743e-24  -1.57071572e-53
  6.40000000e-06   0.00000000e+00   0.00000000e+00  -1.00319189e-13  -2.07987442e-25   3.74416811e-25  -1.49691001e-54
  6.48000000e-06   0.00000000e+00   0.00000000e+00   5.84506132e-13   1.21183132e-24  -2.18152604e-24  -5.09040713e-53
  6.56000000e-06   0.00000000e+00   0.00000000e+00   6.91518837e-13   1.43369614e-24  -2.58092476e-24  -7.12735660e-53
  6.64000000e-06   0.00000000e+00   0.00000000e+00   4.00691985e-13   8.30737389e-25  -1.49548473e-24  -2.39298437e-53
  6.72000000e-06   0.00000000e+00   0.00000000e+00   5.40530278e-13   1.12065808e-24  -2.01739693e-24  -4.35443560e-53
  6.80000000e-06   0.00000000e+00   0.00000000e+00   3.39029171e-13   7.02894540e-25  -1.26534338e-24  -1.71407432e-53
  6.88000000e-06   0.00000000e+00   0.00000000e+00  -5.81293138e-13  -1.20516996e-24   2.16953432e-24  -5.03531611e-53
  6.96000000e-06   0.00000000e+00   0.00000000e+00   1.62259852e-13   3.36406344e-25  -6.05595172e-25  -3.91695223e-54
  7.04000000e-06   0.00000000e+00   0.00000000e+00   2.94758609e-13   6.11110296e-25  -1.10011435e-24  -1.29654111e-53
  7.12000000e-06   0.00000000e+00   0.00000000e+00  -3.52752867e-13  -7.31347287e-25   1.31656371e-24  -1.85373204e-53
  7.20000000e-06   0.00000000e+00   0.00000000e+00  -1.97295521e-13  -4.09044284e-25   7.36357228e-25  -5.79750080e-54
  7.28000000e-06   0.00000000e+00   0.00000000e+00   4.40611127e-13   9.13500024e-25  -1.64447316e-24  -2.89415980e-53
  7.36000000e-06   0.00000000e+00   0.00000000e+00  -3.08270869e-13  -6.39124682e-25   1.15054555e-24  -1.41505398e-53
  7.44000000e-06   0.00000000e+00   0.00000000e+00   2.43350664e-13   5.04528423e-25  -9.08246774e-25  -8.82434602e-54
  7.52000000e-06   0.00000000e+00   0.00000000e+00   4.98441988e-13   1.03339825e-24  -1.86031269e-24  -3.70322853e-53
  7.60000000e-06   0.00000000e+00   0.00000000e+00   2.23112490e-13   4.62569491e-25  -8.32712746e-25  -7.41795279e-54
  7.68000000e-06   0.00000000e+00   0.00000000e+00   7.23850926e-13   1.50072887e-24  -2.70159636e-24  -7.81269767e-53
  7.76000000e-06   0.00000000e+00   0.00000000e+00  -1.18264259e-13  -2.45192182e-25   4.41392394e-25  -2.08449305e-54
  7.84000000e-06   0.00000000e+00   0.00000000e+00   4.30725144e-13   8.93003842e-25  -1.60757615e-24  -2.76540951e-53
  7.92000000e-06   0.00000000e+00   0.00000000e+00   1.90759815e-12   3.95494087e-24  -7.11964307e-24  -5.42423975e-52
  8.00000000e-06   0.00000000e+00   0.00000000e+00   2.38309826e-13   4.94077472e-25  -8.89433082e-25  -8.45249240e-54
  8.08000000e-06   0.00000000e+00   0.00000000e+00  -8.51691899e-13  -1.76577604e-24   3.17873150e-24  -1.08090479e-52
  8.16000000e-06   0.00000000e+00   0.00000000e+00   3.46304737e-13   7.17978658e-25  -1.29249765e-24  -1.78571358e-53
  8.24000000e-06   0.00000000e+00   0.00000000e+00   2.97300156e-13   6.16379576e-25  -1.10960005e-24  -1.31838794e-53
  8.32000000e-06   0.00000000e+00   0.00000000e+00  -1.39054507e-12  -2.88295705e-24   5.18986904e-24  -2.88213890e-52
  8.40000000e-06   0.00000000e+00   0.00000000e+00   3.82430325e-13   7.92876279e-25  -1.42732756e-24  -2.17789562e-53
  8.48000000e-06   0.00000000e+00   0.00000000e+00   1.54099053e-12   3.19486912e-24  -5.75136988e-24  -3.53931035e-52
  8.56000000e-06   0.00000000e+00   0.00000000e+00   4.08792872e-13   8.47532609e-25  -1.52571931e-24  -2.48926549e-53
  8.64000000e-06   0.00000000e+00   0.00000000e+00   4.47928011e-13   9.28669802e-25  -1.67178164e-24  -2.99034667e-53
  8.72000000e-06   0.00000000e+00   0.00000000e+00   3.01933077e-13   6.25984810e-25  -1.12689129e-24  -1.35924955e-53
  8.80000000e-06   0.00000000e+00   0.00000000e+00   1.24424350e-13   2.57963633e-25  -4.64383426e-25  -2.31042774e-54
  8.88000000e-06   0.00000000e+00   0.00000000e+00   4.18836391e-13   8.68355403e-25  -1.56320429e-24  -2.61546040e-53
  8.96000000e-06   0.00000000e+00   0.00000000e+00   2.76548768e-13   5.73356620e-25  -1.03215057e-24  -1.13887583e-53
  9.04000000e-06   0.00000000e+00   0.00000000e+00  -7.99743812e-13  -1.65807431e-24   2.98484798e-24  -9.53023198e-53
  9.12000000e-06   0.00000000e+00   0.00000000e+00  -1.67856173e-13  -3.48008955e-25   6.26482070e-25  -4.20176252e-54
  9.20000000e-06   0.00000000e+00   0.00000000e+00   3.78105673e-13   7.83910164e-25  -1.41118685e-24  -2.12973550e-53
  9.28000000e-06   0.00000000e+00   0.00000000e+00   2.11236355e-13   4.37947213e-25  -7.88387978e-25  -6.66407317e-54
  9.36000000e-06   0.00000000e+00   0.00000000e+00   1.93790557e-14   4.01777595e-26  -7.23275811e-26  -5.59084104e-56
  9.44000000e-06   0.00000000e+00   0.00000000e+00   3.29540903e-13   6.83222924e-25  -1.22993074e-24  -1.61803537e-53
  9.52000000e-06   0.00000000e+00   0.00000000e+00  -6.69284268e-13  -1.38759817e-24   2.49793967e-24  -6.67259764e-53
  9.60000000e-06   0.00000000e+00   0.00000000e+00  -5.55605225e-13  -1.15191232e-24   2.07366048e-24  -4.60439346e-53
  9.68000000e-06   0.00000000e+00   0.00000000e+00   6.16138131e-13   1.27741258e-24  -2.29958473e-24  -5.65917918e-53
  9.76000000e-06   0.00000000e+00   0.00000000e+00   8.17963617e-14   1.69584865e-25  -3.05284894e-25  -1.00018911e-54
  9.84000000e-06   0.00000000e+00   0.00000000e+00  -9.43864539e-13  -1.95687359e-24   3.52274331e-24  -1.32768224e-52
  9.92000000e-06   0.00000000e+00   0.00000000e+00   1.40099553e-12   2.90462354e-24  -5.22887282e-24  -2.92510173e-52
  1.00000000e-05   0.00000000e+00   0.00000000e+00  -3.71584241e-13  -7.70389561e-25   1.38684721e-24  -2.05604828e-53
  1.00800000e-05   0.00000000e+00   0.00000000e+00  -7.39658226e-13  -1.53350146e-24   2.76059324e-24  -8.15374087e-53
  1.01600000e-05   0.00000000e+00   0.00000000e+00  -4.76795356e-15  -9.88519223e-27   1.77952194e-26  -3.28876629e-57
  1.02400000e-05   0.00000000e+00   0.00000000e+00   9.53064505e-13   1.97594748e-24  -3.55707993e-24  -1.35377852e-52
  1.03200000e-05   0.00000000e+00   0.00000000e+00  -9.46802604e-14  -1.96296495e-25   3.53370892e-25  -1.33498254e-54
  1.04000000e-05   0.00000000e+00   0.00000000e+00  -4.28513284e-13  -8.88418088e-25   1.59932092e-24  -2.73665195e-53
  1.04800000e-05   0.00000000e+00   0.00000000e+00  -3.00530918e-13  -6.23077776e-25   1.12165808e-24  -1.34587029e-53
  1.05600000e-05   0.00000000e+00   0.00000000e+00  -1.98523627e-13  -4.11590463e-25   7.40940835e-25  -5.87470751e-54
  1.06400000e-05   0.00000000e+00   0.00000000e+00  -3.02470224e-13  -6.27098453e-25   1.12889606e-24  -1.36320168e-53
  1.07200000e-05   0.00000000e+00   0.00000000e+00  -3.35813647e-13  -6.96227933e-25   1.25334222e-24  -1.68133972e-53
  1.08000000e-05   0.00000000e+00   0.00000000e+00   3.80148764e-13   7.88146018e-25  -1.41881219e-24  -2.15412374e-53
  1.08800000e-05   0.00000000e+00   0.00000000e+00  -1.45634496e-13  -3.01937711e-25   5.43545100e-25  -3.15800204e-54
  1.09600000e-05   0.00000000e+00   0.00000000e+00  -7.07906251e-13  -1.46767146e-24   2.64208677e-24  -7.47964245e-53
  1.10400000e-05   0.00000000e+00   0.00000000e+00  -4.34835243e-13  -9.01525132e-25   1.62291609e-24  -2.81673747e-53
  1.11200000e-05   0.00000000e+00   0.00000000e+00  -1.92826984e-13  -3.99779859e-25   7.19679509e-25  -5.53858848e-54
  1.12000000e-05   0.00000000e+00   0.00000000e+00  -7.79849748e-13  -1.61682881e-24   2.91059826e-24  -9.06753362e-53
  1.12800000e-05   0.00000000e+00   0.00000000e+00  -3.11679132e-13  -6.46190885e-25   1.16326605e-24  -1.44803907e-53
  1.13600000e-05   0.00000000e+00   0.00000000e+00  -2.60129147e-13  -5.39314528e-25   9.70868355e-25  -1.00801922e-53
  1.14400000e-05   0.00000000e+00   0.00000000e+00  -8.90347137e-13  -1.84591827e-24   3.32300271e-24  -1.18146715e-52
  1.15200000e-05   0.00000000e+00   0.00000000e+00  -5.74988015e-13  -1.19209782e-24   2.14600200e-24  -4.93033210e-53
  1.16000000e-05   0.00000000e+00   0.00000000e+00  -8.97379416e-13  -1.86049799e-24   3.34924897e-24  -1.20111883e-52
  1.16800000e-05   0.00000000e+00   0.00000000e+00  -2.51390189e-13  -5.21196424e-25   9.38252336e-25  -9.42167161e-54
  1.17600000e-05   0.00000000e+00   0.00000000e+00  -7.17387281e-13  -1.48732807e-24   2.67747239e-24  -7.67546210e-53
  1.18400000e-05   0.00000000e+00   0.00000000e+00  -1.07721186e-13  -2.23333684e-25   4.02042954e-25  -1.72381764e-54
  1.19200000e-05   0.00000000e+00   0.00000000e+00   7.76500276e-13   1.60988449e-24  -2.89809718e-24  -8.98457391e-53
  1.20000000e-05   0.00000000e+00   0.00000000e+00  -9.34677239e-13  -1.93782596e-24   3.48845396e-24  -1.30218085e-52
  1.20800000e-05   0.00000000e+00   0.00000000e+00   2.28240032e-13   4.73200203e-25  -8.51850042e-25  -7.76603993e-54
  1.21600000e-05   0.00000000e+00   0.00000000e+00  -1.21345513e-12  -2.51580412e-24   4.52892418e-24  -2.19376361e-52
  1.22400000e-05   0.00000000e+00   0.00000000e+00  -2.09119961e-12  -4.33559385e-24   7.80489058e-24  -6.51804712e-52
  1.23200000e-05   0.00000000e+00   0.00000000e+00  -9.83960971e-13  -2.04000379e-24   3.67239343e-24  -1.44328911e-52
  1.24000000e-05   0.00000000e+00   0.00000000e+00  -6.77014869e-13  -1.40362569e-24   2.52679225e-24  -6.82846436e-53
  1.24800000e-05   0.00000000e+00   0.00000000e+00  -1.07811773e-12  -2.23521493e-24   4.02381048e-24  -1.73211972e-52
  1.25600000e-05   0.00000000e+00   0.00000000e+00  -2.13441581e-12  -4.42519214e-24   7.96618447e-24  -6.78983927e-52
  1.26400000e-05   0.00000000e+00   0.00000000e+00  -7.36693767e-13  -1.52735538e-24   2.74952912e-24  -8.09805145e-53
  1.27200000e-05   0.00000000e+00   0.00000000e+00   5.48347054e-13   1.13686427e-24  -2.04657113e-24  -4.48143605e-53
  1.28000000e-05   0.00000000e+00   0.00000000e+00  -1.66599154e-12  -3.45402832e-24   6.21790555e-24  -4.13813322e-52
  1.28800000e-05   0.00000000e+00   0.00000000e+00  -2.39148330e-12  -4.95815906e-24   8.92562592e-24  -8.52546779e-52
  1.29600000e-05   0.00000000e+00   0.00000000e+00  -7.50101243e-13  -1.55515252e-24   2.79956925e-24  -8.39395533e-53
  1.30400000e-05   0.00000000e+00   0.00000000e+00  -2.17788904e-12  -4.51532329e-24   8.12843762e-24  -7.06923208e-52
  1.31200000e-05   0.00000000e+00   0.00000000e+00  -2.57657159e-12  -5.34189461e-24   9.61642264e-24  -9.89768013e-52
  1.32000000e-05   0.00000000e+00   0.00000000e+00  -1.38804966e-12  -2.87778343e-24   5.18055554e-24  -2.87334457e-52
  1.32800000e-05   0.00000000e+00   0.00000000e+00  -1.35575437e-13  -2.81082699e-25   5.06002126e-25  -2.74886732e-54
  1.33600000e-05   0.00000000e+00   0.00000000e+00  -4.77921948e-13  -9.90854937e-25   1.78372666e-24  -3.41056728e-53
  1.34400000e-05   0.00000000e+00   0.00000000e+00  -1.13799022e-12  -2.35934599e-24   4.24726990e-24  -1.93022268e-52
  1.35200000e-05   0.00000000e+00   0.00000000e+00  -1.96276288e-12  -4.06931153e-24   7.32553192e-24  -5.74413536e-52
  1.36000000e-05   0.00000000e+00   0.00000000e+00  -1.26434925e-12  -2.62132071e-24   4.71887404e-24  -2.38330500e-52
  1.36800000e-05   0.00000000e+00   0.00000000e+00  -1.78180029e-12  -3.69412959e-24   6.65013334e-24  -4.73273519e-52
  1.37600000e-05   0.00000000e+00   0.00000000e+00  -2.13360809e-12  -4.42351752e-24   7.96316984e-24  -6.78700933e-52
  1.38400000e-05   0.00000000e+00   0.00000000e+00  -2.20479334e-12  -4.57110283e-24   8.22885136e-24  -7.24574391e-52
  1.39200000e-05   0.00000000e+00   0.00000000e+00  -2.19698963e-12  -4.55492373e-24   8.19972592e-24  -7.19634939e-52
  1.40000000e-05   0.00000000e+00   0.00000000e+00  -2.62879157e-12  -5.45016005e-24   9.81132095e-24  -1.03024818e-51
  1.40800000e-05   0.00000000e+00   0.00000000e+00  -3.27452974e-12  -6.78894112e-24   1.22213806e-23  -1.59863144e-51
  1.41600000e-05   0.00000000e+00   0.00000000e+00  -1.73436323e-12  -3.59578040e-24   6.47308615e-24  -4.48648484e-52
  1.42400000e-05   0.00000000e+00   0.00000000e+00  -2.43103280e-12  -5.04015533e-24   9.07323476e-24  -8.81159901e-52
  1.43200000e-05   0.00000000e+00   0.00000000e+00  -2.54419801e-12  -5.27477588e-24   9.49559620e-24  -9.65196977e-52
  1.44000000e-05   0.00000000e+00   0.00000000e+00  -2.51204408e-12  -5.20811253e-24   9.37558953e-24  -9.40696569e-52
  1.44800000e-05   0.00000000e+00   0.00000000e+00  -2.94203213e-12  -6.09958817e-24   1.09804146e-23  -1.29031974e-51
  1.45600000e-05   0.00000000e+00   0.00000000e+00  -3.55674262e-12  -7.37404089e-24   1.32746711e-23  -1.88580401e-51
  1.46400000e-05   0.00000000e+00   0.00000000e+00  -3.67066706e-12  -7.61023551e-24   1.36998661e-23  -2.00875311e-51
  1.47200000e-05   0.00000000e+00   0.00000000e+00  -3.85163562e-12  -7.98542981e-24   1.43752870e-23  -2.21174396e-51
  1.48000000e-05   0.00000000e+00   0.00000000e+00  -3.89364175e-12  -8.07251932e-24   1.45320646e-23  -2.26034707e-51
  1.48800000e-05   0.00000000e+00   0.00000000e+00  -3.95471034e-12  -8.19913018e-24   1.47599881e-23  -2.33190370e-51
  1.49600000e-05   0.00000000e+00   0.00000000e+00  -3.54150722e-12  -7.34245400e-24   1.32178087e-23  -1.87004958e-51
  1.50400000e-05   0.00000000e+00   0.00000000e+00  -4.93497823e-12  -1.02314773e-23   1.84185980e-23  -3.63078071e-51
  1.51200000e-05   0.00000000e+00   0.00000000e+00  -4.61691662e-12  -9.57205386e-24   1.72315109e-23  -3.17811597e-51
  1.52000000e-05   0.00000000e+00   0.00000000e+00  -5.01045443e-12  -1.03879588e-23   1.87002945e-23  -3.74285184e-51
  1.52800000e-05   0.00000000e+00   0.00000000e+00  -4.98380940e-12  -1.03327168e-23   1.86008484e-23  -3.70314965e-51
  1.53600000e-05   0.00000000e+00   0.00000000e+00  -3.83728477e-12  -7.95567681e-24   1.43217259e-23  -2.19556589e-51
  1.54400000e-05   0.00000000e+00   0.00000000e+00  -6.67868721e-12  -1.38466338e-23   2.49265649e-23  -6.64920795e-51
  1.55200000e-05   0.00000000e+00   0.00000000e+00  -5.93799552e-12  -1.23109897e-23   2.21621145e-23  -5.25660744e-51
  1.56000000e-05   0.00000000e+00   0.00000000e+00  -6.08028386e-12  -1.26059900e-23   2.26931709e-23  -4.73446022e-51
  1.56800000e-05   0.00000000e+00   0.00000000e+00  -7.93518255e-12  -1.64516713e-23   2.96161262e-23  -9.38711422e-51
  1.57600000e-05   0.00000000e+00   0.00000000e+00  -7.12972690e-12  -1.47817549e-23   2.66099601e-23  -7.57847524e-51
  1.58400000e-05   0.00000000e+00   0.00000000e+00  -8.37273205e-12  -1.73588238e-23   3.12491725e-23  -1.04508564e-50
  1.59200000e-05   0.00000000e+00   0.00000000e+00  -9.19546925e-12  -1.90645693e-23   3.43198377e-23  -1.26058289e-50
  1.60000000e-05   0.00000000e+00   0.00000000e+00  -8.34604284e-12  -1.73034902e-23   3.11495616e-23  -1.03840681e-50
  1.60800000e-05   0.00000000e+00   0.00000000e+00  -7.71058657e-12  -1.59860262e-23   2.87778766e-23  -8.86427077e-51
  1.61600000e-05  -5.03264899e-06  -1.73422142e-06  -7.27434653e-12   1.33615576e-17  -3.87747824e-17   3.96129006e-18
  1.62400000e-05  -6.35825753e-06  -2.15389881e-06  -8.05890879e-12   1.65950598e-17  -4.89882370e-17   5.14212251e-18
  1.63200000e-05   0.00000000e+00   0.00000000e+00   0.00000000e+00   0.00000000e+00   0.00000000e+00   0.00000000e+00
