       time             b_x              b_y              b_z              F_x              F_y              F_z
  0.00000000e+00   2.28769475e-06   1.63156095e-06   2.17091435e-08  -9.27470170e-18   1.28961393e-17   8.14629703e-18
  8.00000000e-08  -2.28528445e-07  -1.61798231e-07  -1.64281467e-06   4.87141359e-18   1.36249885e-18  -8.11842320e-19
  1.60000000e-07  -1.51514328e-15  -4.84413480e-16  -5.25560266e-07   1.26584767e-18   8.49146641e-19  -4.43199158e-27
  2.40000000e-07   0.00000000e+00   0.00000000e+00   1.16866007e-06  -2.81478955e-18  -1.88821329e-18  -6.89105085e-41
  3.20000000e-07   0.00000000e+00   0.00000000e+00  -7.52430994e-08   1.81227647e-19   1.21570836e-19  -2.86080511e-43
  4.00000000e-07   0.00000000e+00   0.00000000e+00   2.62227498e-07  -6.31591105e-19  -4.23682927e-19  -3.46963269e-42
  4.80000000e-07   0.00000000e+00   0.00000000e+00  -2.88504683e-07   6.94881476e-19   4.66138947e-19  -4.20037362e-42
  5.60000000e-07   0.00000000e+00   0.00000000e+00   8.18091666e-13  -1.97042396e-24  -1.32179724e-24  -3.37798491e-53
  6.40000000e-07   0.00000000e+00   0.00000000e+00   6.38743529e-13  -1.53845297e-24  -1.03202302e-24  -2.05920498e-53
  7.20000000e-07   0.00000000e+00   0.00000000e+00   1.85037639e-13  -4.45674503e-25  -2.98966791e-25  -1.72890620e-54
  8.00000000e-07   0.00000000e+00   0.00000000e+00   8.13965836e-13  -1.96048664e-24  -1.31513110e-24  -3.34416642e-53
  8.80000000e-07   0.00000000e+00   0.00000000e+00   2.91050124e-13  -7.01012076e-25  -4.70252011e-25  -4.27599339e-54
  9.60000000e-07   0.00000000e+00   0.00000000e+00   4.34648951e-13  -1.04687866e-24  -7.02265783e-25  -9.53449011e-54
  1.04000000e-06   0.00000000e+00   0.00000000e+00   4.17613204e-13  -1.00584702e-24  -6.74740989e-25  -8.80248815e-54
  1.12000000e-06   0.00000000e+00   0.00000000e+00   3.54174495e-13  -8.53050995e-25  -5.72242560e-25  -6.33390822e-54
  1.20000000e-06   0.00000000e+00   0.00000000e+00   4.10214618e-13  -9.88027070e-25  -6.62787036e-25  -8.49113161e-54
  1.28000000e-06   0.00000000e+00   0.00000000e+00   1.42936262e-12  -3.44270753e-24  -2.30943260e-24  -1.03115653e-52
  1.36000000e-06   0.00000000e+00   0.00000000e+00   6.64945445e-13  -1.60156189e-24  -1.07435767e-24  -2.23182993e-53
  1.44000000e-06   0.00000000e+00   0.00000000e+00   1.00138748e-12  -2.41190318e-24  -1.61794976e-24  -5.06177454e-53
  1.52000000e-06   0.00000000e+00   0.00000000e+00   1.08105201e-12  -2.60378008e-24  -1.74666437e-24  -5.89895193e-53
  1.60000000e-06   0.00000000e+00   0.00000000e+00   5.84183065e-13  -1.40704075e-24  -9.43869245e-25  -1.72282111e-53
  1.68000000e-06   0.00000000e+00   0.00000000e+00   9.33527106e-13  -2.24845730e-24  -1.50830720e-24  -4.39836474e-53
  1.76000000e-06   0.00000000e+00   0.00000000e+00   3.93342620e-13  -9.47389826e-25  -6.35526813e-25  -7.81016332e-54
  1.84000000e-06   0.00000000e+00   0.00000000e+00   8.33952493e-13  -2.00862573e-24  -1.34742371e-24  -3.50997134e-53
  1.92000000e-06   0.00000000e+00   0.00000000e+00   3.67259269e-13  -8.84566477e-25  -5.93383735e-25  -6.80398686e-54
  2.00000000e-06   0.00000000e+00   0.00000000e+00   1.78050362e-13  -4.28845219e-25  -2.87677393e-25  -1.60192094e-54
  2.08000000e-06   0.00000000e+00   0.00000000e+00   4.57874818e-13  -1.10281958e-24  -7.39792001e-25  -1.05836999e-53
  2.16000000e-06   0.00000000e+00   0.00000000e+00   4.22958128e-14  -1.01872060e-25  -6.83376826e-26  -9.06775767e-56
  2.24000000e-06   0.00000000e+00   0.00000000e+00   6.37059988e-13  -1.53439806e-24  -1.02930291e-24  -2.04789090e-53
  2.32000000e-06   0.00000000e+00   0.00000000e+00   5.08148889e-13  -1.22390777e-24  -8.21020219e-25  -1.30365689e-53
  2.40000000e-06   0.00000000e+00   0.00000000e+00   5.22892005e-13  -1.25941747e-24  -8.44840789e-25  -1.37994013e-53
  2.48000000e-06   0.00000000e+00   0.00000000e+00   1.65145226e-13  -3.97762405e-25  -2.66826460e-25  -1.37772643e-54
  2.56000000e-06   0.00000000e+00   0.00000000e+00   9.60807720e-13  -2.31416433e-24  -1.55238471e-24  -4.65886126e-53
  2.64000000e-06   0.00000000e+00   0.00000000e+00   5.03178194e-13  -1.21193554e-24  -8.12989027e-25  -1.27796095e-53
  2.72000000e-06   0.00000000e+00   0.00000000e+00   4.62923385e-13  -1.11497937e-24  -7.47949010e-25  -1.08171045e-53
  2.80000000e-06   0.00000000e+00   0.00000000e+00  -1.67938219e-14   4.04489501e-26   2.71339122e-26  -1.42870275e-56
  2.88000000e-06   0.00000000e+00   0.00000000e+00   3.02162088e-13  -7.27775922e-25  -4.88205699e-25  -4.60755144e-54
  2.96000000e-06   0.00000000e+00   0.00000000e+00  -6.51448602e-14   1.56905392e-25   1.05255071e-25  -2.14148807e-55
  3.04000000e-06   0.00000000e+00   0.00000000e+00  -3.62245867e-14   8.72491389e-26   5.85283540e-26  -6.64190172e-56
  3.12000000e-06   0.00000000e+00   0.00000000e+00   3.40250570e-13  -8.19514368e-25  -5.49745564e-25  -5.84381512e-54
  3.20000000e-06   0.00000000e+00   0.00000000e+00   3.01244702e-13  -7.25566342e-25  -4.86723471e-25  -4.58042469e-54
  3.28000000e-06   0.00000000e+00   0.00000000e+00   4.64654786e-13  -1.11914955e-24  -7.50746450e-25  -1.08963224e-53
  3.36000000e-06   0.00000000e+00   0.00000000e+00   4.73325268e-13  -1.14003294e-24  -7.64755417e-25  -1.13097696e-53
  3.44000000e-06   0.00000000e+00   0.00000000e+00   3.54220394e-13  -8.53161546e-25  -5.72316720e-25  -6.33283332e-54
  3.52000000e-06   0.00000000e+00   0.00000000e+00   5.52202313e-13  -1.33001314e-24  -8.92197688e-25  -1.53905279e-53
  3.60000000e-06   0.00000000e+00   0.00000000e+00   7.65236765e-13  -1.84311969e-24  -1.23639915e-24  -2.95541856e-53
  3.68000000e-06   0.00000000e+00   0.00000000e+00   1.20847880e-12  -2.91069532e-24  -1.95254886e-24  -7.37098364e-53
  3.76000000e-06   0.00000000e+00   0.00000000e+00   2.12304931e-13  -5.11349449e-25  -3.43022773e-25  -2.27662235e-54
  3.84000000e-06   0.00000000e+00   0.00000000e+00  -1.39648643e-13   3.36352322e-25   2.25631428e-25  -9.85248929e-55
  3.92000000e-06   0.00000000e+00   0.00000000e+00   4.98885453e-13  -1.20159622e-24  -8.06053212e-25  -1.25628885e-53
  4.00000000e-06   0.00000000e+00   0.00000000e+00   4.54073812e-13  -1.09366463e-24  -7.33650685e-25  -1.04052121e-53
  4.08000000e-06   0.00000000e+00   0.00000000e+00   3.65192589e-13  -8.79588751e-25  -5.90044583e-25  -6.73198080e-54
  4.16000000e-06   0.00000000e+00   0.00000000e+00   5.32870224e-13  -1.28345062e-24  -8.60962678e-25  -1.43314578e-53
  4.24000000e-06   0.00000000e+00   0.00000000e+00   6.98577674e-13  -1.68256718e-24  -1.12869753e-24  -2.46313926e-53
  4.32000000e-06   0.00000000e+00   0.00000000e+00   5.65645139e-13  -1.36239101e-24  -9.13917369e-25  -1.61492412e-53
  4.40000000e-06   0.00000000e+00   0.00000000e+00   5.94505437e-13  -1.43190281e-24  -9.60547183e-25  -1.78415958e-53
  4.48000000e-06   0.00000000e+00   0.00000000e+00   6.01857356e-13  -1.44961036e-24  -9.72425738e-25  -1.82819602e-53
  4.56000000e-06   0.00000000e+00   0.00000000e+00   2.69759194e-13  -6.49731565e-25  -4.35852085e-25  -3.67285871e-54
  4.64000000e-06   0.00000000e+00   0.00000000e+00  -4.35415662e-14   1.04872533e-25   7.03504563e-26  -9.56992487e-56
  4.72000000e-06   0.00000000e+00   0.00000000e+00   2.54049829e-13  -6.11894596e-25  -4.10470338e-25  -3.25555563e-54
  4.80000000e-06   0.00000000e+00   0.00000000e+00   5.42034823e-13  -1.30552412e-24  -8.75769993e-25  -1.48294978e-53
  4.88000000e-06   0.00000000e+00   0.00000000e+00   1.37488679e-12  -3.31149916e-24  -2.22141556e-24  -9.54090054e-53
  4.96000000e-06   0.00000000e+00   0.00000000e+00   6.64750074e-13  -1.60109133e-24  -1.07404200e-24  -2.23042842e-53
  5.04000000e-06   0.00000000e+00   0.00000000e+00   9.57641324e-13  -2.30653787e-24  -1.54726874e-24  -4.62864760e-53
  5.12000000e-06   0.00000000e+00   0.00000000e+00   7.81678201e-13  -1.88271989e-24  -1.26296371e-24  -3.08438367e-53
  5.20000000e-06   0.00000000e+00   0.00000000e+00   6.83462211e-13  -1.64616066e-24  -1.10427535e-24  -2.35780868e-53
  5.28000000e-06   0.00000000e+00   0.00000000e+00   1.13473266e-12  -2.73307322e-24  -1.83339663e-24  -6.49859812e-53
  5.36000000e-06   0.00000000e+00   0.00000000e+00   5.29497715e-13  -1.27532772e-24  -8.55513687e-25  -1.41528735e-53
  5.44000000e-06   0.00000000e+00   0.00000000e+00   6.57897599e-13  -1.58458672e-24  -1.06297041e-24  -2.18511260e-53
  5.52000000e-06   0.00000000e+00   0.00000000e+00   7.09073879e-13  -1.70784793e-24  -1.14565633e-24  -2.53763964e-53
  5.60000000e-06   0.00000000e+00   0.00000000e+00   7.20054855e-13  -1.73429629e-24  -1.16339838e-24  -2.61674684e-53
  5.68000000e-06   0.00000000e+00   0.00000000e+00   7.20272618e-13  -1.73482078e-24  -1.16375022e-24  -2.61893840e-53
  5.76000000e-06   0.00000000e+00   0.00000000e+00   5.32077956e-13  -1.28154239e-24  -8.59682603e-25  -1.42887550e-53
  5.84000000e-06   0.00000000e+00   0.00000000e+00   8.11062637e-13  -1.95349411e-24  -1.31044038e-24  -3.32035711e-53
  5.92000000e-06   0.00000000e+00   0.00000000e+00   9.38723937e-13  -2.26097418e-24  -1.51670376e-24  -4.44750230e-53
  6.00000000e-06   0.00000000e+00   0.00000000e+00   6.67728439e-13  -1.60826490e-24  -1.07885417e-24  -2.25029537e-53
  6.08000000e-06   0.00000000e+00   0.00000000e+00   1.13741578e-12  -2.73953568e-24  -1.83773176e-24  -6.52964467e-53
  6.16000000e-06   0.00000000e+00   0.00000000e+00   2.03036452e-13  -4.89025748e-25  -3.28047617e-25  -2.08125009e-54
  6.24000000e-06   0.00000000e+00   0.00000000e+00   4.61739691e-13  -1.11212837e-24  -7.46036507e-25  -1.07635513e-53
  6.32000000e-06   0.00000000e+00   0.00000000e+00   2.59679254e-13  -6.25453411e-25  -4.19565845e-25  -3.40400728e-54
  6.40000000e-06   0.00000000e+00   0.00000000e+00   8.03699208e-13  -1.93575884e-24  -1.29854323e-24  -3.26023581e-53
  6.48000000e-06   0.00000000e+00   0.00000000e+00   4.42961781e-13  -1.06690062e-24  -7.15696888e-25  -9.90405655e-54
  6.56000000e-06   0.00000000e+00   0.00000000e+00   5.86630921e-13  -1.41293656e-24  -9.47824266e-25  -1.73704510e-53
  6.64000000e-06   0.00000000e+00   0.00000000e+00   6.58874588e-13  -1.58693986e-24  -1.06454894e-24  -2.19109336e-53
  6.72000000e-06   0.00000000e+00   0.00000000e+00   4.77552604e-13  -1.15021474e-24  -7.71585557e-25  -1.15110003e-53
  6.80000000e-06   0.00000000e+00   0.00000000e+00   6.78382511e-13  -1.63392589e-24  -1.09606804e-24  -2.32248542e-53
  6.88000000e-06   0.00000000e+00   0.00000000e+00   4.61505464e-13  -1.11156422e-24  -7.45658065e-25  -1.07529918e-53
  6.96000000e-06   0.00000000e+00   0.00000000e+00   2.47705717e-15  -5.96614412e-27  -4.00220105e-27  -3.18599034e-58
  7.04000000e-06   0.00000000e+00   0.00000000e+00   4.94000320e-13  -1.18983007e-24  -7.98160263e-25  -1.23168971e-53
  7.12000000e-06   0.00000000e+00   0.00000000e+00   3.92493501e-13  -9.45344672e-25  -6.34154885e-25  -7.77384322e-54
  7.20000000e-06   6.92748761e-14   6.86968289e-14  -2.88198383e-13   3.05832537e-25   8.57222806e-25   2.77846803e-25
  7.28000000e-06   5.39077220e-14   5.39077223e-14   4.61069782e-13  -1.41522992e-24  -4.40239067e-25   2.16939193e-25
  7.36000000e-06  -1.99592751e-13  -1.99219692e-13   1.06717951e-13   8.69058728e-25  -1.30062923e-24  -8.02612231e-25
  7.44000000e-06  -1.16537649e-13  -1.16537648e-13   1.11914435e-12  -2.03679516e-24  -2.46694313e-24  -4.68978885e-25
  7.52000000e-06  -2.17074046e-14  -2.18900608e-14   3.20453688e-13  -6.48098120e-25  -6.40461359e-25  -8.76515615e-26
  7.60000000e-06   0.00000000e+00   0.00000000e+00   2.47162148e-13  -5.95305195e-25  -3.99341858e-25  -3.08409790e-54
  7.68000000e-06   0.00000000e+00   0.00000000e+00   5.21307265e-13  -1.25560052e-24  -8.42280312e-25  -1.37138850e-53
  7.76000000e-06   0.00000000e+00   0.00000000e+00   3.70507734e-13  -8.92390605e-25  -5.98632306e-25  -6.92643777e-54
  7.84000000e-06   0.00000000e+00   0.00000000e+00   6.90936981e-13  -1.66416410e-24  -1.11635240e-24  -2.40926631e-53
  7.92000000e-06   0.00000000e+00   0.00000000e+00   1.02443717e-13  -2.46741977e-25  -1.65519133e-25  -5.30144372e-55
  8.00000000e-06   0.00000000e+00   0.00000000e+00   5.47265728e-13  -1.31812307e-24  -8.84221608e-25  -1.51173906e-53
  8.08000000e-06   0.00000000e+00   0.00000000e+00   4.15859731e-13  -1.00162367e-24  -6.71907889e-25  -8.72836834e-54
  8.16000000e-06   0.00000000e+00   0.00000000e+00   3.61312524e-15  -8.70243377e-27  -5.83775532e-27  -6.70871516e-58
  8.24000000e-06   0.00000000e+00   0.00000000e+00   4.61595656e-13  -1.11178145e-24  -7.45803788e-25  -1.07528506e-53
  8.32000000e-06   0.00000000e+00   0.00000000e+00   6.56211649e-13  -1.58052601e-24  -1.06024640e-24  -2.17334803e-53
  8.40000000e-06   0.00000000e+00   0.00000000e+00   2.15349583e-13  -5.18682680e-25  -3.47942042e-25  -2.34087163e-54
  8.48000000e-06   0.00000000e+00   0.00000000e+00   4.38109978e-13  -1.05521476e-24  -7.07857791e-25  -9.68822438e-54
  8.56000000e-06   0.00000000e+00   0.00000000e+00   4.99044943e-13  -1.20198036e-24  -8.06310901e-25  -1.25703090e-53
  8.64000000e-06   0.00000000e+00   0.00000000e+00   4.43943443e-13  -1.06926501e-24  -7.17282966e-25  -9.94797251e-54
  8.72000000e-06   0.00000000e+00   0.00000000e+00   4.19161919e-15  -1.00957719e-26  -6.77243261e-27  -8.90848536e-58
  8.80000000e-06   0.00000000e+00   0.00000000e+00   3.58596375e-13  -8.63701364e-25  -5.79387027e-25  -6.48918521e-54
  8.88000000e-06   0.00000000e+00   0.00000000e+00   9.40739615e-15  -2.26582907e-26  -1.51996051e-26  -4.52069359e-57
  8.96000000e-06   0.00000000e+00   0.00000000e+00   2.15570722e-13  -5.19215307e-25  -3.48299338e-25  -2.34409261e-54
  9.04000000e-06   0.00000000e+00   0.00000000e+00   2.53229918e-13  -6.09919790e-25  -4.09145601e-25  -3.23704071e-54
  9.12000000e-06   0.00000000e+00   0.00000000e+00   3.53211084e-13  -8.50730562e-25  -5.70685971e-25  -6.29515398e-54
  9.20000000e-06   0.00000000e+00   0.00000000e+00   9.98862304e-13  -2.40582113e-24  -1.61386980e-24  -5.03614194e-53
  9.28000000e-06   0.00000000e+00   0.00000000e+00   8.55152468e-13  -2.05968717e-24  -1.38167667e-24  -3.69102336e-53
  9.36000000e-06   0.00000000e+00   0.00000000e+00   7.69494441e-13  -1.85337456e-24  -1.24327831e-24  -2.98890793e-53
  9.44000000e-06   0.00000000e+00   0.00000000e+00   7.71572377e-13  -1.85837940e-24  -1.24663565e-24  -3.00507152e-53
  9.52000000e-06   0.00000000e+00   0.00000000e+00   6.65392412e-13  -1.60263844e-24  -1.07507983e-24  -2.23466131e-53
  9.60000000e-06   0.00000000e+00   0.00000000e+00   5.50403263e-13  -1.32568002e-24  -8.89290949e-25  -1.52921294e-53
  9.68000000e-06   0.00000000e+00   0.00000000e+00   4.70364321e-13  -1.13290132e-24  -7.59971391e-25  -1.11670396e-53
  9.76000000e-06   0.00000000e+00   0.00000000e+00   5.37369166e-13  -1.29428660e-24  -8.68231655e-25  -1.45720388e-53
  9.84000000e-06   0.00000000e+00   0.00000000e+00   5.45027526e-13  -1.31273223e-24  -8.80605327e-25  -1.49922479e-53
  9.92000000e-06   0.00000000e+00   0.00000000e+00   7.58507161e-13  -1.82691102e-24  -1.22552608e-24  -2.90368936e-53
  1.00000000e-05   0.00000000e+00   0.00000000e+00   3.90771769e-13  -9.41197774e-25  -6.31373068e-25  -7.70770358e-54
  1.00800000e-05   0.00000000e+00   0.00000000e+00   8.41875816e-13  -2.02770954e-24  -1.36022548e-24  -3.57746079e-53
  1.01600000e-05   0.00000000e+00   0.00000000e+00   5.00291878e-13  -1.20498368e-24  -8.08325584e-25  -1.26333650e-53
  1.02400000e-05   0.00000000e+00   0.00000000e+00   9.21845603e-13  -2.22032168e-24  -1.48943330e-24  -4.28922644e-53
  1.03200000e-05   0.00000000e+00   0.00000000e+00   7.38194794e-13  -1.77798744e-24  -1.19270723e-24  -2.75036379e-53
  1.04000000e-05   0.00000000e+00   0.00000000e+00   1.28442831e-12  -3.09362437e-24  -2.07526108e-24  -8.32666824e-53
  1.04800000e-05   0.00000000e+00   0.00000000e+00   8.44602751e-13  -2.03427753e-24  -1.36463141e-24  -3.60103716e-53
  1.05600000e-05   0.00000000e+00   0.00000000e+00   9.35726470e-13  -2.25375460e-24  -1.51186073e-24  -4.41920054e-53
  1.06400000e-05   0.00000000e+00   0.00000000e+00   6.93742543e-13  -1.67092147e-24  -1.12088537e-24  -2.42936925e-53
  1.07200000e-05   0.00000000e+00   0.00000000e+00   3.57005042e-13  -8.59868541e-25  -5.76815897e-25  -6.43397593e-54
  1.08000000e-05   0.00000000e+00   0.00000000e+00  -6.29118676e-14   1.51527092e-25   1.01647207e-25  -2.00048210e-55
  1.08800000e-05   0.00000000e+00   0.00000000e+00   3.60288446e-13  -8.67776821e-25  -5.82120919e-25  -6.55220903e-54
  1.09600000e-05   0.00000000e+00   0.00000000e+00   1.19287438e-13  -2.87311112e-25  -1.92733667e-25  -7.18537797e-55
  1.10400000e-05   0.00000000e+00   0.00000000e+00   7.23429046e-13  -1.74242323e-24  -1.16885009e-24  -2.64121423e-53
  1.11200000e-05   0.00000000e+00   0.00000000e+00   5.08713292e-13  -1.22526717e-24  -8.21932130e-25  -1.30619005e-53
  1.12000000e-05   0.00000000e+00   0.00000000e+00   3.30450379e-13  -7.95910008e-25  -5.33911318e-25  -5.51227446e-54
  1.12800000e-05   0.00000000e+00   0.00000000e+00   8.82475312e-13  -2.12549592e-24  -1.42582241e-24  -3.93062827e-53
  1.13600000e-05   0.00000000e+00   0.00000000e+00   5.51958191e-13  -1.32942516e-24  -8.91803258e-25  -1.53734367e-53
  1.14400000e-05   0.00000000e+00   0.00000000e+00   8.96424731e-13  -2.15909395e-24  -1.44836060e-24  -4.05667409e-53
  1.15200000e-05   0.00000000e+00   0.00000000e+00   6.67128679e-13  -1.60682034e-24  -1.07788514e-24  -2.24612064e-53
  1.16000000e-05   0.00000000e+00   0.00000000e+00   5.14543174e-13  -1.23930880e-24  -8.31351517e-25  -1.33672588e-53
  1.16800000e-05   0.00000000e+00   0.00000000e+00   5.01055784e-13  -1.20682359e-24  -8.09559833e-25  -1.26706846e-53
  1.17600000e-05   0.00000000e+00   0.00000000e+00   5.29899128e-13  -1.27629455e-24  -8.56162253e-25  -1.41737269e-53
  1.18400000e-05   0.00000000e+00   0.00000000e+00   5.32025075e-13  -1.28141503e-24  -8.59597164e-25  -1.42879849e-53
  1.19200000e-05   0.00000000e+00   0.00000000e+00   5.55754587e-13  -1.33856901e-24  -8.97937126e-25  -1.55884152e-53
  1.20000000e-05   0.00000000e+00   0.00000000e+00  -4.47869864e-07   1.07872154e-18   7.23627653e-19  -1.01218041e-41
  1.20800000e-05   0.00000000e+00   0.00000000e+00   3.26986411e-07  -7.87566608e-19  -5.28314882e-19  -5.39539455e-42
  1.21600000e-05   0.00000000e+00   0.00000000e+00  -2.00169928e-06   4.82120468e-18   3.23417765e-18  -2.02183790e-40
  1.22400000e-05   0.00000000e+00   0.00000000e+00  -1.51015039e-06   3.63728093e-18   2.43997533e-18  -1.15066964e-40
  1.23200000e-05   0.00000000e+00   0.00000000e+00  -2.14153501e-06   5.15797954e-18   3.46015319e-18  -2.31485539e-40
  1.24000000e-05   0.00000000e+00   0.00000000e+00  -2.66800445e-06   6.42596967e-18   4.31083936e-18  -3.59290119e-40
