       time             b_x              b_y              b_z              F_x              F_y              F_z
  0.00000000e+00   0.00000000e+00   0.00000000e+00  -3.30929587e-06   2.05391047e-18   1.12042892e-18   0.00000000e+00
  8.00000000e-08   0.00000000e+00   0.00000000e+00  -8.33664595e-07   5.17411283e-19   2.82256980e-19  -1.79131462e-42
  1.60000000e-07   0.00000000e+00   0.00000000e+00  -2.60292967e-06   1.61549407e-18   8.81294687e-19  -1.74529222e-41
  2.40000000e-07   0.00000000e+00   0.00000000e+00  -3.84960794e-06   2.38922873e-18   1.30340972e-18  -3.81762534e-41
  3.20000000e-07   0.00000000e+00   0.00000000e+00   4.16092445e-07  -2.58243906e-19  -1.40882667e-19  -4.45644178e-43
  4.00000000e-07   0.00000000e+00   0.00000000e+00  -3.14574891e-06   1.95237376e-18   1.06511451e-18  -2.54918027e-41
  4.80000000e-07   0.00000000e+00   0.00000000e+00   1.84929254e-07  -1.14773922e-19  -6.26155555e-20  -8.79297789e-44
  5.60000000e-07   0.00000000e+00   0.00000000e+00  -2.44189006e-06   1.51552465e-18   8.26808835e-19  -1.53600368e-41
  6.40000000e-07   0.00000000e+00   0.00000000e+00  -4.62258454e-08   2.86893239e-20   1.56519598e-20  -5.54931965e-45
  7.20000000e-07   0.00000000e+00   0.00000000e+00  -1.73803135e-06   1.07868043e-18   5.88494384e-19  -7.78095345e-42
  8.00000000e-07   0.00000000e+00   0.00000000e+00  -2.77374296e-07   1.72147214e-19   9.39194778e-20  -1.98475951e-43
  8.80000000e-07   0.00000000e+00   0.00000000e+00  -1.03417275e-06   6.41840173e-19   3.50172861e-19  -2.75455096e-42
  9.60000000e-07   0.00000000e+00   0.00000000e+00  -2.28196027e-06   1.41625720e-18   7.72674605e-19  -1.34138217e-41
  1.04000000e-06   0.00000000e+00   0.00000000e+00   9.66001289e-07  -5.99528201e-19  -3.27094665e-19  -2.40317187e-42
  1.12000000e-06   0.00000000e+00   0.00000000e+00  -1.58060703e-06   9.80973374e-19   5.35198590e-19  -6.43513968e-42
  1.20000000e-06   0.00000000e+00   0.00000000e+00  -2.82208301e-06   1.75146407e-18   9.55580077e-19  -2.05157428e-41
  1.28000000e-06   0.00000000e+00   0.00000000e+00  -5.25591628e-07   3.26196881e-19   1.77969682e-19  -7.11582960e-43
  1.36000000e-06   0.00000000e+00   0.00000000e+00   9.49618420e-08  -5.89359642e-20  -3.21548925e-20  -2.32110216e-44
  1.44000000e-06   0.00000000e+00   0.00000000e+00  -3.76750560e-07   2.33821814e-19   1.27571106e-19  -3.65603287e-43
  1.52000000e-06   0.00000000e+00   0.00000000e+00  -1.81937658e-09   1.12915495e-21   6.16058013e-22  -8.94208378e-48
  1.60000000e-06   0.00000000e+00   0.00000000e+00   3.46228504e-07  -2.14878925e-19  -1.17236170e-19  -3.08753530e-43
  1.68000000e-06   0.00000000e+00   0.00000000e+00  -5.50620240e-07   3.41729996e-19   1.86445206e-19  -7.80973448e-43
  1.76000000e-06   0.00000000e+00   0.00000000e+00   2.49793146e-07  -1.55028396e-19  -8.45824421e-20  -1.60696044e-43
  1.84000000e-06   0.00000000e+00   0.00000000e+00  -4.02309711e-07   2.49684335e-19   1.36226019e-19  -4.16897740e-43
  1.92000000e-06   0.00000000e+00   0.00000000e+00   1.53357904e-07  -9.51780274e-20  -5.19285910e-20  -6.05565786e-44
  2.00000000e-06   0.00000000e+00   0.00000000e+00  -2.53999219e-07   1.57638768e-19   8.60067159e-20  -1.66158479e-43
  2.08000000e-06   0.00000000e+00   0.00000000e+00   5.69227527e-08  -3.53277759e-20  -1.92746595e-20  -8.33495244e-45
  2.16000000e-06   0.00000000e+00   0.00000000e+00  -1.05688754e-07   6.55932759e-20   3.57873162e-20  -2.87555739e-44
  2.24000000e-06   0.00000000e+00   0.00000000e+00  -3.95123332e-08   2.45224024e-20   1.33793099e-20  -4.03103559e-45
  2.32000000e-06   0.00000000e+00   0.00000000e+00  -7.48629111e-07   4.64618602e-19   2.53494930e-19  -1.44371781e-42
  2.40000000e-06   0.00000000e+00   0.00000000e+00   6.54220797e-07  -4.06026738e-19  -2.21526432e-19  -1.10252026e-42
  2.48000000e-06   0.00000000e+00   0.00000000e+00   2.55086850e-14  -1.58313577e-26  -8.63753735e-27  -1.67986045e-57
  2.56000000e-06   0.00000000e+00   0.00000000e+00   5.52760052e-13  -3.43057359e-25  -1.87170981e-25  -7.87034059e-55
  2.64000000e-06   0.00000000e+00   0.00000000e+00   2.37412472e-13  -1.47344395e-25  -8.03906235e-26  -1.45244408e-55
  2.72000000e-06   0.00000000e+00   0.00000000e+00   6.82780111e-13  -4.23751212e-25  -2.31197284e-25  -1.20087077e-54
  2.80000000e-06   0.00000000e+00   0.00000000e+00   4.49316259e-13  -2.78857433e-25  -1.52143710e-25  -5.20176733e-55
  2.88000000e-06   0.00000000e+00   0.00000000e+00   8.12800169e-13  -5.04445064e-25  -2.75223588e-25  -1.70181310e-54
  2.96000000e-06   0.00000000e+00   0.00000000e+00   1.17745240e-12  -7.30757786e-25  -3.98699074e-25  -3.57170714e-54
  3.04000000e-06   0.00000000e+00   0.00000000e+00   6.33503105e-13  -3.93168612e-25  -2.14511517e-25  -1.03398914e-54
  3.12000000e-06   0.00000000e+00   0.00000000e+00   1.06216435e-12  -6.59207001e-25  -3.59661198e-25  -2.90651036e-54
  3.20000000e-06   0.00000000e+00   0.00000000e+00   6.17022474e-13  -3.82940301e-25  -2.08930984e-25  -9.80891706e-55
  3.28000000e-06   0.00000000e+00   0.00000000e+00   9.46876292e-13  -5.87656216e-25  -3.20623322e-25  -2.30979836e-54
  3.36000000e-06   0.00000000e+00   0.00000000e+00   6.00541844e-13  -3.72711991e-25  -2.03350451e-25  -9.29193776e-55
  3.44000000e-06   0.00000000e+00   0.00000000e+00   8.31588237e-13  -5.16105431e-25  -2.81585446e-25  -1.78157114e-54
  3.52000000e-06   0.00000000e+00   0.00000000e+00   9.00131393e-13  -5.58645108e-25  -3.04794956e-25  -2.08736786e-54
  3.60000000e-06   0.00000000e+00   0.00000000e+00  -1.38327816e-14   8.58498642e-27   4.68394070e-27  -4.91782890e-58
  3.68000000e-06   0.00000000e+00   0.00000000e+00   5.66155538e-13  -3.51370949e-25  -1.91706848e-25  -8.25742692e-55
  3.76000000e-06   0.00000000e+00   0.00000000e+00   7.92617352e-13  -4.91919079e-25  -2.68389452e-25  -1.61835820e-54
  3.84000000e-06   0.00000000e+00   0.00000000e+00   2.82202153e-13  -1.75142044e-25  -9.55569304e-26  -2.05256073e-55
  3.92000000e-06   0.00000000e+00   0.00000000e+00   6.51317639e-13  -4.04224778e-25  -2.20543726e-25  -1.09275494e-54
  4.00000000e-06   0.00000000e+00   0.00000000e+00   1.88040671e-13  -1.16702963e-25  -6.36727576e-26  -9.11525954e-56
  4.08000000e-06   0.00000000e+00   0.00000000e+00   5.10017925e-13  -3.16530476e-25  -1.72698000e-25  -6.70026244e-55
  4.16000000e-06   0.00000000e+00   0.00000000e+00   9.38791882e-14  -5.82638820e-26  -3.17885847e-26  -2.27339472e-56
  4.24000000e-06   0.00000000e+00   0.00000000e+00   3.68718211e-13  -2.28836175e-25  -1.24852274e-25  -3.50172112e-55
  4.32000000e-06   0.00000000e+00   0.00000000e+00   2.77872630e-13  -1.72455029e-25  -9.40909036e-26  -1.98982268e-55
  4.40000000e-06   0.00000000e+00   0.00000000e+00   7.25349360e-14  -4.50170802e-26  -2.45611727e-26  -1.35371822e-56
  4.48000000e-06   0.00000000e+00   0.00000000e+00   3.74734613e-13  -2.32570111e-25  -1.26889497e-25  -3.61857455e-55
  4.56000000e-06   0.00000000e+00   0.00000000e+00   7.37440502e-14  -4.57674882e-26  -2.49705929e-26  -1.39925541e-56
  4.64000000e-06   0.00000000e+00   0.00000000e+00   4.71596595e-13  -2.92685193e-25  -1.59688091e-25  -5.73075479e-55
  4.72000000e-06   0.00000000e+00   0.00000000e+00   1.45543616e-13  -9.03281785e-26  -4.92827607e-26  -5.46040633e-56
  4.80000000e-06   0.00000000e+00   0.00000000e+00   4.50041692e-13  -2.79307656e-25  -1.52389350e-25  -5.21687515e-55
  4.88000000e-06   0.00000000e+00   0.00000000e+00   2.42405599e-13  -1.50443261e-25  -8.20813542e-26  -1.51435174e-55
  4.96000000e-06   0.00000000e+00   0.00000000e+00   1.32664839e-13  -8.23352721e-26  -4.49218570e-26  -4.53441097e-56
  5.04000000e-06   0.00000000e+00   0.00000000e+00   5.65549995e-13  -3.50995133e-25  -1.91501804e-25  -8.24014892e-55
  5.12000000e-06   0.00000000e+00   0.00000000e+00   2.06094775e-13  -1.27907813e-25  -6.97860871e-26  -1.09430471e-55
  5.20000000e-06   0.00000000e+00   0.00000000e+00   4.83346230e-13  -2.99977324e-25  -1.63666654e-25  -6.01879179e-55
  5.28000000e-06   0.00000000e+00   0.00000000e+00   2.79524711e-13  -1.73480353e-25  -9.46503172e-26  -2.01299359e-55
  5.36000000e-06   0.00000000e+00   0.00000000e+00   4.01142466e-13  -2.48959516e-25  -1.35831503e-25  -4.14561870e-55
  5.44000000e-06   0.00000000e+00   0.00000000e+00   3.52954647e-13  -2.19052894e-25  -1.19514547e-25  -3.20950773e-55
  5.52000000e-06   0.00000000e+00   0.00000000e+00   3.18938701e-13  -1.97941707e-25  -1.07996352e-25  -2.62062964e-55
  5.60000000e-06   0.00000000e+00   0.00000000e+00   4.26384583e-13  -2.64625435e-25  -1.44378777e-25  -4.68384713e-55
  5.68000000e-06   0.00000000e+00   0.00000000e+00   2.04796966e-13  -1.27102358e-25  -6.93466338e-26  -1.08052259e-55
  5.76000000e-06   0.00000000e+00   0.00000000e+00   2.37526682e-13  -1.47415277e-25  -8.04292965e-26  -1.45343569e-55
  5.84000000e-06   0.00000000e+00   0.00000000e+00   2.92838876e-13  -1.81743473e-25  -9.91586485e-26  -2.20926022e-55
  5.92000000e-06   0.00000000e+00   0.00000000e+00   3.09112063e-13  -1.91843039e-25  -1.04668939e-25  -2.46162353e-55
  6.00000000e-06   0.00000000e+00   0.00000000e+00   3.42342350e-13  -2.12466625e-25  -1.15921100e-25  -3.01925469e-55
  6.08000000e-06   0.00000000e+00   0.00000000e+00   3.97153974e-13  -2.46484154e-25  -1.34480953e-25  -4.06358004e-55
  6.16000000e-06   0.00000000e+00   0.00000000e+00   5.33009018e-13  -3.30799350e-25  -1.80483051e-25  -7.31893728e-55
  6.24000000e-06   0.00000000e+00   0.00000000e+00   4.18581909e-13  -2.59782891e-25  -1.41736701e-25  -4.51420286e-55
  6.32000000e-06   0.00000000e+00   0.00000000e+00   4.54026539e-13  -2.81780756e-25  -1.53738665e-25  -5.31082568e-55
  6.40000000e-06   0.00000000e+00   0.00000000e+00   6.01353184e-13  -3.73215529e-25  -2.03625180e-25  -9.31649450e-55
  6.48000000e-06   0.00000000e+00   0.00000000e+00   4.47029548e-13  -2.77438240e-25  -1.51369403e-25  -5.14839776e-55
  6.56000000e-06   0.00000000e+00   0.00000000e+00   5.97545983e-13  -3.70852681e-25  -2.02336018e-25  -9.19890114e-55
  6.64000000e-06   0.00000000e+00   0.00000000e+00   4.40032556e-13  -2.73095724e-25  -1.49000140e-25  -4.98849244e-55
  6.72000000e-06   0.00000000e+00   0.00000000e+00   5.93738783e-13  -3.68489833e-25  -2.01046855e-25  -9.08205464e-55
  6.80000000e-06   0.00000000e+00   0.00000000e+00   4.33035565e-13  -2.68753208e-25  -1.46630877e-25  -4.83110972e-55
  6.88000000e-06   0.00000000e+00   0.00000000e+00   5.89931582e-13  -3.66126984e-25  -1.99757693e-25  -8.96595499e-55
  6.96000000e-06   0.00000000e+00   0.00000000e+00   1.79814465e-13  -1.11597564e-25  -6.08872686e-26  -8.33056120e-56
  7.04000000e-06   0.00000000e+00   0.00000000e+00  -3.08597145e-14   1.91523467e-26   1.04494581e-26  -2.45543420e-57
  7.12000000e-06   0.00000000e+00   0.00000000e+00   6.83703021e-14  -4.24323994e-26  -2.31509792e-26  -1.20385130e-56
  7.20000000e-06   0.00000000e+00   0.00000000e+00   2.25093841e-13  -1.39699130e-25  -7.62193917e-26  -1.30540804e-55
  7.28000000e-06   0.00000000e+00   0.00000000e+00   7.46442365e-14  -4.63261674e-26  -2.52754064e-26  -1.43497276e-56
  7.36000000e-06   0.00000000e+00   0.00000000e+00   3.19342124e-13  -1.98192082e-25  -1.08132956e-25  -2.62738980e-55
  7.44000000e-06   0.00000000e+00   0.00000000e+00   6.20635742e-13  -3.85182789e-25  -2.10154479e-25  -9.92212132e-55
  7.52000000e-06   0.00000000e+00   0.00000000e+00   2.92590229e-13  -1.81589156e-25  -9.90744538e-26  -2.20626784e-55
  7.60000000e-06  -9.32040682e-14  -2.36815365e-13   5.36343235e-13   8.16984788e-25  -6.34163006e-25  -1.38033321e-25
  7.68000000e-06  -4.28631747e-13  -5.46156113e-13   7.35293647e-13   2.19551030e-24  -2.33019397e-24  -4.50954894e-25
  7.76000000e-06  -1.28492624e-13  -6.11753582e-14   1.37314955e-13   2.11814775e-25  -6.70390440e-25  -1.00460574e-25
  7.84000000e-06   2.92053708e-13   4.09256098e-13   5.86360509e-13  -2.35104750e-24   1.21951390e-24   3.19835050e-25
  7.92000000e-06   2.72896078e-14   1.29925865e-14   2.22797853e-13  -2.01359489e-25   5.70623363e-26   2.13360859e-26
  8.00000000e-06   0.00000000e+00   0.00000000e+00   5.00498060e-13  -3.10622199e-25  -1.69474463e-25  -6.45319590e-55
  8.08000000e-06   0.00000000e+00   0.00000000e+00   3.22146642e-13  -1.99932640e-25  -1.09082599e-25  -2.67383786e-55
  8.16000000e-06   0.00000000e+00   0.00000000e+00   4.42912400e-13  -2.74883031e-25  -1.49975289e-25  -5.05361821e-55
  8.24000000e-06   0.00000000e+00   0.00000000e+00   4.21495432e-13  -2.61591100e-25  -1.42723254e-25  -4.57726395e-55
  8.32000000e-06   0.00000000e+00   0.00000000e+00   4.58133824e-14  -2.84329845e-26  -1.55129440e-26  -5.40167907e-57
  8.40000000e-06   0.00000000e+00   0.00000000e+00  -5.25288051e-13   3.26007517e-25   1.77868642e-25  -7.10831945e-55
  8.48000000e-06   0.00000000e+00   0.00000000e+00   7.49529021e-14  -4.65177333e-26  -2.53799241e-26  -1.44642687e-56
  8.56000000e-06   0.00000000e+00   0.00000000e+00  -4.01465645e-13   2.49160089e-25   1.35940935e-25  -4.15203879e-55
  8.64000000e-06   0.00000000e+00   0.00000000e+00   3.52603624e-13  -2.18835040e-25  -1.19395687e-25  -3.20317750e-55
  8.72000000e-06   0.00000000e+00   0.00000000e+00   3.50032728e-13  -2.17239475e-25  -1.18525152e-25  -3.15650141e-55
  8.80000000e-06   0.00000000e+00   0.00000000e+00   3.76351566e-13  -2.33573635e-25  -1.27437016e-25  -3.64917053e-55
  8.88000000e-06   0.00000000e+00   0.00000000e+00   2.91801804e-13  -1.81099839e-25  -9.88074839e-26  -2.19362951e-55
  8.96000000e-06   0.00000000e+00   0.00000000e+00   4.00099509e-13  -2.48312230e-25  -1.35478346e-25  -4.12422234e-55
  9.04000000e-06   0.00000000e+00   0.00000000e+00   9.18180875e-14  -5.69847089e-26  -3.10906720e-26  -2.17160721e-56
  9.12000000e-06   0.00000000e+00   0.00000000e+00   1.30153755e-13  -8.07768280e-26  -4.40715749e-26  -4.36395765e-56
  9.20000000e-06   0.00000000e+00   0.00000000e+00   1.98042575e-13  -1.22910407e-25  -6.70595186e-26  -1.01036854e-55
  9.28000000e-06   0.00000000e+00   0.00000000e+00   2.11323898e-13  -1.31153144e-25  -7.15567290e-26  -1.15046981e-55
  9.36000000e-06   0.00000000e+00   0.00000000e+00   3.04267062e-13  -1.88836105e-25  -1.03028365e-25  -2.38497596e-55
  9.44000000e-06   0.00000000e+00   0.00000000e+00   3.64014601e-13  -2.25916991e-25  -1.23259576e-25  -3.41362043e-55
  9.52000000e-06   0.00000000e+00   0.00000000e+00   3.26443817e-13  -2.02599579e-25  -1.10537672e-25  -2.74537102e-55
  9.60000000e-06   0.00000000e+00   0.00000000e+00   4.70239089e-13  -2.91842689e-25  -1.59228423e-25  -5.69664428e-55
  9.68000000e-06   0.00000000e+00   0.00000000e+00   7.94233009e-13  -4.92921798e-25  -2.68936532e-25  -1.62524262e-54
  9.76000000e-06   0.00000000e+00   0.00000000e+00   1.20970865e-12  -7.50776855e-25  -4.09621413e-25  -3.77003244e-54
  9.84000000e-06   0.00000000e+00   0.00000000e+00   7.60403854e-13  -4.71926539e-25  -2.57481586e-25  -1.48974574e-54
  9.92000000e-06   0.00000000e+00   0.00000000e+00   4.92120501e-13  -3.05422866e-25  -1.66637724e-25  -6.23943289e-55
  1.00000000e-05   0.00000000e+00   0.00000000e+00   4.35827459e-13  -2.70485931e-25  -1.47576245e-25  -4.89342697e-55
  1.00800000e-05   0.00000000e+00   0.00000000e+00   5.28410607e-13  -3.27945457e-25  -1.78925976e-25  -7.19357528e-55
  1.01600000e-05   0.00000000e+00   0.00000000e+00   4.30645136e-13  -2.67269645e-25  -1.45821450e-25  -4.77774412e-55
  1.02400000e-05   0.00000000e+00   0.00000000e+00   5.64700714e-13  -3.50468047e-25  -1.91214228e-25  -8.21557581e-55
  1.03200000e-05   0.00000000e+00   0.00000000e+00   3.31608116e-13  -2.05804678e-25  -1.12286364e-25  -2.83352243e-55
  1.04000000e-05   0.00000000e+00   0.00000000e+00   4.55150023e-13  -2.82478020e-25  -1.54119090e-25  -5.33645310e-55
  1.04800000e-05   0.00000000e+00   0.00000000e+00   3.75957080e-13  -2.33328806e-25  -1.27303439e-25  -3.64202854e-55
  1.05600000e-05   0.00000000e+00   0.00000000e+00   3.51516032e-13  -2.18160052e-25  -1.19027416e-25  -3.18286733e-55
  1.06400000e-05   0.00000000e+00   0.00000000e+00   5.69007001e-13  -3.53140642e-25  -1.92672387e-25  -8.34044383e-55
  1.07200000e-05   0.00000000e+00   0.00000000e+00   1.73172561e-13  -1.07475425e-25  -5.86382428e-26  -7.72873708e-56
  1.08000000e-05   0.00000000e+00   0.00000000e+00   4.65373011e-13  -2.88822674e-25  -1.57580712e-25  -5.57888083e-55
  1.08800000e-05   0.00000000e+00   0.00000000e+00   2.17521525e-13  -1.34999553e-25  -7.36553177e-26  -1.21933564e-55
  1.09600000e-05   0.00000000e+00   0.00000000e+00   3.61739020e-13  -2.24504706e-25  -1.22489038e-25  -3.37070602e-55
  1.10400000e-05   0.00000000e+00   0.00000000e+00   9.26135575e-13  -5.74783984e-25  -3.13600274e-25  -2.20985304e-54
  1.11200000e-05   0.00000000e+00   0.00000000e+00   1.75351278e-13  -1.08827594e-25  -5.93759818e-26  -7.92186641e-56
  1.12000000e-05   0.00000000e+00   0.00000000e+00   4.88967049e-13  -3.03465752e-25  -1.65569928e-25  -6.15926692e-55
  1.12800000e-05   0.00000000e+00   0.00000000e+00   3.27592675e-13  -2.03312590e-25  -1.10926689e-25  -2.76484893e-55
  1.13600000e-05   0.00000000e+00   0.00000000e+00   5.21476739e-13  -3.23642116e-25  -1.76578087e-25  -7.00553515e-55
  1.14400000e-05   0.00000000e+00   0.00000000e+00   4.79834072e-13  -2.97797587e-25  -1.62477396e-25  -5.93174942e-55
  1.15200000e-05   0.00000000e+00   0.00000000e+00   5.53986429e-13  -3.43818481e-25  -1.87586246e-25  -7.90626006e-55
  1.16000000e-05   0.00000000e+00   0.00000000e+00   6.32075468e-13  -3.92282583e-25  -2.14028103e-25  -1.02928881e-54
  1.16800000e-05   0.00000000e+00   0.00000000e+00   6.95966159e-13  -4.31934818e-25  -2.35662234e-25  -1.24804761e-54
  1.17600000e-05   0.00000000e+00   0.00000000e+00   7.79683856e-13  -4.83892213e-25  -2.64010019e-25  -1.56596058e-54
  1.18400000e-05   0.00000000e+00   0.00000000e+00   1.15094942e-12  -7.14309341e-25  -3.89724856e-25  -3.41250184e-54
  1.19200000e-05   0.00000000e+00   0.00000000e+00   4.29027234e-13  -2.66265534e-25  -1.45273610e-25  -4.74309290e-55
  1.20000000e-05   0.00000000e+00   0.00000000e+00   1.01681511e-12  -6.31062074e-25  -3.44305417e-25  -2.66342074e-54
  1.20800000e-05   0.00000000e+00   0.00000000e+00   5.43289765e-13  -3.37179851e-25  -1.83964231e-25  -7.60562076e-55
  1.21600000e-05   0.00000000e+00   0.00000000e+00   8.82680791e-13  -5.47814808e-25  -2.98885979e-25  -2.00704507e-54
  1.22400000e-05   0.00000000e+00   0.00000000e+00   6.57552295e-13  -4.08094169e-25  -2.22654853e-25  -1.11408667e-54
  1.23200000e-05   0.00000000e+00   0.00000000e+00   4.86566923e-13  -3.01976171e-25  -1.64757218e-25  -6.09941687e-55
  1.24000000e-05   0.00000000e+00   0.00000000e+00   8.86981177e-13  -5.50483739e-25  -3.00342140e-25  -2.02689325e-54
  1.24800000e-05   0.00000000e+00   0.00000000e+00   4.47976567e-13  -2.78025985e-25  -1.51690074e-25  -5.17028413e-55
  1.25600000e-05   0.00000000e+00   0.00000000e+00   7.48205706e-13  -4.64356049e-25  -2.53351152e-25  -1.44226588e-54
  1.26400000e-05   0.00000000e+00   0.00000000e+00   4.09386210e-13  -2.54075800e-25  -1.38622931e-25  -4.31788454e-55
  1.27200000e-05   0.00000000e+00   0.00000000e+00   6.09430236e-13  -3.78228359e-25  -2.06360164e-25  -9.56870312e-55
  1.28000000e-05   0.00000000e+00   0.00000000e+00   3.70795854e-13  -2.30125614e-25  -1.25555787e-25  -3.54221809e-55
  1.28800000e-05   0.00000000e+00   0.00000000e+00   4.70654765e-13  -2.92100669e-25  -1.59369176e-25  -5.70706541e-55
  1.29600000e-05   0.00000000e+00   0.00000000e+00   3.32205497e-13  -2.06175429e-25  -1.12488644e-25  -2.84328480e-55
  1.30400000e-05   0.00000000e+00   0.00000000e+00   1.56884749e-12  -9.73667827e-25  -5.31230003e-25  -6.34044503e-54
  1.31200000e-05   0.00000000e+00   0.00000000e+00  -8.79843141e-14   5.46053687e-26   2.97925118e-26  -1.99149269e-56
  1.32000000e-05   0.00000000e+00   0.00000000e+00   1.52723864e-12  -9.47844280e-25  -5.17140760e-25  -6.00856934e-54
  1.32800000e-05   0.00000000e+00   0.00000000e+00   1.12085299e-14  -6.95630709e-27  -3.79533855e-27  -3.27341225e-58
  1.33600000e-05   0.00000000e+00   0.00000000e+00   1.48562978e-12  -9.22020733e-25  -5.03051517e-25  -5.68561430e-54
  1.34400000e-05   0.00000000e+00   0.00000000e+00   1.10401374e-13  -6.85179829e-26  -3.73831889e-26  -3.14372064e-56
  1.35200000e-05   0.00000000e+00   0.00000000e+00   1.44402092e-12  -8.96197187e-25  -4.88962273e-25  -5.37157993e-54
  1.36000000e-05   0.00000000e+00   0.00000000e+00   7.26181171e-13  -4.50687046e-25  -2.45893388e-25  -1.35833759e-54
  1.36800000e-05   0.00000000e+00   0.00000000e+00   1.44895796e-12  -8.99261242e-25  -4.90634012e-25  -5.40811140e-54
  1.37600000e-05   0.00000000e+00   0.00000000e+00   1.26372902e-13  -7.84303312e-26  -4.27913339e-26  -4.12134101e-56
  1.38400000e-05   0.00000000e+00   0.00000000e+00   1.16354011e-12  -7.22123456e-25  -3.93988211e-25  -3.48723908e-54
  1.39200000e-05   0.00000000e+00   0.00000000e+00   3.37913789e-13  -2.09718144e-25  -1.14421538e-25  -2.94362370e-55
  1.40000000e-05   0.00000000e+00   0.00000000e+00   8.78122269e-13  -5.44985669e-25  -2.97342410e-25  -1.98611384e-54
  1.40800000e-05   0.00000000e+00   0.00000000e+00   5.49454677e-13  -3.41005957e-25  -1.86051742e-25  -7.78087320e-55
  1.41600000e-05   0.00000000e+00   0.00000000e+00   5.92704424e-13  -3.67847883e-25  -2.00696610e-25  -9.04735673e-55
  1.42400000e-05   0.00000000e+00   0.00000000e+00   1.41184683e-12  -8.76229105e-25  -4.78067753e-25  -5.13461179e-54
  1.43200000e-05   0.00000000e+00   0.00000000e+00  -9.50853214e-14   5.90124398e-26   3.21969954e-26  -2.32404391e-56
  1.44000000e-05   0.00000000e+00   0.00000000e+00   5.66464198e-14  -3.51562511e-26  -1.91811364e-26  -8.27771207e-57
  1.44800000e-05   0.00000000e+00   0.00000000e+00   1.58810627e-12  -9.85620326e-25  -5.37751248e-25  -6.49739560e-54
  1.45600000e-05   0.00000000e+00   0.00000000e+00   1.60878417e-13  -9.98453572e-26  -5.44753025e-26  -6.67101215e-56
  1.46400000e-05   0.00000000e+00   0.00000000e+00   1.33513610e-12  -8.28620416e-25  -4.52092607e-25  -4.59228017e-54
  1.47200000e-05   0.00000000e+00   0.00000000e+00   2.65110414e-13  -1.64534463e-25  -8.97694686e-26  -1.81121843e-55
  1.48000000e-05   0.00000000e+00   0.00000000e+00   5.40691528e-13  -3.35567318e-25  -1.83084438e-25  -7.53172501e-55
  1.48800000e-05   0.00000000e+00   0.00000000e+00   5.26482617e-13  -3.26748896e-25  -1.78273136e-25  -7.14099842e-55
  1.49600000e-05   0.00000000e+00   0.00000000e+00   6.08934146e-13  -3.77920473e-25  -2.06192182e-25  -9.55291676e-55
  1.50400000e-05   0.00000000e+00   0.00000000e+00   5.36683859e-13  -3.33080053e-25  -1.81727395e-25  -7.42032929e-55
  1.51200000e-05   0.00000000e+00   0.00000000e+00   4.71807186e-13  -2.92815891e-25  -1.59759399e-25  -5.73500332e-55
  1.52000000e-05   0.00000000e+00   0.00000000e+00   5.60063592e-13  -3.47590127e-25  -1.89644044e-25  -8.08092697e-55
  1.52800000e-05   0.00000000e+00   0.00000000e+00   4.61342478e-13  -2.86321220e-25  -1.56215927e-25  -5.48342196e-55
  1.53600000e-05   0.00000000e+00   0.00000000e+00   4.21669454e-13  -2.61699102e-25  -1.42782180e-25  -4.58089081e-55
  1.54400000e-05   0.00000000e+00   0.00000000e+00   6.29573861e-13  -3.90730020e-25  -2.13181030e-25  -1.02112960e-54
  1.55200000e-05   0.00000000e+00   0.00000000e+00   4.11204746e-13  -2.55204431e-25  -1.39238708e-25  -4.35634389e-55
  1.56000000e-05   0.00000000e+00   0.00000000e+00   6.52953593e-13  -4.05240094e-25  -2.21097679e-25  -1.09837946e-54
  1.56800000e-05   0.00000000e+00   0.00000000e+00   1.56815767e-12  -9.73239701e-25  -5.30996419e-25  -6.33537438e-54
  1.57600000e-05   0.00000000e+00   0.00000000e+00   1.38300226e-12  -8.58327411e-25  -4.68300647e-25  -4.92772008e-54
  1.58400000e-05   0.00000000e+00   0.00000000e+00   1.53207487e-12  -9.50845771e-25  -5.18778363e-25  -6.04717794e-54
  1.59200000e-05   0.00000000e+00   0.00000000e+00   1.37200919e-12  -8.51504823e-25  -4.64578265e-25  -4.84969390e-54
  1.60000000e-05   0.00000000e+00   0.00000000e+00   6.84278002e-13  -4.24680843e-25  -2.31704488e-25  -1.20629220e-54
  1.60800000e-05   0.00000000e+00   0.00000000e+00   8.78153087e-13  -5.45004796e-25  -2.97352846e-25  -1.98668242e-54
  1.61600000e-05   0.00000000e+00   0.00000000e+00   8.50780925e-13  -5.28016915e-25  -2.88084313e-25  -1.86476638e-54
  1.62400000e-05   0.00000000e+00   0.00000000e+00   9.34130912e-13  -5.79746100e-25  -3.16307588e-25  -2.24803941e-54
  1.63200000e-05   0.00000000e+00   0.00000000e+00   1.01728385e-12  -6.31352988e-25  -3.44464139e-25  -2.66608692e-54
  1.64000000e-05   0.00000000e+00   0.00000000e+00   1.41627090e-12  -8.78974796e-25  -4.79565793e-25  -5.16754171e-54
  1.64800000e-05   0.00000000e+00   0.00000000e+00   1.23899942e-12  -7.68955478e-25  -4.19539610e-25  -3.95504854e-54
  1.65600000e-05   0.00000000e+00   0.00000000e+00   1.07731495e-12  -6.68609860e-25  -3.64791367e-25  -2.99017845e-54
  1.66400000e-05   0.00000000e+00   0.00000000e+00   1.36548096e-12  -8.47453230e-25  -4.62367729e-25  -4.80355173e-54
  1.67200000e-05   0.00000000e+00   0.00000000e+00   9.65698530e-13  -5.99337790e-25  -3.26996751e-25  -2.40268458e-54
  1.68000000e-05   0.00000000e+00   0.00000000e+00   1.26103682e-12  -7.82632464e-25  -4.27001730e-25  -4.09681504e-54
  1.68800000e-05   0.00000000e+00   0.00000000e+00   8.54082113e-13  -5.30065719e-25  -2.89202134e-25  -1.87938280e-54
  1.69600000e-05   0.00000000e+00   0.00000000e+00   1.15659268e-12  -7.17811699e-25  -3.91635731e-25  -3.44628577e-54
  1.70400000e-05   0.00000000e+00   0.00000000e+00   1.65044161e-13  -1.02430727e-25  -5.58858721e-26  -7.01936667e-56
  1.71200000e-05   0.00000000e+00   0.00000000e+00   1.55504744e-13  -9.65103155e-26  -5.26557145e-26  -6.22819380e-56
  1.72000000e-05   0.00000000e+00   0.00000000e+00   2.24639890e-13  -1.39417397e-25  -7.60656788e-26  -1.30030207e-55
  1.72800000e-05   0.00000000e+00   0.00000000e+00   9.47325209e-13  -5.87934825e-25  -3.20775331e-25  -2.31190524e-54
  1.73600000e-05   0.00000000e+00   0.00000000e+00   6.01910959e-13  -3.73561699e-25  -2.03814049e-25  -9.33510850e-55
  1.74400000e-05   0.00000000e+00   0.00000000e+00   7.51520503e-13  -4.66413299e-25  -2.54473580e-25  -1.45494762e-54
  1.75200000e-05   0.00000000e+00   0.00000000e+00   5.50647126e-13  -3.41746022e-25  -1.86455519e-25  -7.81280805e-55
  1.76000000e-05   0.00000000e+00   0.00000000e+00   5.55715797e-13  -3.44891772e-25  -1.88171830e-25  -7.95537568e-55
  1.76800000e-05   0.00000000e+00   0.00000000e+00   4.99383292e-13  -3.09930345e-25  -1.69096989e-25  -6.42591661e-55
  1.77600000e-05   0.00000000e+00   0.00000000e+00   5.29080738e-13  -3.28361357e-25  -1.79152890e-25  -7.21153083e-55
  1.78400000e-05   0.00000000e+00   0.00000000e+00   1.37569340e-13  -8.53791338e-26  -4.65825780e-26  -4.87558811e-56
  1.79200000e-05   0.00000000e+00   0.00000000e+00   5.72135861e-13  -3.55082494e-25  -1.93731855e-25  -8.43301352e-55
  1.80000000e-05   0.00000000e+00   0.00000000e+00   2.40032353e-13  -1.48970362e-25  -8.12777455e-26  -1.48432252e-55
  1.80800000e-05   0.00000000e+00   0.00000000e+00   6.15190984e-13  -3.81803630e-25  -2.08310820e-25  -9.75001199e-55
  1.81600000e-05   0.00000000e+00   0.00000000e+00   3.42495365e-13  -2.12561590e-25  -1.15972913e-25  -3.02203942e-55
  1.82400000e-05   0.00000000e+00   0.00000000e+00   6.58246106e-13  -4.08524766e-25  -2.22889785e-25  -1.11625262e-54
  1.83200000e-05   0.00000000e+00   0.00000000e+00   4.44958378e-13  -2.76152818e-25  -1.50668080e-25  -5.10070950e-55
  1.84000000e-05   0.00000000e+00   0.00000000e+00   9.48611901e-13  -5.88733380e-25  -3.21211019e-25  -2.31824401e-54
  1.84800000e-05   0.00000000e+00   0.00000000e+00   4.57419338e-13  -2.83886417e-25  -1.54887507e-25  -5.39094608e-55
  1.85600000e-05   0.00000000e+00   0.00000000e+00   7.30622854e-13  -4.53443671e-25  -2.47397393e-25  -1.37515170e-54
  1.86400000e-05   0.00000000e+00   0.00000000e+00   5.77990879e-13  -3.58716272e-25  -1.95714432e-25  -8.60735008e-55
  1.87200000e-05   0.00000000e+00   0.00000000e+00   6.90497628e-13  -4.28540905e-25  -2.33810526e-25  -1.22824970e-54
  1.88000000e-05   0.00000000e+00   0.00000000e+00   6.98562421e-13  -4.33546126e-25  -2.36541358e-25  -1.25728114e-54
  1.88800000e-05   0.00000000e+00   0.00000000e+00   6.50372403e-13  -4.03638140e-25  -2.20223658e-25  -1.08964354e-54
  1.89600000e-05   0.00000000e+00   0.00000000e+00   8.61238097e-13  -5.34506910e-25  -2.91625233e-25  -1.91080040e-54
  1.90400000e-05   0.00000000e+00   0.00000000e+00   1.10697640e-12  -6.87018534e-25  -3.74835080e-25  -3.15692845e-54
  1.91200000e-05   0.00000000e+00   0.00000000e+00   6.12292689e-13  -3.80004873e-25  -2.07329424e-25  -9.65914389e-55
  1.92000000e-05   0.00000000e+00   0.00000000e+00   9.81680199e-13  -6.09256432e-25  -3.32408330e-25  -2.48271650e-54
  1.92800000e-05   0.00000000e+00   0.00000000e+00   6.06527916e-13  -3.76427103e-25  -2.05377405e-25  -9.47812244e-55
  1.93600000e-05   0.00000000e+00   0.00000000e+00   8.56383999e-13  -5.31494330e-25  -2.89981580e-25  -1.88939574e-54
  1.94400000e-05   0.00000000e+00   0.00000000e+00   6.00763143e-13  -3.72849334e-25  -2.03425385e-25  -9.29881333e-55
  1.95200000e-05   0.00000000e+00   0.00000000e+00   7.31087799e-13  -4.53732228e-25  -2.47554829e-25  -1.37696617e-54
  1.96000000e-05   0.00000000e+00   0.00000000e+00   5.94998369e-13  -3.69271565e-25  -2.01473366e-25  -9.12121656e-55
  1.96800000e-05   0.00000000e+00   0.00000000e+00   6.05791600e-13  -3.75970126e-25  -2.05128079e-25  -9.45427793e-55
  1.97600000e-05   0.00000000e+00   0.00000000e+00   6.00160446e-13  -3.72475285e-25  -2.03221305e-25  -9.28006046e-55
  1.98400000e-05   0.00000000e+00   0.00000000e+00   5.75712665e-13  -3.57302352e-25  -1.94943002e-25  -8.53857708e-55
  1.99200000e-05   0.00000000e+00   0.00000000e+00   6.09302965e-13  -3.78149371e-25  -2.06317068e-25  -9.56494196e-55
  2.00000000e-05   0.00000000e+00   0.00000000e+00   5.66640634e-13  -3.51672012e-25  -1.91871107e-25  -8.27159042e-55
  2.00800000e-05   0.00000000e+00   0.00000000e+00   6.18445483e-13  -3.83823458e-25  -2.09412831e-25  -9.85413028e-55
  2.01600000e-05   0.00000000e+00   0.00000000e+00   5.04444208e-13  -3.13071282e-25  -1.70810674e-25  -6.55611042e-55
  2.02400000e-05   0.00000000e+00   0.00000000e+00   6.71605122e-13  -4.16815721e-25  -2.27413303e-25  -1.16199700e-54
  2.03200000e-05   0.00000000e+00   0.00000000e+00   5.13586727e-13  -3.18745368e-25  -1.73906437e-25  -6.79590227e-55
  2.04000000e-05   0.00000000e+00   0.00000000e+00   4.08937880e-13  -2.53797554e-25  -1.38471121e-25  -4.30930415e-55
  2.04800000e-05   0.00000000e+00   0.00000000e+00   1.54623859e-12  -9.59636148e-25  -5.23574364e-25  -6.15915819e-54
  2.05600000e-05   0.00000000e+00   0.00000000e+00   4.96158158e-13  -3.07928742e-25  -1.68004921e-25  -6.34330632e-55
  2.06400000e-05   0.00000000e+00   0.00000000e+00   1.49993061e-12  -9.30896205e-25  -5.07893945e-25  -5.79575267e-54
  2.07200000e-05   0.00000000e+00   0.00000000e+00   5.83378436e-13  -3.62059930e-25  -1.97538722e-25  -8.76928529e-55
  2.08000000e-05   0.00000000e+00   0.00000000e+00   1.45362264e-12  -9.02156263e-25  -4.92213526e-25  -5.44339652e-54
  2.08800000e-05   0.00000000e+00   0.00000000e+00   6.70598715e-13  -4.16191119e-25  -2.27072522e-25  -1.15872411e-54
  2.09600000e-05   0.00000000e+00   0.00000000e+00   9.87235354e-13  -6.12704106e-25  -3.34289370e-25  -2.51114788e-54
  2.10400000e-05   0.00000000e+00   0.00000000e+00   8.68931253e-13  -5.39281484e-25  -2.94230225e-25  -1.94500145e-54
  2.11200000e-05   0.00000000e+00   0.00000000e+00   1.15175603e-12  -7.14809947e-25  -3.89997984e-25  -3.41758415e-54
  2.12000000e-05   0.00000000e+00   0.00000000e+00   7.91120334e-13  -4.90989991e-25  -2.67882544e-25  -1.61246227e-54
  2.12800000e-05   0.00000000e+00   0.00000000e+00   7.25360717e-13  -4.50177851e-25  -2.45615573e-25  -1.35554316e-54
  2.13600000e-05   0.00000000e+00   0.00000000e+00   9.68823082e-13  -6.01276969e-25  -3.28054760e-25  -2.41817488e-54
  2.14400000e-05   0.00000000e+00   0.00000000e+00   6.88200509e-13  -4.27115253e-25  -2.33032694e-25  -1.22021342e-54
  2.15200000e-05   0.00000000e+00   0.00000000e+00   8.15414774e-13  -5.06067756e-25  -2.76108923e-25  -1.71299669e-54
  2.16000000e-05   0.00000000e+00   0.00000000e+00   6.51040301e-13  -4.04052655e-25  -2.20449816e-25  -1.09199879e-54
  2.16800000e-05   0.00000000e+00   0.00000000e+00   6.62006465e-13  -4.10858543e-25  -2.24163086e-25  -1.12908008e-54
  2.17600000e-05   0.00000000e+00   0.00000000e+00   5.84617591e-13  -3.62828982e-25  -1.97958314e-25  -8.80511942e-55
  2.18400000e-05   0.00000000e+00   0.00000000e+00   6.90212543e-13  -4.28363974e-25  -2.33713992e-25  -1.22731535e-54
  2.19200000e-05   0.00000000e+00   0.00000000e+00   6.19725073e-13  -3.84617605e-25  -2.09846115e-25  -9.89440882e-55
  2.20000000e-05   0.00000000e+00   0.00000000e+00   7.60835560e-13  -4.72194467e-25  -2.57627767e-25  -1.49132583e-54
  2.20800000e-05   0.00000000e+00   0.00000000e+00   6.54832555e-13  -4.06406227e-25  -2.21733917e-25  -1.10472057e-54
  2.21600000e-05   0.00000000e+00   0.00000000e+00   7.56932204e-13  -4.69771942e-25  -2.56306045e-25  -1.47616650e-54
  2.22400000e-05   0.00000000e+00   0.00000000e+00   7.17740315e-13  -4.45448430e-25  -2.43035216e-25  -1.32711595e-54
  2.23200000e-05   0.00000000e+00   0.00000000e+00   7.46870451e-13  -4.63527355e-25  -2.52899019e-25  -1.43718370e-54
  2.24000000e-05   0.00000000e+00   0.00000000e+00   7.55179934e-13  -4.68684437e-25  -2.55712706e-25  -1.46911811e-54
  2.24800000e-05   0.00000000e+00   0.00000000e+00   1.03070131e-12  -6.39680216e-25  -3.49007448e-25  -2.73673076e-54
  2.25600000e-05   0.00000000e+00   0.00000000e+00   5.35160867e-13  -3.32134844e-25  -1.81211692e-25  -7.37945986e-55
  2.26400000e-05   0.00000000e+00   0.00000000e+00   9.75757541e-13  -6.05580676e-25  -3.30402849e-25  -2.45272364e-54
  2.27200000e-05   0.00000000e+00   0.00000000e+00   5.45350334e-13  -3.38458695e-25  -1.84661964e-25  -7.66312511e-55
  2.28000000e-05   0.00000000e+00   0.00000000e+00   9.20813773e-13  -5.71481135e-25  -3.11798250e-25  -2.18427124e-54
  2.28800000e-05   0.00000000e+00   0.00000000e+00   5.55539802e-13  -3.44782545e-25  -1.88112236e-25  -7.95214004e-55
  2.29600000e-05   0.00000000e+00   0.00000000e+00   8.65870005e-13  -5.37381594e-25  -2.93193651e-25  -1.93137357e-54
  2.30400000e-05   0.00000000e+00   0.00000000e+00   5.65729269e-13  -3.51106395e-25  -1.91562508e-25  -8.24650467e-55
  2.31200000e-05   0.00000000e+00   0.00000000e+00   4.51237761e-14  -2.80049968e-26  -1.52794352e-26  -5.24995292e-57
  2.32000000e-05   0.00000000e+00   0.00000000e+00   1.22875009e-12  -7.62594475e-25  -4.16069068e-25  -3.88960088e-54
  2.32800000e-05   0.00000000e+00   0.00000000e+00   1.19434398e-13  -7.41241140e-26  -4.04418758e-26  -3.67609054e-56
  2.33600000e-05   0.00000000e+00   0.00000000e+00   1.26095550e-12  -7.82581994e-25  -4.26974193e-25  -4.09616914e-54
  2.34400000e-05   0.00000000e+00   0.00000000e+00   7.15473082e-13  -4.44041326e-25  -2.42267505e-25  -1.31849884e-54
  2.35200000e-05   0.00000000e+00   0.00000000e+00   8.77151608e-13  -5.44383252e-25  -2.97013733e-25  -1.98258490e-54
  2.36000000e-05   0.00000000e+00   0.00000000e+00   5.39671483e-13  -3.34934251e-25  -1.82739039e-25  -7.50099316e-55
  2.36800000e-05   0.00000000e+00   0.00000000e+00   1.21369080e-12  -7.53248284e-25  -4.10969816e-25  -3.79447121e-54
  2.37600000e-05   0.00000000e+00   0.00000000e+00   1.63001499e-12  -1.01162998e-24  -5.51942029e-25  -6.84487093e-54
  2.38400000e-05   0.00000000e+00   0.00000000e+00   1.96873349e-13  -1.22184755e-25  -6.66636052e-26  -9.98829101e-56
  2.39200000e-05   0.00000000e+00   0.00000000e+00   1.51343552e-12  -9.39277706e-25  -5.12466864e-25  -5.90077262e-54
  2.40000000e-05   0.00000000e+00   0.00000000e+00   2.73078318e-13  -1.69479553e-25  -9.24674935e-26  -1.92157683e-55
  2.40800000e-05   0.00000000e+00   0.00000000e+00   1.39685605e-12  -8.66925433e-25  -4.72991699e-25  -5.02670197e-54
  2.41600000e-05   0.00000000e+00   0.00000000e+00   3.49283286e-13  -2.16774352e-25  -1.18271382e-25  -3.14354552e-55
  2.42400000e-05   0.00000000e+00   0.00000000e+00   1.28027658e-12  -7.94573160e-25  -4.33516534e-25  -4.22265898e-54
  2.43200000e-05   0.00000000e+00   0.00000000e+00   4.25488255e-13  -2.64069150e-25  -1.44075270e-25  -4.66473517e-55
  2.44000000e-05   0.00000000e+00   0.00000000e+00   5.52519161e-13  -3.42907856e-25  -1.87089412e-25  -7.86335665e-55
  2.44800000e-05   0.00000000e+00   0.00000000e+00   4.10491739e-13  -2.54761920e-25  -1.38997276e-25  -4.34226157e-55
  2.45600000e-05   0.00000000e+00   0.00000000e+00   4.70683867e-13  -2.92118731e-25  -1.59379030e-25  -5.70633979e-55
  2.46400000e-05  -2.32839014e-07  -1.93011290e-07   5.19551680e-13   9.37163020e-19  -1.13054642e-18  -2.09862635e-19
  2.47200000e-05  -2.12759852e-06  -1.75877762e-06   8.50987153e-13   8.53971316e-18  -1.03305173e-17  -1.91603602e-18
  2.48000000e-05  -3.02747336e-06  -2.50574529e-06   4.80520898e-13   1.21665782e-17  -1.46998152e-17  -2.72773290e-18
  2.48800000e-05  -3.09007068e-07  -2.54758608e-07   8.99859140e-14   1.23697211e-18  -1.50037384e-18  -2.78090670e-19
  2.49600000e-05   0.00000000e+00   0.00000000e+00   0.00000000e+00  -0.00000000e+00   0.00000000e+00   0.00000000e+00
