       time             b_x              b_y              b_z              F_x              F_y              F_z
  0.00000000e+00   0.00000000e+00   0.00000000e+00   0.00000000e+00  -0.00000000e+00   0.00000000e+00   0.00000000e+00
  8.00000000e-08   0.00000000e+00   0.00000000e+00   0.00000000e+00  -0.00000000e+00   0.00000000e+00   0.00000000e+00
  1.60000000e-07   0.00000000e+00   0.00000000e+00   0.00000000e+00  -0.00000000e+00   0.00000000e+00   0.00000000e+00
  2.40000000e-07   0.00000000e+00   0.00000000e+00   0.00000000e+00  -0.00000000e+00   0.00000000e+00   0.00000000e+00
  3.20000000e-07   0.00000000e+00   0.00000000e+00   0.00000000e+00  -0.00000000e+00   0.00000000e+00   0.00000000e+00
  4.00000000e-07   0.00000000e+00   0.00000000e+00   0.00000000e+00  -0.00000000e+00   0.00000000e+00   0.00000000e+00
  4.80000000e-07   0.00000000e+00   0.00000000e+00   0.00000000e+00  -0.00000000e+00   0.00000000e+00   0.00000000e+00
  5.60000000e-07   0.00000000e+00   0.00000000e+00   0.00000000e+00  -0.00000000e+00   0.00000000e+00   0.00000000e+00
  6.40000000e-07   1.44951189e-06   1.01186104e-06   7.76730338e-15  -3.98625440e-18   5.71039193e-18   4.65964821e-18
  7.20000000e-07   2.33266312e-06   1.63503990e-06   1.39619621e-13  -6.44130501e-18   9.18961893e-18   7.51561932e-18
  8.00000000e-07   4.92239565e-07   3.45342896e-07   3.71552920e-14  -1.36050413e-18   1.93921436e-18   1.58672356e-18
  8.80000000e-07   3.00898399e-06   2.12363491e-06   9.00590606e-14  -8.36628362e-18   1.18542092e-17   9.73135438e-18
  9.60000000e-07  -5.12833566e-07  -3.62387762e-07   1.33188252e-12   1.42766903e-18  -2.02037399e-18  -1.65968039e-18
  1.04000000e-06  -6.07028859e-14  -9.37980153e-14   3.14253141e-13  -8.15832129e-26  -1.03998317e-24  -3.26172378e-25
  1.12000000e-06   5.39197457e-13  -5.28974050e-14  -9.20407045e-14   3.40520945e-25   2.35879076e-24   6.39218463e-25
  1.20000000e-06  -2.03287431e-14  -3.21678417e-14   4.64406670e-13  -5.39929303e-25  -1.26357248e-24  -1.11157929e-25
  1.28000000e-06   0.00000000e+00   0.00000000e+00   6.70676340e-13  -9.62759895e-25  -1.70913843e-24  -1.60918215e-53
  1.36000000e-06   0.00000000e+00   0.00000000e+00   4.40214126e-13  -6.31930009e-25  -1.12183304e-24  -6.93336150e-54
  1.44000000e-06   0.00000000e+00   0.00000000e+00  -3.99737233e-14   5.73825188e-26   1.01868252e-25  -5.70609281e-56
  1.52000000e-06   0.00000000e+00   0.00000000e+00   4.04224292e-13  -5.80266387e-25  -1.03011726e-24  -5.84631431e-54
  1.60000000e-06   0.00000000e+00   0.00000000e+00  -2.78927744e-13   4.00402444e-25   7.10813991e-25  -2.78291339e-54
  1.68000000e-06   0.00000000e+00   0.00000000e+00   5.43195975e-13  -7.79761069e-25  -1.38426997e-24  -1.05548720e-53
  1.76000000e-06   0.00000000e+00   0.00000000e+00   8.80594234e-13  -1.26409829e-24  -2.24408907e-24  -2.77406989e-53
  1.84000000e-06   0.00000000e+00   0.00000000e+00   8.16988281e-13  -1.17279156e-24  -2.08199691e-24  -2.38775639e-53
  1.92000000e-06   0.00000000e+00   0.00000000e+00   9.28121362e-13  -1.33232376e-24  -2.36520627e-24  -3.08189982e-53
  2.00000000e-06   0.00000000e+00   0.00000000e+00   1.17748776e-12  -1.69029071e-24  -3.00068670e-24  -4.96021983e-53
  2.08000000e-06   0.00000000e+00   0.00000000e+00   1.38572710e-12  -1.98921953e-24  -3.53135975e-24  -6.86983691e-53
  2.16000000e-06   0.00000000e+00   0.00000000e+00   8.35795458e-13  -1.19978938e-24  -2.12992475e-24  -2.49938213e-53
  2.24000000e-06   0.00000000e+00   0.00000000e+00   7.26477504e-13  -1.04286280e-24  -1.85134102e-24  -1.88825926e-53
  2.32000000e-06   0.00000000e+00   0.00000000e+00   3.62668202e-13  -5.20612371e-25  -9.24216531e-25  -4.70683595e-54
  2.40000000e-06   0.00000000e+00   0.00000000e+00   1.93338777e-14  -2.77538970e-26  -4.92700746e-26  -1.34329436e-56
  2.48000000e-06   0.00000000e+00   0.00000000e+00   3.71492520e-13  -5.33279732e-25  -9.46704250e-25  -4.93864267e-54
  2.56000000e-06   0.00000000e+00   0.00000000e+00   2.50401277e-13  -3.59452530e-25  -6.38117703e-25  -2.24378871e-54
  2.64000000e-06   0.00000000e+00   0.00000000e+00   2.42198245e-13  -3.47677029e-25  -6.17213257e-25  -2.09838956e-54
  2.72000000e-06   0.00000000e+00   0.00000000e+00   2.86437492e-13  -4.11182732e-25  -7.29951686e-25  -2.93569371e-54
  2.80000000e-06   0.00000000e+00   0.00000000e+00   2.76038493e-13  -3.96254906e-25  -7.03451080e-25  -2.72648041e-54
  2.88000000e-06   0.00000000e+00   0.00000000e+00   1.51252929e-13  -2.17124484e-25  -3.85449998e-25  -8.18392890e-55
  2.96000000e-06   0.00000000e+00   0.00000000e+00   5.76111738e-13  -8.27011844e-25  -1.46815185e-24  -1.18760088e-53
  3.04000000e-06   0.00000000e+00   0.00000000e+00   3.69207166e-13  -5.29999093e-25  -9.40880299e-25  -4.87718791e-54
  3.12000000e-06   0.00000000e+00   0.00000000e+00   5.06292958e-13  -7.26786567e-25  -1.29022704e-24  -9.16833931e-54
  3.20000000e-06   0.00000000e+00   0.00000000e+00   1.43705180e-13  -2.06289645e-25  -3.66215461e-25  -7.39313159e-55
  3.28000000e-06   0.00000000e+00   0.00000000e+00   7.46445560e-13  -1.07152706e-24  -1.90222722e-24  -1.99366199e-53
  3.36000000e-06   0.00000000e+00   0.00000000e+00   1.32203778e-13  -1.89779314e-25  -3.36905516e-25  -6.25400153e-55
  3.44000000e-06   0.00000000e+00   0.00000000e+00  -6.76787025e-14   9.71531820e-26   1.72471078e-25  -1.64043394e-55
  3.52000000e-06   0.00000000e+00   0.00000000e+00   6.60058206e-13  -9.47517500e-25  -1.68207938e-24  -1.55865797e-53
  3.60000000e-06   0.00000000e+00   0.00000000e+00   9.36125809e-13  -1.34381419e-24  -2.38560465e-24  -3.13517242e-53
  3.68000000e-06   0.00000000e+00   0.00000000e+00   7.89899369e-13  -1.13390527e-24  -2.01296406e-24  -2.23233859e-53
  3.76000000e-06   0.00000000e+00   0.00000000e+00   1.12625272e-12  -1.61674251e-24  -2.87012034e-24  -4.53811453e-53
  3.84000000e-06   0.00000000e+00   0.00000000e+00   5.79531338e-13  -8.31920701e-25  -1.47686629e-24  -1.20189283e-53
  3.92000000e-06   0.00000000e+00   0.00000000e+00   4.20570872e-13  -6.03732002e-25  -1.07177456e-24  -6.32814064e-54
  4.00000000e-06   0.00000000e+00   0.00000000e+00   6.86053434e-13  -9.84833806e-25  -1.74832511e-24  -1.68382344e-53
  4.08000000e-06   0.00000000e+00   0.00000000e+00   8.54510260e-13  -1.22665459e-24  -2.17761718e-24  -2.61228456e-53
  4.16000000e-06   0.00000000e+00   0.00000000e+00   4.42724567e-13  -6.35533762e-25  -1.12823060e-24  -7.01366919e-54
  4.24000000e-06   0.00000000e+00   0.00000000e+00   1.52596792e-12  -2.19053607e-24  -3.88874672e-24  -8.33054025e-53
  4.32000000e-06   0.00000000e+00   0.00000000e+00   1.89035941e-13  -2.71362223e-25  -4.81735484e-25  -1.27918418e-54
  4.40000000e-06   0.00000000e+00   0.00000000e+00  -2.23633913e-13   3.21027820e-25   5.69904278e-25  -1.78847255e-54
  4.48000000e-06   0.00000000e+00   0.00000000e+00   4.97950818e-13  -7.14811376e-25  -1.26896810e-24  -8.87188879e-54
  4.56000000e-06   0.00000000e+00   0.00000000e+00   6.52471364e-13  -9.36626543e-25  -1.66274523e-24  -1.52301773e-53
  4.64000000e-06   0.00000000e+00   0.00000000e+00   5.84114170e-13  -8.38499383e-25  -1.48854509e-24  -1.22077199e-53
  4.72000000e-06   0.00000000e+00   0.00000000e+00   4.13313890e-13  -5.93314559e-25  -1.05328101e-24  -6.11240597e-54
  4.80000000e-06   0.00000000e+00   0.00000000e+00   8.44307256e-13  -1.21200811e-24  -2.15161605e-24  -2.55025321e-53
  4.88000000e-06   0.00000000e+00   0.00000000e+00   3.01141448e-13  -4.32290349e-25  -7.67422959e-25  -3.24475624e-54
  4.96000000e-06   0.00000000e+00   0.00000000e+00   1.05346533e-12  -1.51225577e-24  -2.68463038e-24  -3.97055700e-53
  5.04000000e-06   0.00000000e+00   0.00000000e+00   1.01835468e-12  -1.46185423e-24  -2.59515508e-24  -3.71030141e-53
  5.12000000e-06   0.00000000e+00   0.00000000e+00   7.48925263e-13  -1.07508669e-24  -1.90854645e-24  -2.00674858e-53
  5.20000000e-06   0.00000000e+00   0.00000000e+00   6.12376691e-13  -8.79070401e-25  -1.56056875e-24  -1.34176192e-53
  5.28000000e-06   0.00000000e+00   0.00000000e+00   6.56120005e-13  -9.41864189e-25  -1.67204335e-24  -1.53999101e-53
  5.36000000e-06   0.00000000e+00   0.00000000e+00   9.92697640e-13  -1.42502340e-24  -2.52977119e-24  -3.52536827e-53
  5.44000000e-06   0.00000000e+00   0.00000000e+00   6.16685125e-13  -8.85255183e-25  -1.57154827e-24  -1.36078144e-53
  5.52000000e-06   0.00000000e+00   0.00000000e+00   7.20208968e-13  -1.03386428e-24  -1.83536641e-24  -1.85574654e-53
  5.60000000e-06   0.00000000e+00   0.00000000e+00   5.87810328e-13  -8.43805239e-25  -1.49796431e-24  -1.23599068e-53
  5.68000000e-06   0.00000000e+00   0.00000000e+00   9.02713799e-13  -1.29585105e-24  -2.30045814e-24  -2.91562567e-53
  5.76000000e-06   0.00000000e+00   0.00000000e+00   4.75458383e-13  -6.82523352e-25  -1.21164882e-24  -8.08980813e-54
  5.84000000e-06   0.00000000e+00   0.00000000e+00   1.40181772e-12  -2.01231772e-24  -3.57236478e-24  -7.02981181e-53
  5.92000000e-06   0.00000000e+00   0.00000000e+00   7.19349357e-13  -1.03263030e-24  -1.83317579e-24  -1.85102374e-53
  6.00000000e-06   0.00000000e+00   0.00000000e+00   9.17982710e-13  -1.31776967e-24  -2.33936913e-24  -3.01521642e-53
  6.08000000e-06   0.00000000e+00   0.00000000e+00   6.83430023e-13  -9.81067884e-25  -1.74163967e-24  -1.67107649e-53
  6.16000000e-06   0.00000000e+00   0.00000000e+00   1.38684916e-12  -1.99083027e-24  -3.53421921e-24  -6.88047037e-53
  6.24000000e-06   0.00000000e+00   0.00000000e+00   1.16567826e-12  -1.67333810e-24  -2.97059160e-24  -4.86186107e-53
  6.32000000e-06   0.00000000e+00   0.00000000e+00   9.13165922e-13  -1.31085514e-24  -2.32709412e-24  -2.98378261e-53
  6.40000000e-06   0.00000000e+00   0.00000000e+00   5.16838214e-13  -7.41924346e-25  -1.31710037e-24  -9.55797663e-54
  6.48000000e-06   0.00000000e+00   0.00000000e+00   9.27324134e-13  -1.33117934e-24  -2.36317463e-24  -3.07640745e-53
  6.56000000e-06   0.00000000e+00   0.00000000e+00   6.16703860e-13  -8.85282078e-25  -1.57159602e-24  -1.36079895e-53
  6.64000000e-06   0.00000000e+00   0.00000000e+00   2.34124132e-13  -3.36086591e-25  -5.96637345e-25  -1.96223717e-54
  6.72000000e-06   0.00000000e+00   0.00000000e+00   5.38699775e-13  -7.73306748e-25  -1.37281194e-24  -1.03829971e-53
  6.80000000e-06   0.00000000e+00   0.00000000e+00   2.46107992e-13  -3.53289494e-25  -6.27176779e-25  -2.16718668e-54
  6.88000000e-06   0.00000000e+00   0.00000000e+00   3.32189659e-13  -4.76860242e-25  -8.46545611e-25  -3.94722218e-54
  6.96000000e-06   0.00000000e+00   0.00000000e+00   4.20312999e-13  -6.03361823e-25  -1.07111740e-24  -6.31946245e-54
  7.04000000e-06   0.00000000e+00   0.00000000e+00   9.01511818e-13  -1.29412560e-24  -2.29739503e-24  -2.90791291e-53
  7.12000000e-06   0.00000000e+00   0.00000000e+00   9.25189819e-13  -1.32811552e-24  -2.35773559e-24  -3.06235742e-53
  7.20000000e-06   0.00000000e+00   0.00000000e+00   5.66646083e-13  -8.13423840e-25  -1.44402976e-24  -1.14875309e-53
  7.28000000e-06   0.00000000e+00   0.00000000e+00   1.12618803e-12  -1.61664964e-24  -2.86995547e-24  -4.53733458e-53
  7.36000000e-06   0.00000000e+00   0.00000000e+00   9.44150102e-13  -1.35533312e-24  -2.40605360e-24  -3.18948096e-53
  7.44000000e-06   0.00000000e+00   0.00000000e+00   8.47060263e-13  -1.21596007e-24  -2.15863176e-24  -2.56704754e-53
  7.52000000e-06   0.00000000e+00   0.00000000e+00   7.96506227e-13  -1.14338945e-24  -2.02980084e-24  -2.26977338e-53
  7.60000000e-06   0.00000000e+00   0.00000000e+00   7.27812462e-13  -1.04477914e-24  -1.85474300e-24  -1.89538714e-53
  7.68000000e-06   0.00000000e+00   0.00000000e+00   3.81705669e-13  -5.47940769e-25  -9.72731239e-25  -5.21390347e-54
  7.76000000e-06   0.00000000e+00   0.00000000e+00   7.88970301e-14  -1.13257158e-25  -2.01059644e-25  -2.22828036e-55
  7.84000000e-06   0.00000000e+00   0.00000000e+00   6.65870973e-13  -9.55861763e-25  -1.69689253e-24  -1.58634170e-53
  7.92000000e-06   0.00000000e+00   0.00000000e+00   1.02159090e-12  -1.46649985e-24  -2.60340221e-24  -3.73355092e-53
  8.00000000e-06   0.00000000e+00   0.00000000e+00   1.39116132e-12  -1.99702039e-24  -3.54520821e-24  -6.92362387e-53
  8.08000000e-06   0.00000000e+00   0.00000000e+00  -2.85841320e-13   4.10326924e-25   7.28432413e-25  -2.92247343e-54
  8.16000000e-06   0.00000000e+00   0.00000000e+00   7.80129395e-13  -1.11988041e-24  -1.98806645e-24  -2.17724511e-53
  8.24000000e-06   0.00000000e+00   0.00000000e+00   5.97822684e-13  -8.58178036e-25  -1.52347960e-24  -1.27882870e-53
  8.32000000e-06   0.00000000e+00   0.00000000e+00   2.65952285e-13  -3.81776095e-25  -6.77747586e-25  -2.53133865e-54
  8.40000000e-06   0.00000000e+00   0.00000000e+00   1.10774969e-12  -1.59018131e-24  -2.82296759e-24  -4.38987834e-53
  8.48000000e-06   0.00000000e+00   0.00000000e+00   5.31856197e-13  -7.63482750e-25  -1.35537190e-24  -1.01212163e-53
  8.56000000e-06   0.00000000e+00   0.00000000e+00   6.20867602e-13  -8.91259155e-25  -1.58220682e-24  -1.37920469e-53
  8.64000000e-06   0.00000000e+00   0.00000000e+00   1.53952216e-12  -2.20999326e-24  -3.92328807e-24  -8.47860538e-53
  8.72000000e-06   0.00000000e+00   0.00000000e+00   1.21399763e-12  -1.74270085e-24  -3.09372774e-24  -5.27316470e-53
  8.80000000e-06   0.00000000e+00   0.00000000e+00   5.78994278e-13  -8.31149748e-25  -1.47549766e-24  -1.19928707e-53
  8.88000000e-06   0.00000000e+00   0.00000000e+00   9.17400093e-13  -1.31693332e-24  -2.33788440e-24  -3.01161654e-53
  8.96000000e-06   0.00000000e+00   0.00000000e+00   3.26825427e-13  -4.69159855e-25  -8.32875508e-25  -3.82083867e-54
  9.04000000e-06   0.00000000e+00   0.00000000e+00   2.02284719e-12  -2.90380923e-24  -5.15498409e-24  -1.46381436e-52
  9.12000000e-06   0.00000000e+00   0.00000000e+00   2.40767992e-13  -3.45623891e-25  -6.13568427e-25  -2.07615351e-54
  9.20000000e-06   0.00000000e+00   0.00000000e+00   1.06015728e-12  -1.52186211e-24  -2.70168402e-24  -4.02120379e-53
  9.28000000e-06   0.00000000e+00   0.00000000e+00   7.08499003e-13  -1.01705455e-24  -1.80552496e-24  -1.79622926e-53
  9.36000000e-06   0.00000000e+00   0.00000000e+00   1.14790697e-12  -1.64782732e-24  -2.92530361e-24  -4.71408036e-53
  9.44000000e-06   0.00000000e+00   0.00000000e+00   1.22864451e-12  -1.76372654e-24  -3.13105357e-24  -5.40085518e-53
  9.52000000e-06   0.00000000e+00   0.00000000e+00   1.13292445e-12  -1.62631982e-24  -2.88712245e-24  -4.59221059e-53
  9.60000000e-06   0.00000000e+00   0.00000000e+00   1.25064055e-12  -1.79530198e-24  -3.18710784e-24  -5.59608619e-53
  9.68000000e-06   0.00000000e+00   0.00000000e+00   5.63997745e-13  -8.09622134e-25  -1.43728079e-24  -1.13803398e-53
  9.76000000e-06   0.00000000e+00   0.00000000e+00   9.88738411e-13  -1.41933990e-24  -2.51968157e-24  -3.49740247e-53
  9.84000000e-06   0.00000000e+00   0.00000000e+00   1.18111557e-12  -1.69549846e-24  -3.00993175e-24  -4.99102888e-53
  9.92000000e-06   0.00000000e+00   0.00000000e+00   7.80331564e-13  -1.12017063e-24  -1.98858165e-24  -2.17848966e-53
  1.00000000e-05   0.00000000e+00   0.00000000e+00   1.34563665e-12  -1.93166945e-24  -3.42919404e-24  -6.47765914e-53
  1.00800000e-05   0.00000000e+00   0.00000000e+00   4.84171984e-13  -6.95031777e-25  -1.23385439e-24  -8.38952172e-54
  1.01600000e-05   0.00000000e+00   0.00000000e+00   1.04454787e-12  -1.49945471e-24  -2.66190530e-24  -3.90352027e-53
  1.02400000e-05   0.00000000e+00   0.00000000e+00   8.24386773e-13  -1.18341214e-24  -2.10085108e-24  -2.43132262e-53
  1.03200000e-05   0.00000000e+00   0.00000000e+00   1.17624410e-12  -1.68850544e-24  -2.99751739e-24  -4.95002560e-53
  1.04000000e-05   0.00000000e+00   0.00000000e+00   1.01414648e-12  -1.45581334e-24  -2.58443100e-24  -3.67983946e-53
  1.04800000e-05   0.00000000e+00   0.00000000e+00   6.62807592e-13  -9.51464261e-25  -1.68908587e-24  -1.57178622e-53
  1.05600000e-05   0.00000000e+00   0.00000000e+00   8.70000219e-13  -1.24889052e-24  -2.21709149e-24  -2.70791886e-53
  1.06400000e-05   0.00000000e+00   0.00000000e+00   8.87964007e-13  -1.27467764e-24  -2.26287006e-24  -2.82059853e-53
  1.07200000e-05   0.00000000e+00   0.00000000e+00   8.34499060e-13  -1.19792839e-24  -2.12662103e-24  -2.49151117e-53
  1.08000000e-05   0.00000000e+00   0.00000000e+00   1.16467215e-12  -1.67189384e-24  -2.96802767e-24  -4.85291413e-53
  1.08800000e-05   0.00000000e+00   0.00000000e+00   8.49557771e-13  -1.21954526e-24  -2.16499636e-24  -2.58242207e-53
  1.09600000e-05   0.00000000e+00   0.00000000e+00   7.58612648e-13  -1.08899299e-24  -1.93323359e-24  -2.05911464e-53
  1.10400000e-05   0.00000000e+00   0.00000000e+00   5.65243263e-13  -8.11410084e-25  -1.44045484e-24  -1.14314175e-53
  1.11200000e-05   0.00000000e+00   0.00000000e+00   5.33724230e-13  -7.66164323e-25  -1.36013236e-24  -1.01926993e-53
  1.12000000e-05   0.00000000e+00   0.00000000e+00   8.37479705e-13  -1.20220712e-24  -2.13421685e-24  -2.50890701e-53
  1.12800000e-05   0.00000000e+00   0.00000000e+00   1.10118198e-12  -1.58075331e-24  -2.80623055e-24  -4.33822670e-53
  1.13600000e-05  -2.06117928e-13  -3.39695624e-13   1.07676990e-12  -2.07436094e-25  -3.55604672e-24  -1.16155718e-24
  1.14400000e-05   7.24258563e-14   2.65830801e-13   1.12944925e-12  -2.66860494e-24  -2.59293556e-24   7.81405748e-25
  1.15200000e-05   6.10956188e-14   6.72486334e-14   3.83975577e-13  -8.16133665e-25  -7.37821974e-25   2.59078224e-25
  1.16000000e-05  -2.06763446e-13  -4.54353592e-13   5.75051227e-14   1.70743403e-24  -9.61115463e-25  -1.45467594e-24
  1.16800000e-05  -7.09184565e-14   1.22557059e-13   7.30605568e-13  -1.53161757e-24  -2.14125305e-24   2.10518137e-25
  1.17600000e-05  -5.57026832e-14  -9.27070599e-14   1.05724348e-12  -1.15244824e-24  -2.91370626e-24  -3.16214388e-25
  1.18400000e-05   0.00000000e+00   0.00000000e+00   3.97048222e-13  -5.69965097e-25  -1.01182990e-24  -5.64153955e-54
  1.19200000e-05   0.00000000e+00   0.00000000e+00   8.31478260e-13  -1.19359201e-24  -2.11892289e-24  -2.47322450e-53
  1.20000000e-05   0.00000000e+00   0.00000000e+00   9.01745355e-13  -1.29446085e-24  -2.29799017e-24  -2.90926797e-53
  1.20800000e-05   0.00000000e+00   0.00000000e+00   6.52815806e-13  -9.37120993e-25  -1.66362300e-24  -1.52477069e-53
  1.21600000e-05   0.00000000e+00   0.00000000e+00   6.97697797e-13  -1.00154936e-24  -1.77799938e-24  -1.74170269e-53
  1.22400000e-05   0.00000000e+00   0.00000000e+00   9.94870093e-13  -1.42814197e-24  -2.53530743e-24  -3.54073570e-53
  1.23200000e-05   0.00000000e+00   0.00000000e+00   1.10236924e-12  -1.58245764e-24  -2.80925616e-24  -4.34788812e-53
  1.24000000e-05   0.00000000e+00   0.00000000e+00   9.88522671e-13  -1.41903020e-24  -2.51913178e-24  -3.49612560e-53
  1.24800000e-05   0.00000000e+00   0.00000000e+00   9.45464767e-13  -1.35722032e-24  -2.40940387e-24  -3.19801329e-53
  1.25600000e-05   0.00000000e+00   0.00000000e+00   6.93309824e-13  -9.95250397e-25  -1.76681715e-24  -1.72003071e-53
  1.26400000e-05   0.00000000e+00   0.00000000e+00   5.47160829e-13  -7.85452641e-25  -1.39437392e-24  -1.07103431e-53
  1.27200000e-05   0.00000000e+00   0.00000000e+00   7.09200786e-13  -1.01806197e-24  -1.80731337e-24  -1.79943079e-53
  1.28000000e-05   0.00000000e+00   0.00000000e+00   1.10324970e-12  -1.58372154e-24  -2.81149990e-24  -4.35418291e-53
  1.28800000e-05   0.00000000e+00   0.00000000e+00   1.02098574e-12  -1.46563113e-24  -2.60186003e-24  -3.72960045e-53
  1.29600000e-05   0.00000000e+00   0.00000000e+00   1.06400988e-12  -1.52739255e-24  -2.71150192e-24  -4.05033932e-53
  1.30400000e-05   0.00000000e+00   0.00000000e+00   1.69947255e-12  -2.43960300e-24  -4.33090251e-24  -1.03329874e-52
  1.31200000e-05   0.00000000e+00   0.00000000e+00   9.14869803e-13  -1.31330107e-24  -2.33143626e-24  -2.99462922e-53
  1.32000000e-05   0.00000000e+00   0.00000000e+00   1.70282080e-13  -2.44440943e-25  -4.33943511e-25  -1.03764116e-54
  1.32800000e-05   0.00000000e+00   0.00000000e+00   1.03730902e-13  -1.48906330e-25  -2.64345796e-25  -3.85059701e-55
  1.33600000e-05   0.00000000e+00   0.00000000e+00   1.46780446e-13  -2.10704208e-25  -3.74052410e-25  -7.71238284e-55
  1.34400000e-05   0.00000000e+00   0.00000000e+00   7.64785097e-13  -1.09785358e-24  -1.94896334e-24  -2.09217055e-53
  1.35200000e-05   0.00000000e+00   0.00000000e+00   1.07179392e-12  -1.53856658e-24  -2.73133860e-24  -4.10952787e-53
  1.36000000e-05   0.00000000e+00   0.00000000e+00   8.57381630e-13  -1.23077646e-24  -2.18493453e-24  -2.63043298e-53
  1.36800000e-05   0.00000000e+00   0.00000000e+00   1.65365388e-12  -2.37383003e-24  -4.21413911e-24  -9.78385156e-53
  1.37600000e-05   0.00000000e+00   0.00000000e+00   8.93304458e-13  -1.28234389e-24  -2.27647956e-24  -2.85451708e-53
  1.38400000e-05   0.00000000e+00   0.00000000e+00   1.07453353e-12  -1.54249930e-24  -2.73832017e-24  -4.13117395e-53
  1.39200000e-05   0.00000000e+00   0.00000000e+00   8.49444128e-13  -1.21938212e-24  -2.16470675e-24  -2.58166378e-53
  1.40000000e-05   0.00000000e+00   0.00000000e+00   1.71525769e-12  -2.46226267e-24  -4.37112905e-24  -1.05250459e-52
  1.40800000e-05   0.00000000e+00   0.00000000e+00   1.04113156e-12  -1.49455057e-24  -2.65319924e-24  -3.87797430e-53
  1.41600000e-05   0.00000000e+00   0.00000000e+00   2.01501906e-12  -2.89257191e-24  -5.13503504e-24  -1.45258116e-52
  1.42400000e-05   0.00000000e+00   0.00000000e+00   2.40335803e-13  -3.45003482e-25  -6.12467046e-25  -2.06706317e-54
  1.43200000e-05   0.00000000e+00   0.00000000e+00   9.97753601e-13  -1.43228126e-24  -2.54265571e-24  -3.56143874e-53
  1.44000000e-05   0.00000000e+00   0.00000000e+00   7.76931523e-13  -1.11528985e-24  -1.97991705e-24  -2.15920611e-53
  1.44800000e-05   0.00000000e+00   0.00000000e+00   1.02879681e-12  -1.47684398e-24  -2.62176562e-24  -3.78686877e-53
  1.45600000e-05   0.00000000e+00   0.00000000e+00   3.99960598e-13  -5.74145829e-25  -1.01925174e-24  -5.72444444e-54
  1.46400000e-05   0.00000000e+00   0.00000000e+00   1.19616275e-12  -1.71709877e-24  -3.04827768e-24  -5.11858581e-53
  1.47200000e-05   0.00000000e+00   0.00000000e+00   8.99691901e-13  -1.29151310e-24  -2.29275719e-24  -2.89590315e-53
  1.48000000e-05   0.00000000e+00   0.00000000e+00   9.01845898e-13  -1.29460518e-24  -2.29824640e-24  -2.90990068e-53
  1.48800000e-05   0.00000000e+00   0.00000000e+00   9.78875777e-13  -1.40518203e-24  -2.49454783e-24  -3.42808604e-53
  1.49600000e-05   0.00000000e+00   0.00000000e+00   1.07601859e-12  -1.54463113e-24  -2.74210468e-24  -4.14225733e-53
  1.50400000e-05   0.00000000e+00   0.00000000e+00   1.22707288e-12  -1.76147046e-24  -3.12704846e-24  -5.38628868e-53
  1.51200000e-05   0.00000000e+00   0.00000000e+00   1.04458278e-12  -1.49950483e-24  -2.66199427e-24  -3.90440446e-53
  1.52000000e-05   0.00000000e+00   0.00000000e+00   1.28848740e-12  -1.84963137e-24  -3.28355602e-24  -5.93898251e-53
  1.52800000e-05   0.00000000e+00   0.00000000e+00   8.66181504e-13  -1.24340873e-24  -2.20735995e-24  -2.68451332e-53
  1.53600000e-05   0.00000000e+00   0.00000000e+00   7.19063242e-13  -1.03221958e-24  -1.83244666e-24  -1.85008443e-53
  1.54400000e-05   0.00000000e+00   0.00000000e+00   5.13235880e-13  -7.36753174e-25  -1.30792025e-24  -9.42534287e-54
  1.55200000e-05   0.00000000e+00   0.00000000e+00   3.64049597e-13  -5.22595373e-25  -9.27736852e-25  -4.74264712e-54
  1.56000000e-05   0.00000000e+00   0.00000000e+00  -7.17463565e-13   1.02992324e-24   1.82837008e-24  -1.84115706e-53
  1.56800000e-05   0.00000000e+00   0.00000000e+00   9.41649427e-13  -1.35174338e-24  -2.39968093e-24  -3.17161798e-53
  1.57600000e-05   0.00000000e+00   0.00000000e+00  -1.47331557e-15   2.11495331e-27   3.75456850e-27  -7.47763637e-59
  1.58400000e-05   0.00000000e+00   0.00000000e+00   7.41759688e-14  -1.06480047e-25  -1.89028584e-25  -1.97079707e-55
  1.59200000e-05   0.00000000e+00   0.00000000e+00   2.37787758e-13  -3.41345749e-25  -6.05973659e-25  -2.02246838e-54
  1.60000000e-05   0.00000000e+00   0.00000000e+00  -1.80208398e-13   2.58690233e-25   4.59239546e-25  -1.16211866e-54
  1.60800000e-05   0.00000000e+00   0.00000000e+00   6.39207889e-13  -9.17586747e-25  -1.62894485e-24  -1.46187707e-53
  1.61600000e-05   0.00000000e+00   0.00000000e+00   9.29634684e-13  -1.33449615e-24  -2.36906279e-24  -3.09186816e-53
  1.62400000e-05   0.00000000e+00   0.00000000e+00   4.00319327e-13  -5.74660788e-25  -1.02016592e-24  -5.73536875e-54
  1.63200000e-05   0.00000000e+00   0.00000000e+00   1.15742563e-12  -1.66149141e-24  -2.94956078e-24  -4.79222485e-53
  1.64000000e-05   0.00000000e+00   0.00000000e+00   7.74537305e-13  -1.11185293e-24  -1.97381568e-24  -2.14609433e-53
  1.64800000e-05   0.00000000e+00   0.00000000e+00   9.75121140e-13  -1.39979223e-24  -2.48497959e-24  -3.40202019e-53
  1.65600000e-05   0.00000000e+00   0.00000000e+00   1.32959483e-12  -1.90864133e-24  -3.38831338e-24  -6.32425388e-53
  1.66400000e-05   0.00000000e+00   0.00000000e+00   4.81940001e-13  -6.91827753e-25  -1.22816645e-24  -8.31198044e-54
  1.67200000e-05   0.00000000e+00   0.00000000e+00   7.03232875e-13  -1.00949500e-24  -1.79210486e-24  -1.76947881e-53
  1.68000000e-05   0.00000000e+00   0.00000000e+00   7.54046272e-13  -1.08243793e-24  -1.92159673e-24  -2.03439656e-53
  1.68800000e-05   0.00000000e+00   0.00000000e+00   5.62596102e-13  -8.07610068e-25  -1.43370887e-24  -1.13241938e-53
  1.69600000e-05   0.00000000e+00   0.00000000e+00   1.22125382e-12  -1.75311717e-24  -3.11221929e-24  -5.33568021e-53
  1.70400000e-05   0.00000000e+00   0.00000000e+00   7.98047302e-13  -1.14560167e-24  -2.03372809e-24  -2.27838023e-53
  1.71200000e-05   0.00000000e+00   0.00000000e+00   1.19870273e-12  -1.72074493e-24  -3.05475052e-24  -5.14066576e-53
  1.72000000e-05   0.00000000e+00   0.00000000e+00   2.87048306e-13  -4.12059559e-25  -7.31508272e-25  -2.94847003e-54
  1.72800000e-05   0.00000000e+00   0.00000000e+00   7.27877288e-13  -1.04487220e-24  -1.85490820e-24  -1.89521859e-53
  1.73600000e-05   0.00000000e+00   0.00000000e+00   6.19944437e-13  -8.89933946e-25  -1.57985424e-24  -1.37506878e-53
  1.74400000e-05   0.00000000e+00   0.00000000e+00   8.33000039e-13  -1.19577654e-24  -2.12280096e-24  -2.48241438e-53
  1.75200000e-05   0.00000000e+00   0.00000000e+00   3.57508678e-13  -5.13205845e-25  -9.11068103e-25  -4.57359378e-54
  1.76000000e-05   0.00000000e+00   0.00000000e+00   6.53198626e-13  -9.37670533e-25  -1.66459857e-24  -1.52641878e-53
  1.76800000e-05   0.00000000e+00   0.00000000e+00   4.47560221e-13  -6.42475373e-25  -1.14055369e-24  -7.16714671e-54
  1.77600000e-05   0.00000000e+00   0.00000000e+00   6.81571892e-13  -9.78400526e-25  -1.73690444e-24  -1.66176512e-53
  1.78400000e-05   0.00000000e+00   0.00000000e+00   6.45314731e-13  -9.26353155e-25  -1.64450740e-24  -1.48975336e-53
  1.79200000e-05   0.00000000e+00   0.00000000e+00   1.74726637e-12  -2.50821132e-24  -4.45269935e-24  -1.09217196e-52
  1.80000000e-05   0.00000000e+00   0.00000000e+00   4.84865422e-13  -6.96027212e-25  -1.23562153e-24  -8.41154608e-54
  1.80800000e-05   0.00000000e+00   0.00000000e+00   8.35054011e-13  -1.19872502e-24  -2.12803526e-24  -2.49482019e-53
  1.81600000e-05   0.00000000e+00   0.00000000e+00   4.83447809e-13  -6.93992221e-25  -1.23200891e-24  -8.36113971e-54
  1.82400000e-05   0.00000000e+00   0.00000000e+00   4.95377929e-13  -7.11117980e-25  -1.26241140e-24  -8.77989499e-54
  1.83200000e-05   0.00000000e+00   0.00000000e+00   5.07235175e-13  -7.28139127e-25  -1.29262817e-24  -9.20750492e-54
  1.84000000e-05   0.00000000e+00   0.00000000e+00   4.86341273e-13  -6.98145805e-25  -1.23938256e-24  -8.46160836e-54
  1.84800000e-05   0.00000000e+00   0.00000000e+00   3.31342962e-13  -4.75644803e-25  -8.44387904e-25  -3.92781990e-54
  1.85600000e-05   0.00000000e+00   0.00000000e+00  -1.54297810e-13   2.21495429e-25   3.93209512e-25  -8.51188769e-55
  1.86400000e-05   0.00000000e+00   0.00000000e+00   2.02300213e-13  -2.90403165e-25  -5.15537894e-25  -1.46488668e-54
  1.87200000e-05   0.00000000e+00   0.00000000e+00   7.19643004e-13  -1.03305183e-24  -1.83392411e-24  -1.85246154e-53
  1.88000000e-05   0.00000000e+00   0.00000000e+00   5.01273641e-13  -7.19581309e-25  -1.27743591e-24  -8.98869111e-54
  1.88800000e-05   0.00000000e+00   0.00000000e+00   7.81073054e-13  -1.12123504e-24  -1.99047125e-24  -2.18248738e-53
  1.89600000e-05   0.00000000e+00   0.00000000e+00   1.32350757e-12  -1.89990303e-24  -3.37280072e-24  -6.26670098e-53
  1.90400000e-05   0.00000000e+00   0.00000000e+00   1.03326410e-12  -1.48325679e-24  -2.63314995e-24  -3.81923297e-53
  1.91200000e-05   0.00000000e+00   0.00000000e+00   8.75270627e-13  -1.25645622e-24  -2.23052250e-24  -2.74120050e-53
  1.92000000e-05   0.00000000e+00   0.00000000e+00   1.16460284e-12  -1.67179434e-24  -2.96785104e-24  -4.85211838e-53
  1.92800000e-05   0.00000000e+00   0.00000000e+00   1.84518137e-12  -2.64876889e-24  -4.70222401e-24  -1.21802562e-52
  1.93600000e-05   0.00000000e+00   0.00000000e+00   9.75462869e-13  -1.40028278e-24  -2.48585044e-24  -3.40428518e-53
  1.94400000e-05   0.00000000e+00   0.00000000e+00   2.05725590e-12  -2.95320314e-24  -5.24267057e-24  -1.51418113e-52
  1.95200000e-05   0.00000000e+00   0.00000000e+00   1.87111874e-13  -2.68600215e-25  -4.76832230e-25  -1.25299045e-54
  1.96000000e-05   0.00000000e+00   0.00000000e+00   3.04516267e-13  -4.37134922e-25  -7.76023282e-25  -3.31763586e-54
  1.96800000e-05   0.00000000e+00   0.00000000e+00  -7.91546401e-14   1.13626959e-25   2.01716132e-25  -2.23739123e-55
  1.97600000e-05   0.00000000e+00   0.00000000e+00   4.22276361e-13  -6.06180241e-25  -1.07612079e-24  -6.37752891e-54
  1.98400000e-05   0.00000000e+00   0.00000000e+00   2.72202031e-13  -3.90747644e-25  -6.93674317e-25  -2.65106328e-54
  1.99200000e-05   0.00000000e+00   0.00000000e+00   4.10682188e-14  -5.89536736e-26  -1.04657443e-25  -6.03291538e-56
  2.00000000e-05   0.00000000e+00   0.00000000e+00   4.94942882e-14  -7.10493467e-26  -1.26130273e-25  -8.76426365e-56
  2.00800000e-05   0.00000000e+00   0.00000000e+00  -7.94666901e-14   1.14074909e-25   2.02511354e-25  -2.25835920e-55
  2.01600000e-05   0.00000000e+00   0.00000000e+00   2.32654178e-13  -3.33976463e-25  -5.92891343e-25  -1.93672211e-54
  2.02400000e-05   0.00000000e+00   0.00000000e+00   1.14897019e-13  -1.64935358e-25  -2.92801310e-25  -4.72299013e-55
  2.03200000e-05   0.00000000e+00   0.00000000e+00  -6.18295037e-14   8.87566223e-26   1.57565094e-25  -1.36716078e-55
  2.04000000e-05   0.00000000e+00   0.00000000e+00  -4.60072056e-13   6.60436187e-25   1.17243860e-24  -7.57206517e-54
  2.04800000e-05   0.00000000e+00   0.00000000e+00   5.84372073e-13  -8.38869605e-25  -1.48920233e-24  -1.22144855e-53
  2.05600000e-05   0.00000000e+00   0.00000000e+00   4.91543335e-13  -7.05613396e-25  -1.25263939e-24  -8.64312910e-54
  2.06400000e-05   0.00000000e+00   0.00000000e+00   7.29757490e-13  -1.04757124e-24  -1.85969967e-24  -1.90525125e-53
  2.07200000e-05   0.00000000e+00   0.00000000e+00  -6.53840760e-14   9.38592321e-26   1.66623497e-25  -1.52923017e-55
  2.08000000e-05   0.00000000e+00   0.00000000e+00   4.86757436e-13  -6.98743209e-25  -1.24044310e-24  -8.47811870e-54
  2.08800000e-05   0.00000000e+00   0.00000000e+00   2.13033390e-13  -3.05810705e-25  -5.42890111e-25  -1.62434882e-54
  2.09600000e-05   0.00000000e+00   0.00000000e+00   2.28206144e-13  -3.27591285e-25  -5.81556062e-25  -1.86356331e-54
  2.10400000e-05   0.00000000e+00   0.00000000e+00   5.60810266e-15  -8.05046490e-27  -1.42915788e-26  -1.13027749e-57
  2.11200000e-05   0.00000000e+00   0.00000000e+00   2.06341703e-13  -2.96204749e-25  -5.25837150e-25  -1.52381001e-54
  2.12000000e-05   0.00000000e+00   0.00000000e+00  -7.77569204e-14   1.11620524e-25   1.98154211e-25  -2.16116858e-55
  2.12800000e-05   0.00000000e+00   0.00000000e+00   2.17305497e-13  -3.11943340e-25  -5.53777066e-25  -1.69002900e-54
  2.13600000e-05   0.00000000e+00   0.00000000e+00   3.08514725e-13  -4.42874732e-25  -7.86212873e-25  -3.40471548e-54
  2.14400000e-05   0.00000000e+00   0.00000000e+00  -6.92219068e-14   9.93684611e-26   1.76403749e-25  -1.71280668e-55
  2.15200000e-05   0.00000000e+00   0.00000000e+00  -3.15323182e-13   4.52648313e-25   8.03563411e-25  -3.55659475e-54
  2.16000000e-05   0.00000000e+00   0.00000000e+00   1.33675820e-13  -1.91892438e-25  -3.40656837e-25  -6.39833519e-55
  2.16800000e-05   0.00000000e+00   0.00000000e+00   1.68833573e-13  -2.42361603e-25  -4.30252165e-25  -1.01940989e-54
  2.17600000e-05   0.00000000e+00   0.00000000e+00   1.48440825e-13  -2.13087692e-25  -3.78283687e-25  -7.88504027e-55
  2.18400000e-05   0.00000000e+00   0.00000000e+00   2.55632799e-14  -3.66962411e-26  -6.51449610e-26  -2.34078869e-56
  2.19200000e-05   0.00000000e+00   0.00000000e+00   2.00880101e-13  -2.88364587e-25  -5.11918910e-25  -1.44290782e-54
  2.20000000e-05   0.00000000e+00   0.00000000e+00   3.15722664e-13  -4.53221772e-25  -8.04581444e-25  -3.56583041e-54
  2.20800000e-05   0.00000000e+00   0.00000000e+00   2.41319135e-13  -3.46415062e-25  -6.14972951e-25  -2.08280595e-54
  2.21600000e-05   0.00000000e+00   0.00000000e+00   5.56988364e-13  -7.99560126e-25  -1.41941822e-24  -1.10978291e-53
  2.22400000e-05   0.00000000e+00   0.00000000e+00   4.06046361e-13  -5.82881979e-25  -1.03476058e-24  -5.90047819e-54
  2.23200000e-05   0.00000000e+00   0.00000000e+00   2.51022013e-13  -3.60343600e-25  -6.39699573e-25  -2.25494184e-54
  2.24000000e-05   0.00000000e+00   0.00000000e+00   2.07409691e-13  -2.97737851e-25  -5.28558787e-25  -1.53987079e-54
  2.24800000e-05   0.00000000e+00   0.00000000e+00  -2.10750928e-13   3.02534217e-25   5.37073530e-25  -1.58829388e-54
  2.25600000e-05   0.00000000e+00   0.00000000e+00  -3.03491316e-07   4.35663593e-19   7.73411319e-19  -3.29378108e-42
  2.26400000e-05   0.00000000e+00   0.00000000e+00   2.89032229e-07  -4.14907191e-19  -7.36564234e-19  -2.98766797e-42
  2.27200000e-05   0.00000000e+00   0.00000000e+00  -5.30938174e-07   7.62165655e-19   1.35303201e-18  -1.00827263e-41
  2.28000000e-05   0.00000000e+00   0.00000000e+00   2.62515181e-07  -3.76842552e-19  -6.68988290e-19  -2.46451329e-42
  2.28800000e-05   0.00000000e+00   0.00000000e+00   2.69366782e-06  -3.86679914e-18  -6.86447736e-18  -2.59560579e-40
  2.29600000e-05   0.00000000e+00   0.00000000e+00   4.12178500e-07  -5.91685523e-19  -1.05038714e-18  -6.07304494e-42
  2.30400000e-05   0.00000000e+00   0.00000000e+00  -3.18755826e-06   4.57576535e-18   8.12310734e-18  -3.63442801e-40
  2.31200000e-05   0.00000000e+00   0.00000000e+00  -4.68559272e-07   6.72614904e-19   1.19406992e-18  -7.86075068e-42
  2.32000000e-05   0.00000000e+00   0.00000000e+00  -2.64267452e-06   3.79349796e-18   6.73458333e-18  -2.49829810e-40
  2.32800000e-05   0.00000000e+00   0.00000000e+00  -2.95925567e-06   4.24786920e-18   7.54139924e-18  -3.13276018e-40
  2.33600000e-05   0.00000000e+00   0.00000000e+00  -3.51003760e-06   5.03838029e-18   8.94507977e-18  -4.40798254e-40
