     timestep     time              x             y              z              vx             vy             vz             ax             ay             az         v_magnitude      ELoss        Electronic      Nuclear
           0   0.000000e+00   1.000000e-01   1.119402e+01   2.099375e+01  -3.481902e+04   2.285292e+04   1.177153e+06   0.000000e+00   0.000000e+00   0.000000e+00   1.177889e+06   0.000000e+00   0.000000e+00   0.000000e+00
        8000   7.999000e-08   9.721447e-02   1.119584e+01   2.108792e+01  -3.481917e+04   2.285269e+04   1.177153e+06  -2.141377e+06  -3.262679e+06   8.972230e-17   1.177889e+06   5.089723e-29   0.000000e+00   0.000000e+00
       16000   1.599900e-07   9.442893e-02   1.119767e+01   2.118209e+01  -3.481937e+04   2.285239e+04   1.177153e+06  -2.314090e+06  -3.525897e+06  -9.858938e-17   1.177889e+06   5.944579e-29   0.000000e+00   0.000000e+00
       24000   2.399900e-07   9.164337e-02   1.119950e+01   2.127626e+01  -3.481954e+04   2.285214e+04   1.177153e+06  -2.230465e+06  -3.398533e+06   3.087855e-17   1.177889e+06   5.522305e-29   0.000000e+00   0.000000e+00
       32000   3.199900e-07   8.885781e-02   1.120133e+01   2.137044e+01  -3.481968e+04   2.285191e+04   1.177153e+06  -1.846759e+06  -2.813926e+06   2.178305e-16   1.177889e+06   3.785769e-29   0.000000e+00   0.000000e+00
       40000   3.999900e-07   8.607222e-02   1.120316e+01   2.146461e+01  -3.481990e+04   2.285159e+04   1.177153e+06  -2.859458e+06  -4.357073e+06  -3.503616e-16   1.177889e+06   9.077266e-29   0.000000e+00   0.000000e+00
       48000   4.799900e-07   8.328662e-02   1.120499e+01   2.155878e+01  -3.482007e+04   2.285132e+04   1.177153e+06  -1.936162e+06  -2.950257e+06  -3.588360e-17   1.177889e+06   4.161408e-29   0.000000e+00   0.000000e+00
       56000   5.599900e-07   8.050101e-02   1.120681e+01   2.165295e+01  -3.482028e+04   2.285100e+04   1.177153e+06  -2.944011e+06  -4.486074e+06   2.720326e-16   1.177889e+06   9.622510e-29   0.000000e+00   0.000000e+00
       64000   6.399900e-07   7.771538e-02   1.120864e+01   2.174712e+01  -3.482047e+04   2.285071e+04   1.177153e+06  -2.025558e+06  -3.086595e+06   2.842074e-16   1.177889e+06   4.554817e-29   0.000000e+00   0.000000e+00
       72000   7.199900e-07   7.492973e-02   1.121047e+01   2.184130e+01  -3.482068e+04   2.285040e+04   1.177153e+06  -3.028559e+06  -4.615081e+06  -3.938627e-16   1.177889e+06   1.018366e-28   0.000000e+00   0.000000e+00
       80000   7.999900e-07   7.214407e-02   1.121230e+01   2.193547e+01  -3.482088e+04   2.285009e+04   1.177153e+06  -2.114949e+06  -3.222938e+06  -5.907710e-17   1.177889e+06   4.965995e-29   0.000000e+00   0.000000e+00
       88000   8.799900e-07   6.935839e-02   1.121413e+01   2.202964e+01  -3.482109e+04   2.284977e+04   1.177153e+06  -3.113099e+06  -4.744095e+06   2.117606e-17   1.177889e+06   1.076072e-28   0.000000e+00   0.000000e+00
       96000   9.599900e-07   6.657270e-02   1.121595e+01   2.212381e+01  -3.482131e+04   2.284944e+04   1.177153e+06  -2.204335e+06  -3.359287e+06   2.549484e-16   1.177889e+06   5.394945e-29   0.000000e+00   0.000000e+00
      104000   1.039990e-06   6.378698e-02   1.121778e+01   2.221799e+01  -3.482151e+04   2.284913e+04   1.177153e+06  -3.197634e+06  -4.873116e+06  -1.779005e-16   1.177889e+06   1.135369e-28   0.000000e+00   0.000000e+00
      112000   1.119990e-06   6.100125e-02   1.121961e+01   2.231216e+01  -3.482175e+04   2.284877e+04   1.177153e+06  -2.293714e+06  -3.495642e+06  -1.562382e-16   1.177889e+06   5.841666e-29   0.000000e+00   0.000000e+00
      120000   1.199990e-06   5.821551e-02   1.122144e+01   2.240633e+01  -3.482195e+04   2.284846e+04   1.177153e+06  -3.282161e+06  -5.002143e+06  -4.267729e-16   1.177889e+06   1.196257e-28   0.000000e+00   0.000000e+00
      128000   1.279990e-06   5.542974e-02   1.122326e+01   2.250050e+01  -3.482220e+04   2.284808e+04   1.177153e+06  -2.383087e+06  -3.632004e+06  -2.717670e-16   1.177889e+06   6.306160e-29   0.000000e+00   0.000000e+00
      136000   1.359990e-06   5.264396e-02   1.122509e+01   2.259467e+01  -3.482241e+04   2.284776e+04   1.177153e+06  -2.850206e+06  -4.344016e+06  -1.365239e-16   1.177889e+06   9.020975e-29   0.000000e+00   0.000000e+00
      144000   1.439990e-06   4.985815e-02   1.122692e+01   2.268885e+01  -3.482266e+04   2.284738e+04   1.177153e+06  -2.986509e+06  -4.551865e+06  -4.988623e-16   1.177889e+06   9.905461e-29   0.000000e+00   0.000000e+00
      152000   1.519990e-06   4.707233e-02   1.122875e+01   2.278302e+01  -3.482288e+04   2.284704e+04   1.177153e+06  -2.939556e+06  -4.480397e+06  -1.263847e-16   1.177889e+06   9.596046e-29   0.000000e+00   0.000000e+00
      160000   1.599990e-06   4.428649e-02   1.123058e+01   2.287719e+01  -3.482313e+04   2.284665e+04   1.177153e+06  -3.071031e+06  -4.680902e+06   3.119827e-17   1.177889e+06   1.047473e-28   0.000000e+00   0.000000e+00
      168000   1.679990e-06   4.150063e-02   1.123240e+01   2.297136e+01  -3.482337e+04   2.284630e+04   1.177153e+06  -3.028899e+06  -4.616785e+06  -1.153549e-16   1.177889e+06   1.018889e-28   0.000000e+00   0.000000e+00
      176000   1.759990e-06   3.871475e-02   1.123423e+01   2.306554e+01  -3.482362e+04   2.284591e+04   1.177153e+06  -3.155546e+06  -4.809946e+06   2.090112e-16   1.177889e+06   1.105991e-28   0.000000e+00   0.000000e+00
      184000   1.839990e-06   3.592885e-02   1.123606e+01   2.315971e+01  -3.482387e+04   2.284554e+04   1.177153e+06  -3.118234e+06  -4.753180e+06  -1.034500e-15   1.177889e+06   1.079952e-28   0.000000e+00   0.000000e+00
      192000   1.919990e-06   3.314293e-02   1.123789e+01   2.325388e+01  -3.482413e+04   2.284514e+04   1.177153e+06  -3.240054e+06  -4.938997e+06  -6.031220e-16   1.177889e+06   1.166100e-28   0.000000e+00   0.000000e+00
      200000   1.999990e-06   3.035699e-02   1.123971e+01   2.334805e+01  -3.482438e+04   2.284476e+04   1.177153e+06  -3.207562e+06  -4.889584e+06  -5.054495e-17   1.177889e+06   1.142792e-28   0.000000e+00   0.000000e+00
      208000   2.079990e-06   2.757103e-02   1.124154e+01   2.344222e+01  -3.482465e+04   2.284435e+04   1.177153e+06  -3.324554e+06  -5.068056e+06   5.709325e-16   1.177889e+06   1.227800e-28   0.000000e+00   0.000000e+00
      216000   2.159990e-06   2.478505e-02   1.124337e+01   2.353640e+01  -3.482490e+04   2.284395e+04   1.177153e+06  -3.296882e+06  -5.025995e+06  -5.016040e-16   1.177889e+06   1.207410e-28   0.000000e+00   0.000000e+00
      224000   2.239990e-06   2.199905e-02   1.124520e+01   2.363057e+01  -3.482518e+04   2.284353e+04   1.177153e+06  -3.409046e+06  -5.197123e+06   3.850758e-16   1.177889e+06   1.291093e-28   0.000000e+00   0.000000e+00
      232000   2.319990e-06   1.921302e-02   1.124702e+01   2.372474e+01  -3.482544e+04   2.284313e+04   1.177153e+06  -3.386194e+06  -5.162414e+06  -4.418079e-18   1.177889e+06   1.273806e-28   0.000000e+00   0.000000e+00
      240000   2.399990e-06   1.642697e-02   1.124885e+01   2.381891e+01  -3.482573e+04   2.284270e+04   1.177153e+06  -3.493530e+06  -5.326199e+06  -2.903044e-16   1.177889e+06   1.355976e-28   0.000000e+00   0.000000e+00
      248000   2.479990e-06   1.364090e-02   1.125068e+01   2.391309e+01  -3.482600e+04   2.284229e+04   1.177153e+06  -3.475497e+06  -5.298841e+06   2.119192e-16   1.177889e+06   1.341980e-28   0.000000e+00   0.000000e+00
      256000   2.559990e-06   1.085481e-02   1.125251e+01   2.400726e+01  -3.482629e+04   2.284184e+04   1.177153e+06  -3.578006e+06  -5.455283e+06  -2.830877e-16   1.177889e+06   1.422452e-28   0.000000e+00   0.000000e+00
      264000   2.639990e-06   8.068699e-03   1.125433e+01   2.410143e+01  -3.482656e+04   2.284143e+04   1.177153e+06  -3.564793e+06  -5.435277e+06   1.236178e-16   1.177889e+06   1.411932e-28   0.000000e+00   0.000000e+00
      272000   2.719990e-06   5.282562e-03   1.125616e+01   2.419560e+01  -3.482687e+04   2.284096e+04   1.177153e+06  -4.031740e+06  -6.147414e+06   7.604599e-16   1.177889e+06   1.806132e-28   0.000000e+00   0.000000e+00
      280000   2.799990e-06   2.496401e-03   1.125799e+01   2.428977e+01  -3.482715e+04   2.284054e+04   1.177153e+06  -3.282410e+06  -5.005003e+06  -1.195665e-16   1.177889e+06   1.197268e-28   0.000000e+00   0.000000e+00
