       time             b_x              b_y              b_z              F_x              F_y              F_z
  0.00000000e+00   9.03610049e-08   3.31566615e-08   0.00000000e+00  -1.02253700e-19   2.78669404e-19  -1.35403942e-19
  8.00000000e-08   3.79020358e-07   1.39076029e-07   0.00000000e+00  -4.28904241e-19   1.16888180e-18  -5.67954630e-19
  1.60000000e-07   1.52648732e-06   5.53662503e-07  -2.96986768e-14  -1.70746858e-18   4.70761350e-18  -2.29200382e-18
  2.40000000e-07   3.79006720e-06   1.37455382e-06  -7.72471383e-14  -4.23903843e-18   1.16883310e-17  -5.69095258e-18
  3.20000000e-07   1.12302716e-06   4.03193854e-07  -5.18387755e-14  -1.24342169e-18   3.46333715e-18  -1.68920007e-18
  4.00000000e-07   4.30703120e-06   1.54528369e-06   4.59395537e-08  -4.68471675e-18   1.32499171e-17  -6.47937509e-18
  4.80000000e-07   3.95915375e-06   1.41522969e-06   5.65042190e-07  -3.37060675e-18   1.18089487e-17  -5.95995223e-18
  5.60000000e-07  -2.33307889e-06  -8.36135420e-07  -9.71580607e-07   8.69709204e-19  -6.50606299e-18   3.51061919e-18
  6.40000000e-07  -4.97231099e-07  -1.78190855e-07  -4.50738782e-07  -2.43250321e-19  -1.21381757e-18   7.48200132e-19
  7.20000000e-07  -2.30886870e-13  -3.14425264e-14   1.75282470e-07   3.08290731e-19  -1.24279671e-19   3.83795455e-25
  8.00000000e-07   2.18010540e-14   3.16062343e-14  -5.20311326e-07  -9.15134713e-19   3.68912494e-19  -1.59346263e-26
  8.80000000e-07  -4.51031120e-14  -3.18528737e-14   2.40495281e-07   4.22988344e-19  -1.70516609e-19   5.67439271e-26
  9.60000000e-07   0.00000000e+00   0.00000000e+00  -4.52724701e-07  -7.96261868e-19   3.20991878e-19  -2.41229079e-42
  1.04000000e-06   0.00000000e+00   0.00000000e+00  -9.08215488e-07  -1.59739035e-18   6.43941095e-19  -9.70943316e-42
  1.12000000e-06   0.00000000e+00   0.00000000e+00  -3.84797612e-07  -6.76791119e-19   2.72827917e-19  -1.74263492e-42
  1.20000000e-06   0.00000000e+00   0.00000000e+00  -3.19007417e-13  -5.61078072e-25   2.26180827e-25  -1.19822302e-54
  1.28000000e-06   0.00000000e+00   0.00000000e+00  -1.26331813e-13  -2.22195492e-25   8.95710643e-26  -1.87958320e-55
  1.36000000e-06   0.00000000e+00   0.00000000e+00  -1.45444152e-13  -2.55810743e-25   1.03121986e-25  -2.48937289e-55
  1.44000000e-06   0.00000000e+00   0.00000000e+00  -3.77295044e-13  -6.63595781e-25   2.67507589e-25  -1.67558322e-54
  1.52000000e-06   0.00000000e+00   0.00000000e+00  -4.26188945e-13  -7.49591575e-25   3.02174065e-25  -2.13824659e-54
  1.60000000e-06   0.00000000e+00   0.00000000e+00  -7.55241019e-13  -1.32833644e-24   5.35476698e-25  -6.71452526e-54
  1.68000000e-06   0.00000000e+00   0.00000000e+00  -9.38531884e-13  -1.65071291e-24   6.65432546e-25  -1.03692509e-53
  1.76000000e-06   0.00000000e+00   0.00000000e+00   3.24916926e-13   5.71471862e-25  -2.30370753e-25  -1.24276185e-54
  1.84000000e-06   0.00000000e+00   0.00000000e+00  -6.58402070e-13  -1.15801372e-24   4.66816496e-25  -5.10159289e-54
  1.92000000e-06   0.00000000e+00   0.00000000e+00  -5.05555692e-13  -8.89183757e-25   3.58446225e-25  -3.00912106e-54
  2.00000000e-06   0.00000000e+00   0.00000000e+00  -2.48115159e-13  -4.36391030e-25   1.75917201e-25  -7.25193058e-55
  2.08000000e-06   0.00000000e+00   0.00000000e+00   6.63264191e-14   1.16656533e-25  -4.70263810e-26  -5.17251263e-56
  2.16000000e-06   0.00000000e+00   0.00000000e+00   5.65598830e-13   9.94789101e-25  -4.01017670e-25  -3.76501056e-54
  2.24000000e-06   0.00000000e+00   0.00000000e+00  -1.94689006e-13  -3.42423800e-25   1.38037293e-25  -4.46084858e-55
  2.32000000e-06   0.00000000e+00   0.00000000e+00  -7.42078867e-13  -1.30518652e-24   5.26144543e-25  -6.48196835e-54
  2.40000000e-06   0.00000000e+00   0.00000000e+00  -5.18716630e-13  -9.12331537e-25   3.67777519e-25  -3.16757428e-54
  2.48000000e-06   0.00000000e+00   0.00000000e+00  -5.14129747e-13  -9.04264013e-25   3.64525353e-25  -3.11287666e-54
  2.56000000e-06   0.00000000e+00   0.00000000e+00  -2.55821625e-13  -4.49945352e-25   1.81381196e-25  -7.70561955e-55
  2.64000000e-06   0.00000000e+00   0.00000000e+00  -1.08478102e-13  -1.90793948e-25   7.69125278e-26  -1.38580505e-55
  2.72000000e-06   0.00000000e+00   0.00000000e+00   6.81525512e-14   1.19868379e-25  -4.83211348e-26  -5.47302322e-56
  2.80000000e-06   0.00000000e+00   0.00000000e+00  -1.78298573e-13  -3.13595906e-25   1.26416242e-25  -3.74124519e-55
  2.88000000e-06   0.00000000e+00   0.00000000e+00  -1.13778495e-12  -2.00116409e-24   8.06705822e-25  -1.52387271e-53
  2.96000000e-06   0.00000000e+00   0.00000000e+00  -4.33652918e-13  -7.62719393e-25   3.07466129e-25  -2.21407348e-54
  3.04000000e-06   0.00000000e+00   0.00000000e+00  -2.86027683e-13  -5.03072508e-25   2.02797723e-25  -9.63258157e-55
  3.12000000e-06   0.00000000e+00   0.00000000e+00  -1.06911601e-13  -1.88038747e-25   7.58018560e-26  -1.34578607e-55
  3.20000000e-06   0.00000000e+00   0.00000000e+00  -4.79410363e-13  -8.43198710e-25   3.39908812e-25  -2.70540512e-54
  3.28000000e-06   0.00000000e+00   0.00000000e+00  -5.21254220e-13  -9.16794712e-25   3.69576706e-25  -3.19870756e-54
  3.36000000e-06   0.00000000e+00   0.00000000e+00  -4.49797559e-13  -7.91114983e-25   3.18912910e-25  -2.38148674e-54
  3.44000000e-06   0.00000000e+00   0.00000000e+00  -3.77135924e-13  -6.63315916e-25   2.67394770e-25  -1.67413875e-54
  3.52000000e-06   0.00000000e+00   0.00000000e+00  -2.67583948e-13  -4.70633214e-25   1.89720851e-25  -8.43145797e-55
  3.60000000e-06   0.00000000e+00   0.00000000e+00  -4.72201686e-13  -8.30519912e-25   3.34797757e-25  -2.62498736e-54
  3.68000000e-06   0.00000000e+00   0.00000000e+00  -6.19585915e-13  -1.08974291e-24   4.39295286e-25  -4.51907797e-54
  3.76000000e-06   0.00000000e+00   0.00000000e+00  -3.63206286e-13  -6.38816127e-25   2.57518458e-25  -1.55339480e-54
  3.84000000e-06   0.00000000e+00   0.00000000e+00  -1.32285612e-14  -2.32667181e-26   9.37923933e-27  -2.07378369e-57
  3.92000000e-06   0.00000000e+00   0.00000000e+00  -7.30306076e-14  -1.28448025e-25   5.17797465e-26  -6.28684930e-56
  4.00000000e-06   0.00000000e+00   0.00000000e+00   2.98853768e-13   5.25631340e-25  -2.11891601e-25  -1.05112140e-54
  4.08000000e-06   0.00000000e+00   0.00000000e+00  -6.59119389e-13  -1.15927535e-24   4.67325085e-25  -5.11381304e-54
  4.16000000e-06   0.00000000e+00   0.00000000e+00  -5.29105889e-13  -9.30604420e-25   3.75143652e-25  -3.29637013e-54
  4.24000000e-06   0.00000000e+00   0.00000000e+00  -7.72676678e-13  -1.35900270e-24   5.47838829e-25  -7.02824963e-54
  4.32000000e-06   0.00000000e+00   0.00000000e+00  -2.15587396e-13  -3.79180402e-25   1.52854551e-25  -5.47411874e-55
  4.40000000e-06   0.00000000e+00   0.00000000e+00  -6.19674308e-13  -1.08989838e-24   4.39357958e-25  -4.52013040e-54
  4.48000000e-06   0.00000000e+00   0.00000000e+00  -6.05237960e-14  -1.06450738e-25   4.29122381e-26  -4.31816625e-56
  4.56000000e-06   0.00000000e+00   0.00000000e+00   2.60959914e-13   4.58982700e-25  -1.85024316e-25  -8.01464628e-55
  4.64000000e-06   0.00000000e+00   0.00000000e+00  -2.27593192e-13  -4.00296490e-25   1.61366832e-25  -6.09995761e-55
  4.72000000e-06   0.00000000e+00   0.00000000e+00  -4.65402538e-13  -8.18561404e-25   3.29977064e-25  -2.55012278e-54
  4.80000000e-06   0.00000000e+00   0.00000000e+00  -3.23630669e-13  -5.69209562e-25   2.29458779e-25  -1.23315431e-54
  4.88000000e-06   0.00000000e+00   0.00000000e+00  -4.82788027e-13  -8.49139428e-25   3.42303624e-25  -2.74397411e-54
  4.96000000e-06   0.00000000e+00   0.00000000e+00  -4.98333470e-13  -8.76481135e-25   3.53325566e-25  -2.92352795e-54
  5.04000000e-06   0.00000000e+00   0.00000000e+00  -4.06132545e-13  -7.14315886e-25   2.87953790e-25  -1.94180699e-54
  5.12000000e-06   0.00000000e+00   0.00000000e+00  -5.76867609e-13  -1.01460891e-24   4.09007395e-25  -3.91758707e-54
  5.20000000e-06   0.00000000e+00   0.00000000e+00  -5.99042510e-13  -1.05361066e-24   4.24729717e-25  -4.22456297e-54
  5.28000000e-06   0.00000000e+00   0.00000000e+00   1.76092666e-15   3.09716102e-27  -1.24852222e-27  -3.55172993e-59
  5.36000000e-06   0.00000000e+00   0.00000000e+00  -6.54547193e-13  -1.15123366e-24   4.64083332e-25  -5.04458278e-54
  5.44000000e-06   0.00000000e+00   0.00000000e+00  -6.25209606e-13  -1.09963400e-24   4.43282563e-25  -4.60189404e-54
  5.52000000e-06   0.00000000e+00   0.00000000e+00  -1.17336742e-13  -2.06374742e-25   8.31934306e-26  -1.62235021e-55
  5.60000000e-06   0.00000000e+00   0.00000000e+00  -4.71233743e-13  -8.28817470e-25   3.34111472e-25  -2.61392672e-54
  5.68000000e-06   0.00000000e+00   0.00000000e+00  -7.13942719e-13  -1.25569997e-24   5.06195611e-25  -6.00065602e-54
  5.76000000e-06   0.00000000e+00   0.00000000e+00  -7.04272195e-13  -1.23869122e-24   4.99339071e-25  -5.83919661e-54
  5.84000000e-06   0.00000000e+00   0.00000000e+00  -8.68930668e-13  -1.52829658e-24   6.16084287e-25  -8.88830157e-54
  5.92000000e-06   0.00000000e+00   0.00000000e+00  -8.49927939e-13  -1.49487411e-24   6.02611079e-25  -8.50415612e-54
  6.00000000e-06   0.00000000e+00   0.00000000e+00  -8.77400230e-13  -1.54319305e-24   6.22089327e-25  -9.06280448e-54
  6.08000000e-06   0.00000000e+00   0.00000000e+00  -7.42633906e-13  -1.30616274e-24   5.26538074e-25  -6.49244310e-54
  6.16000000e-06   0.00000000e+00   0.00000000e+00  -8.24151497e-13  -1.44953787e-24   5.84335213e-25  -7.99602028e-54
  6.24000000e-06   0.00000000e+00   0.00000000e+00  -1.33161969e-13  -2.34208538e-25   9.44137426e-26  -2.08880551e-55
  6.32000000e-06   0.00000000e+00   0.00000000e+00  -1.23894277e-12  -2.17908295e-24   8.78428166e-25  -1.80689818e-53
  6.40000000e-06   0.00000000e+00   0.00000000e+00  -4.94815136e-13  -8.70293002e-25   3.50831017e-25  -2.88271564e-54
  6.48000000e-06   0.00000000e+00   0.00000000e+00  -6.59121248e-13  -1.15927862e-24   4.67326403e-25  -5.11493951e-54
  6.56000000e-06   0.00000000e+00   0.00000000e+00  -7.72000449e-13  -1.35781333e-24   5.47359373e-25  -7.01605307e-54
  6.64000000e-06   0.00000000e+00   0.00000000e+00  -5.67767382e-13  -9.98603202e-25   4.02555204e-25  -3.79518645e-54
  6.72000000e-06   0.00000000e+00   0.00000000e+00  -4.54200016e-13  -7.98858134e-25   3.22034316e-25  -2.42880116e-54
  6.80000000e-06   0.00000000e+00   0.00000000e+00  -7.14036331e-13  -1.25586462e-24   5.06261983e-25  -6.00276376e-54
  6.88000000e-06   0.00000000e+00   0.00000000e+00  -7.27442749e-13  -1.27944416e-24   5.15767326e-25  -6.22893936e-54
  6.96000000e-06   0.00000000e+00   0.00000000e+00  -1.08962596e-12  -1.91646088e-24   7.72560411e-25  -1.39762068e-53
  7.04000000e-06   0.00000000e+00   0.00000000e+00  -1.20456447e-12  -2.11861754e-24   8.54053457e-25  -1.70807822e-53
  7.12000000e-06   0.00000000e+00   0.00000000e+00  -7.76623923e-13  -1.36594521e-24   5.50637482e-25  -7.10098668e-54
  7.20000000e-06   0.00000000e+00   0.00000000e+00  -3.46907966e-13  -6.10150244e-25   2.45962716e-25  -1.41711533e-54
  7.28000000e-06   0.00000000e+00   0.00000000e+00  -5.83971207e-13  -1.02710289e-24   4.14043948e-25  -4.01487179e-54
  7.36000000e-06   0.00000000e+00   0.00000000e+00  -4.85596087e-13  -8.54078312e-25   3.44294579e-25  -2.77614966e-54
  7.44000000e-06   0.00000000e+00   0.00000000e+00  -7.90286647e-13  -1.38997555e-24   5.60324550e-25  -7.35223808e-54
  7.52000000e-06   0.00000000e+00   0.00000000e+00  -4.58255219e-13  -8.05990523e-25   3.24909512e-25  -2.47245401e-54
  7.60000000e-06   0.00000000e+00   0.00000000e+00  -1.29250166e-12  -2.27328364e-24   9.16402187e-25  -1.96656825e-53
  7.68000000e-06   0.00000000e+00   0.00000000e+00  -8.19496904e-13  -1.44135126e-24   5.81035040e-25  -7.90693979e-54
  7.76000000e-06   0.00000000e+00   0.00000000e+00  -4.92856596e-13  -8.66848275e-25   3.49442384e-25  -2.86011584e-54
  7.84000000e-06   0.00000000e+00   0.00000000e+00  -6.62573832e-13  -1.16535111e-24   4.69774334e-25  -5.16789345e-54
  7.92000000e-06   0.00000000e+00   0.00000000e+00  -6.51902191e-13  -1.14658157e-24   4.62207989e-25  -5.00267592e-54
  8.00000000e-06   0.00000000e+00   0.00000000e+00  -8.70134119e-13  -1.53041324e-24   6.16937550e-25  -8.91287664e-54
  8.08000000e-06   0.00000000e+00   0.00000000e+00  -1.19071260e-12  -2.09425454e-24   8.44232286e-25  -1.66903844e-53
  8.16000000e-06   0.00000000e+00   0.00000000e+00  -3.95438671e-13  -6.95507238e-25   2.80371680e-25  -1.84116828e-54
  8.24000000e-06   0.00000000e+00   0.00000000e+00  -7.01034588e-13  -1.23299684e-24   4.97043562e-25  -5.78546459e-54
  8.32000000e-06   0.00000000e+00   0.00000000e+00  -7.73187901e-13  -1.35990185e-24   5.48201293e-25  -7.03769578e-54
  8.40000000e-06   0.00000000e+00   0.00000000e+00  -8.85175883e-13  -1.55686906e-24   6.27602376e-25  -9.22365126e-54
  8.48000000e-06   0.00000000e+00   0.00000000e+00  -1.10362031e-12  -1.94107449e-24   7.82482605e-25  -1.43379943e-53
  8.56000000e-06   0.00000000e+00   0.00000000e+00  -9.97713894e-13  -1.75480368e-24   7.07393438e-25  -1.17185611e-53
  8.64000000e-06   0.00000000e+00   0.00000000e+00  -1.24544497e-12  -2.19051917e-24   8.83038317e-25  -1.82619721e-53
  8.72000000e-06   0.00000000e+00   0.00000000e+00  -9.23484418e-13  -1.62424705e-24   6.54763676e-25  -1.00407816e-53
  8.80000000e-06   0.00000000e+00   0.00000000e+00  -1.32310965e-12  -2.32711771e-24   9.38103685e-25  -2.06082316e-53
  8.88000000e-06   0.00000000e+00   0.00000000e+00  -4.53829228e-13  -7.98205981e-25   3.21771421e-25  -2.42484297e-54
  8.96000000e-06   0.00000000e+00   0.00000000e+00  -1.15456887e-12  -2.03068406e-24   8.18605862e-25  -1.56910483e-53
  9.04000000e-06   0.00000000e+00   0.00000000e+00  -8.99685367e-13  -1.58238870e-24   6.37889808e-25  -9.52941078e-54
  9.12000000e-06   0.00000000e+00   0.00000000e+00  -1.32337140e-12  -2.32757809e-24   9.38289273e-25  -2.06160385e-53
  9.20000000e-06   0.00000000e+00   0.00000000e+00  -9.66182149e-13  -1.69934487e-24   6.85036979e-25  -1.09904465e-53
  9.28000000e-06   0.00000000e+00   0.00000000e+00  -7.27747337e-13  -1.27997987e-24   5.15983283e-25  -6.23544344e-54
  9.36000000e-06   0.00000000e+00   0.00000000e+00  -6.08921381e-13  -1.07098587e-24   4.31733978e-25  -4.36525333e-54
  9.44000000e-06   0.00000000e+00   0.00000000e+00  -9.75666486e-13  -1.71602616e-24   6.91761510e-25  -1.12071566e-53
  9.52000000e-06   0.00000000e+00   0.00000000e+00  -7.76669205e-13  -1.36602486e-24   5.50669588e-25  -7.10183393e-54
  9.60000000e-06   0.00000000e+00   0.00000000e+00  -1.08201782e-12  -1.90307949e-24   7.67166127e-25  -1.37846455e-53
  9.68000000e-06   0.00000000e+00   0.00000000e+00  -5.21386904e-13  -9.17028080e-25   3.69670781e-25  -3.20116086e-54
  9.76000000e-06   0.00000000e+00   0.00000000e+00  -1.33323664e-12  -2.34492931e-24   9.45283866e-25  -2.09248390e-53
  9.84000000e-06   0.00000000e+00   0.00000000e+00  -1.02463612e-12  -1.80215515e-24   7.26481682e-25  -1.23586758e-53
  9.92000000e-06   0.00000000e+00   0.00000000e+00  -1.38236356e-12  -2.43133495e-24   9.80115560e-25  -2.24950509e-53
  1.00000000e-05   0.00000000e+00   0.00000000e+00  -1.08435915e-12  -1.90719748e-24   7.68826166e-25  -1.38430378e-53
  1.00800000e-05   0.00000000e+00   0.00000000e+00  -1.70994494e-12  -3.00749312e-24   1.21237545e-24  -3.44192547e-53
  1.01600000e-05   0.00000000e+00   0.00000000e+00  -9.61438564e-13  -1.69100174e-24   6.81673709e-25  -1.08840751e-53
  1.02400000e-05   0.00000000e+00   0.00000000e+00  -2.71300831e-13  -4.77170558e-25   1.92356174e-25  -8.67059533e-55
  1.03200000e-05   0.00000000e+00   0.00000000e+00  -7.61462170e-13  -1.33927835e-24   5.39887582e-25  -6.82696634e-54
  1.04000000e-05   0.00000000e+00   0.00000000e+00  -1.21321966e-12  -2.13384050e-24   8.60190108e-25  -1.73271784e-53
  1.04800000e-05   0.00000000e+00   0.00000000e+00  -1.45402878e-12  -2.55738149e-24   1.03092722e-24  -2.48884898e-53
  1.05600000e-05   0.00000000e+00   0.00000000e+00  -1.60625136e-12  -2.82511431e-24   1.13885522e-24  -3.03716093e-53
  1.06400000e-05   0.00000000e+00   0.00000000e+00  -8.31537271e-13  -1.46252816e-24   5.89571832e-25  -8.14112232e-54
  1.07200000e-05   0.00000000e+00   0.00000000e+00  -1.33590369e-12  -2.34962020e-24   9.47174848e-25  -2.10088906e-53
  1.08000000e-05   0.00000000e+00   0.00000000e+00  -9.38885820e-13  -1.65133542e-24   6.65683490e-25  -1.03768749e-53
  1.08800000e-05   0.00000000e+00   0.00000000e+00  -1.19399940e-12  -2.10003545e-24   8.46562674e-25  -1.67824570e-53
  1.09600000e-05   0.00000000e+00   0.00000000e+00  -9.84942956e-13  -1.73234184e-24   6.98338659e-25  -1.14211374e-53
  1.10400000e-05   0.00000000e+00   0.00000000e+00  -1.33787767e-12  -2.35309208e-24   9.48574426e-25  -2.10708792e-53
  1.11200000e-05   0.00000000e+00   0.00000000e+00  -1.02503244e-12  -1.80285220e-24   7.26762677e-25  -1.23698545e-53
  1.12000000e-05   0.00000000e+00   0.00000000e+00  -1.13756305e-12  -2.00077380e-24   8.06548490e-25  -1.52337529e-53
  1.12800000e-05   0.00000000e+00   0.00000000e+00  -1.20319161e-12  -2.11620293e-24   8.53080080e-25  -1.70419584e-53
  1.13600000e-05   0.00000000e+00   0.00000000e+00  -1.29411472e-12  -2.27612073e-24   9.17545870e-25  -1.97153678e-53
  1.14400000e-05   0.00000000e+00   0.00000000e+00  -1.42755314e-12  -2.51081549e-24   1.01215562e-24  -2.39908117e-53
  1.15200000e-05   0.00000000e+00   0.00000000e+00  -1.36700264e-12  -2.40431778e-24   9.69224445e-25  -2.20013387e-53
  1.16000000e-05   0.00000000e+00   0.00000000e+00  -1.72607157e-12  -3.03585704e-24   1.22380946e-24  -3.50719510e-53
  1.16800000e-05   0.00000000e+00   0.00000000e+00  -2.17434830e-12  -3.82429715e-24   1.54164408e-24  -5.56552793e-53
  1.17600000e-05   0.00000000e+00   0.00000000e+00  -1.28391538e-12  -2.25818187e-24   9.10314388e-25  -1.94050472e-53
  1.18400000e-05   0.00000000e+00   0.00000000e+00  -1.62235349e-12  -2.85343513e-24   1.15027186e-24  -3.09840974e-53
  1.19200000e-05   0.00000000e+00   0.00000000e+00  -6.51368382e-13  -1.14564269e-24   4.61829510e-25  -4.99568099e-54
  1.20000000e-05   0.00000000e+00   0.00000000e+00  -1.39015070e-12  -2.44503116e-24   9.85636752e-25  -2.27528005e-53
  1.20800000e-05   0.00000000e+00   0.00000000e+00  -8.70675272e-13  -1.53136503e-24   6.17321235e-25  -8.92581168e-54
  1.21600000e-05   0.00000000e+00   0.00000000e+00  -2.16801995e-12  -3.81316669e-24   1.53715719e-24  -5.53297287e-53
  1.22400000e-05   0.00000000e+00   0.00000000e+00  -1.49179144e-12  -2.62379938e-24   1.05770149e-24  -2.61995359e-53
  1.23200000e-05   0.00000000e+00   0.00000000e+00  -2.16091697e-12  -3.80067379e-24   1.53212107e-24  -5.49691624e-53
  1.24000000e-05   0.00000000e+00   0.00000000e+00  -1.71005068e-12  -3.00767909e-24   1.21245042e-24  -3.44258647e-53
  1.24800000e-05   0.00000000e+00   0.00000000e+00  -1.38397247e-12  -2.43416475e-24   9.81256301e-25  -2.25494958e-53
  1.25600000e-05   0.00000000e+00   0.00000000e+00  -1.45110785e-12  -2.55224410e-24   1.02885625e-24  -2.47898248e-53
  1.26400000e-05   0.00000000e+00   0.00000000e+00  -1.40366458e-12  -2.46879971e-24   9.95218287e-25  -2.31953471e-53
  1.27200000e-05   0.00000000e+00   0.00000000e+00  -1.60388136e-12  -2.82094590e-24   1.13717485e-24  -3.02824454e-53
  1.28000000e-05   0.00000000e+00   0.00000000e+00  -1.95934706e-12  -3.44614769e-24   1.38920512e-24  -4.51932491e-53
  1.28800000e-05   0.00000000e+00   0.00000000e+00  -4.98567064e-13  -8.76891985e-25   3.53491187e-25  -2.92706663e-54
  1.29600000e-05   0.00000000e+00   0.00000000e+00  -1.76173785e-12  -3.09858776e-24   1.24909736e-24  -3.65403942e-53
  1.30400000e-05   0.00000000e+00   0.00000000e+00  -1.43500910e-12  -2.52392922e-24   1.01744200e-24  -2.42440156e-53
  1.31200000e-05   0.00000000e+00   0.00000000e+00  -1.91437789e-12  -3.36705480e-24   1.35732133e-24  -4.31428054e-53
  1.32000000e-05   0.00000000e+00   0.00000000e+00  -1.30133835e-12  -2.28882581e-24   9.22667521e-25  -1.99370910e-53
  1.32800000e-05   0.00000000e+00   0.00000000e+00  -9.46920615e-13  -1.66546721e-24   6.71380275e-25  -1.05565753e-53
  1.33600000e-05   0.00000000e+00   0.00000000e+00  -1.02165670e-12  -1.79691487e-24   7.24369227e-25  -1.22883698e-53
  1.34400000e-05   0.00000000e+00   0.00000000e+00  -1.06725899e-12  -1.87712130e-24   7.56701908e-25  -1.34099201e-53
  1.35200000e-05   0.00000000e+00   0.00000000e+00  -1.20425632e-12  -2.11807557e-24   8.53834975e-25  -1.70737531e-53
  1.36000000e-05   0.00000000e+00   0.00000000e+00  -9.75697434e-13  -1.71608059e-24   6.91783451e-25  -1.12079525e-53
  1.36800000e-05   2.95948958e-14   1.14387976e-15  -1.55408394e-12  -2.73688855e-24   1.19313488e-24  -5.12412017e-26
  1.37600000e-05   6.24001820e-16   2.41184582e-17  -1.42172543e-12  -2.50063995e-24   1.00994803e-24  -1.08040938e-27
  1.38400000e-05   2.55985858e-13   5.67395228e-14  -2.02462955e-12  -3.73594604e-24   2.22492111e-24  -4.10005073e-25
  1.39200000e-05  -8.82651963e-14  -1.50711653e-14  -1.55385252e-12  -2.68647627e-24   8.29504380e-25   1.44557321e-25
  1.40000000e-05  -5.17724376e-13  -1.09154722e-13  -1.27315890e-12  -1.90264301e-24  -6.93912153e-25   8.33194075e-25
  1.40800000e-05   5.58384048e-14   1.66547098e-14  -1.94974006e-12  -3.48061178e-24   1.55459258e-24  -8.64015287e-26
  1.41600000e-05  -3.80783513e-14   1.44674792e-14  -1.61187370e-12  -2.87961899e-24   1.02541245e-24   7.72307886e-26
  1.42400000e-05  -3.36365088e-13  -6.48943243e-14  -1.60975694e-12  -2.63115367e-24   1.04031026e-25   5.45596165e-25
  1.43200000e-05  -3.19769039e-14  -4.11890796e-15  -1.79250748e-12  -3.14000393e-24   1.17230053e-24   5.33213985e-26
  1.44000000e-05   5.56691085e-14   7.17067340e-15  -1.77188967e-12  -3.13855652e-24   1.42797202e-24  -9.28280839e-26
  1.44800000e-05   0.00000000e+00   0.00000000e+00  -1.62689838e-12  -2.86142878e-24   1.15349424e-24  -3.11595436e-53
  1.45600000e-05   0.00000000e+00   0.00000000e+00  -1.63793297e-12  -2.88083670e-24   1.16131793e-24  -3.15847576e-53
  1.46400000e-05   0.00000000e+00   0.00000000e+00  -2.19131191e-12  -3.85413316e-24   1.55367152e-24  -5.65289564e-53
  1.47200000e-05   0.00000000e+00   0.00000000e+00  -2.12557328e-12  -3.73851045e-24   1.50706189e-24  -5.31872644e-53
  1.48000000e-05   0.00000000e+00   0.00000000e+00  -2.00097703e-12  -3.51936750e-24   1.41872137e-24  -4.71382402e-53
  1.48800000e-05   0.00000000e+00   0.00000000e+00  -1.64797356e-12  -2.89849633e-24   1.16843685e-24  -3.19735521e-53
  1.49600000e-05   0.00000000e+00   0.00000000e+00  -1.34614501e-12  -2.36763288e-24   9.54436089e-25  -2.13343080e-53
  1.50400000e-05   0.00000000e+00   0.00000000e+00  -1.60753513e-12  -2.82737224e-24   1.13976543e-24  -3.04221132e-53
  1.51200000e-05   0.00000000e+00   0.00000000e+00  -2.18884369e-12  -3.84979199e-24   1.55192152e-24  -5.64003693e-53
  1.52000000e-05   0.00000000e+00   0.00000000e+00  -2.55318687e-12  -4.49060772e-24   1.81024605e-24  -7.67397242e-53
  1.52800000e-05   0.00000000e+00   0.00000000e+00  -1.97962349e-12  -3.48181037e-24   1.40358140e-24  -4.61353822e-53
  1.53600000e-05   0.00000000e+00   0.00000000e+00  -2.00874736e-12  -3.53303415e-24   1.42423064e-24  -4.75028413e-53
  1.54400000e-05   0.00000000e+00   0.00000000e+00  -1.94949940e-12  -3.42882739e-24   1.38222299e-24  -4.47430707e-53
  1.55200000e-05   0.00000000e+00   0.00000000e+00  -1.74512150e-12  -3.06936252e-24   1.23731613e-24  -3.58502721e-53
  1.56000000e-05   0.00000000e+00   0.00000000e+00  -2.21775391e-12  -3.90064000e-24   1.57241928e-24  -5.78994040e-53
  1.56800000e-05   0.00000000e+00   0.00000000e+00  -1.37330571e-12  -2.41540377e-24   9.73693410e-25  -2.22044778e-53
  1.57600000e-05   0.00000000e+00   0.00000000e+00  -2.34006016e-12  -4.11575523e-24   1.65913616e-24  -6.44628950e-53
  1.58400000e-05   0.00000000e+00   0.00000000e+00  -1.60659464e-12  -2.82571808e-24   1.13909861e-24  -3.03888788e-53
  1.59200000e-05   0.00000000e+00   0.00000000e+00  -2.09940761e-12  -3.69248962e-24   1.48851006e-24  -5.18876325e-53
  1.60000000e-05   0.00000000e+00   0.00000000e+00  -1.95354015e-12  -3.43593436e-24   1.38508794e-24  -4.49289539e-53
  1.60800000e-05   0.00000000e+00   0.00000000e+00  -1.88528594e-12  -3.31588717e-24   1.33669472e-24  -4.18439613e-53
  1.61600000e-05   0.00000000e+00   0.00000000e+00  -1.74961608e-12  -3.07726769e-24   1.24050285e-24  -3.60383139e-53
  1.62400000e-05   0.00000000e+00   0.00000000e+00  -2.10063089e-12  -3.69464115e-24   1.48937738e-24  -5.19472355e-53
  1.63200000e-05   0.00000000e+00   0.00000000e+00  -1.86266113e-12  -3.27609411e-24   1.32065341e-24  -4.08433770e-53
  1.64000000e-05   0.00000000e+00   0.00000000e+00  -2.14718674e-12  -3.77652473e-24   1.52238614e-24  -5.42744923e-53
  1.64800000e-05   0.00000000e+00   0.00000000e+00  -1.70764235e-12  -3.00344326e-24   1.21074288e-24  -3.43297953e-53
  1.65600000e-05   0.00000000e+00   0.00000000e+00  -1.59979040e-12  -2.81375061e-24   1.13427430e-24  -3.01303389e-53
  1.66400000e-05   0.00000000e+00   0.00000000e+00  -1.48806327e-12  -2.61724220e-24   1.05505817e-24  -2.60684048e-53
  1.67200000e-05   0.00000000e+00   0.00000000e+00  -2.03550567e-12  -3.58009732e-24   1.44320267e-24  -4.87734929e-53
  1.68000000e-05   0.00000000e+00   0.00000000e+00  -2.08642605e-12  -3.66965733e-24   1.47930594e-24  -5.12470484e-53
  1.68800000e-05   0.00000000e+00   0.00000000e+00  -2.73934043e-12  -4.81801917e-24   1.94223159e-24  -8.83363157e-53
  1.69600000e-05   0.00000000e+00   0.00000000e+00  -1.76606617e-12  -3.10620051e-24   1.25216620e-24  -3.67214030e-53
  1.70400000e-05   0.00000000e+00   0.00000000e+00  -2.00445435e-12  -3.52548350e-24   1.42118683e-24  -4.73041857e-53
  1.71200000e-05   0.00000000e+00   0.00000000e+00  -1.32674309e-12  -2.33350830e-24   9.40679846e-25  -2.07252438e-53
  1.72000000e-05   0.00000000e+00   0.00000000e+00  -1.98970322e-12  -3.49953884e-24   1.41072807e-24  -4.66040407e-53
  1.72800000e-05   0.00000000e+00   0.00000000e+00  -2.01803669e-12  -3.54937245e-24   1.43081691e-24  -4.79435865e-53
  1.73600000e-05   0.00000000e+00   0.00000000e+00  -1.98309132e-12  -3.48790967e-24   1.40604014e-24  -4.62975344e-53
  1.74400000e-05   0.00000000e+00   0.00000000e+00  -1.99049995e-12  -3.50094016e-24   1.41129297e-24  -4.66444103e-53
  1.75200000e-05   0.00000000e+00   0.00000000e+00  -1.90359623e-12  -3.34809177e-24   1.34967699e-24  -4.26604226e-53
  1.76000000e-05   0.00000000e+00   0.00000000e+00  -1.92779122e-12  -3.39064650e-24   1.36683158e-24  -4.37513602e-53
  1.76800000e-05   0.00000000e+00   0.00000000e+00  -2.24930242e-12  -3.95612830e-24   1.59478763e-24  -5.95599311e-53
  1.77600000e-05   0.00000000e+00   0.00000000e+00  -2.49871325e-12  -4.39479818e-24   1.77162347e-24  -7.35008777e-53
  1.78400000e-05   0.00000000e+00   0.00000000e+00  -2.47233619e-12  -4.34840556e-24   1.75292176e-24  -7.19587391e-53
  1.79200000e-05   0.00000000e+00   0.00000000e+00  -2.07486998e-12  -3.64933223e-24   1.47111252e-24  -5.06840634e-53
  1.80000000e-05   0.00000000e+00   0.00000000e+00  -1.81269594e-12  -3.18821409e-24   1.28522737e-24  -3.86853488e-53
  1.80800000e-05   0.00000000e+00   0.00000000e+00  -1.13187926e-12  -1.99077701e-24   8.02518601e-25  -1.50836273e-53
  1.81600000e-05   0.00000000e+00   0.00000000e+00  -2.46777980e-12  -4.34039167e-24   1.74969121e-24  -7.16904144e-53
  1.82400000e-05   0.00000000e+00   0.00000000e+00  -2.15237123e-12  -3.78564334e-24   1.52606202e-24  -5.45366498e-53
  1.83200000e-05   0.00000000e+00   0.00000000e+00  -2.47796462e-12  -4.35830497e-24   1.75691239e-24  -7.22847125e-53
  1.84000000e-05   0.00000000e+00   0.00000000e+00  -2.12182936e-12  -3.73192554e-24   1.50440740e-24  -5.30025771e-53
  1.84800000e-05   0.00000000e+00   0.00000000e+00  -2.01327316e-12  -3.54099423e-24   1.42743949e-24  -4.77179506e-53
  1.85600000e-05   0.00000000e+00   0.00000000e+00  -2.31193505e-12  -4.06628809e-24   1.63919505e-24  -6.29244588e-53
  1.86400000e-05   0.00000000e+00   0.00000000e+00  -2.29538340e-12  -4.03717665e-24   1.62745970e-24  -6.20284047e-53
  1.87200000e-05   0.00000000e+00   0.00000000e+00  -2.09209575e-12  -3.67962935e-24   1.48332585e-24  -5.15281071e-53
  1.88000000e-05   0.00000000e+00   0.00000000e+00  -2.96985739e-12  -5.22345806e-24   2.10567142e-24  -1.03831512e-52
  1.88800000e-05   0.00000000e+00   0.00000000e+00  -2.06013893e-12  -3.62342289e-24   1.46066800e-24  -4.99631617e-53
  1.89600000e-05   0.00000000e+00   0.00000000e+00  -2.58915960e-12  -4.55387744e-24   1.83575123e-24  -7.89172868e-53
  1.90400000e-05   0.00000000e+00   0.00000000e+00  -2.50029553e-12  -4.39758114e-24   1.77274533e-24  -7.35939284e-53
  1.91200000e-05   0.00000000e+00   0.00000000e+00  -3.03749126e-12  -5.34241416e-24   2.15362479e-24  -1.08613213e-52
  1.92000000e-05   0.00000000e+00   0.00000000e+00  -1.71325742e-12  -3.01331920e-24   1.21472404e-24  -3.45591599e-53
  1.92800000e-05   0.00000000e+00   0.00000000e+00  -9.65141879e-13  -1.69751522e-24   6.84299411e-25  -1.09682414e-53
  1.93600000e-05   0.00000000e+00   0.00000000e+00  -1.45075897e-12  -2.55163048e-24   1.02860888e-24  -2.47800245e-53
  1.94400000e-05   0.00000000e+00   0.00000000e+00  -2.17672426e-12  -3.82847605e-24   1.54332867e-24  -5.57768211e-53
  1.95200000e-05   0.00000000e+00   0.00000000e+00  -2.64986675e-12  -4.66065066e-24   1.87879347e-24  -8.26607247e-53
  1.96000000e-05   0.00000000e+00   0.00000000e+00  -2.18684531e-12  -3.84627719e-24   1.55050463e-24  -5.62960386e-53
  1.96800000e-05   0.00000000e+00   0.00000000e+00  -2.76716751e-12  -4.86696212e-24   1.96196138e-24  -9.01402281e-53
  1.97600000e-05   0.00000000e+00   0.00000000e+00  -2.45442031e-12  -4.31689466e-24   1.74021914e-24  -7.09184045e-53
  1.98400000e-05   0.00000000e+00   0.00000000e+00  -2.51757326e-12  -4.42796962e-24   1.78499549e-24  -7.46162188e-53
  1.99200000e-05   0.00000000e+00   0.00000000e+00  -2.55278917e-12  -4.48990822e-24   1.80996407e-24  -7.67182912e-53
  2.00000000e-05   0.00000000e+00   0.00000000e+00  -2.23684609e-12  -3.93421979e-24   1.58595590e-24  -5.89024960e-53
  2.00800000e-05   0.00000000e+00   0.00000000e+00  -2.42287428e-12  -4.26141073e-24   1.71785255e-24  -6.91073030e-53
  2.01600000e-05   0.00000000e+00   0.00000000e+00  -1.96308068e-12  -3.45271447e-24   1.39185231e-24  -4.53695639e-53
  2.02400000e-05   0.00000000e+00   0.00000000e+00  -2.14346441e-12  -3.76997781e-24   1.51974696e-24  -5.40873699e-53
  2.03200000e-05   0.00000000e+00   0.00000000e+00  -2.28587991e-12  -4.02046167e-24   1.62072158e-24  -6.15135198e-53
  2.04000000e-05   0.00000000e+00   0.00000000e+00  -2.97653654e-12  -5.23520550e-24   2.11040702e-24  -1.04298840e-52
  2.04800000e-05   0.00000000e+00   0.00000000e+00  -2.19262168e-12  -3.85643682e-24   1.55460017e-24  -5.66001985e-53
  2.05600000e-05   0.00000000e+00   0.00000000e+00  -2.21072497e-12  -3.88827733e-24   1.56743566e-24  -5.75369527e-53
  2.06400000e-05   0.00000000e+00   0.00000000e+00  -2.23761779e-12  -3.93557708e-24   1.58650305e-24  -5.89445111e-53
  2.07200000e-05   0.00000000e+00   0.00000000e+00  -2.50450429e-12  -4.40498360e-24   1.77572940e-24  -7.38445626e-53
  2.08000000e-05   0.00000000e+00   0.00000000e+00  -2.62534331e-12  -4.61751823e-24   1.86140599e-24  -8.11386597e-53
  2.08800000e-05   0.00000000e+00   0.00000000e+00  -2.98559755e-12  -5.25114223e-24   2.11683141e-24  -1.04934900e-52
  2.09600000e-05   0.00000000e+00   0.00000000e+00  -2.51890643e-12  -4.43031443e-24   1.78594072e-24  -7.46948776e-53
  2.10400000e-05   0.00000000e+00   0.00000000e+00  -2.60641405e-12  -4.58422499e-24   1.84798488e-24  -7.99748978e-53
  2.11200000e-05   0.00000000e+00   0.00000000e+00  -2.53639894e-12  -4.46108069e-24   1.79834316e-24  -7.57367595e-53
  2.12000000e-05   0.00000000e+00   0.00000000e+00  -2.06114028e-12  -3.62518410e-24   1.46137797e-24  -5.00088744e-53
  2.12800000e-05   0.00000000e+00   0.00000000e+00  -2.79282812e-12  -4.91209463e-24   1.98015512e-24  -9.18185636e-53
  2.13600000e-05   0.00000000e+00   0.00000000e+00  -2.17475159e-12  -3.82500647e-24   1.54193002e-24  -5.56810835e-53
  2.14400000e-05   0.00000000e+00   0.00000000e+00  -3.00041228e-12  -5.27719874e-24   2.12733527e-24  -1.05979161e-52
  2.15200000e-05   0.00000000e+00   0.00000000e+00  -2.08805031e-12  -3.67251412e-24   1.48045756e-24  -5.13317139e-53
  2.16000000e-05   0.00000000e+00   0.00000000e+00  -2.72384991e-12  -4.79077406e-24   1.93124859e-24  -8.73421234e-53
  2.16800000e-05   0.00000000e+00   0.00000000e+00  -1.89731021e-12  -3.33703575e-24   1.34522010e-24  -4.23805663e-53
  2.17600000e-05   0.00000000e+00   0.00000000e+00  -2.48889182e-12  -4.37752401e-24   1.76465994e-24  -7.29246995e-53
  2.18400000e-05   0.00000000e+00   0.00000000e+00  -2.67037077e-12  -4.69671364e-24   1.89333111e-24  -8.39472118e-53
  2.19200000e-05   0.00000000e+00   0.00000000e+00  -2.60567823e-12  -4.58293081e-24   1.84746317e-24  -7.99307249e-53
  2.20000000e-05   0.00000000e+00   0.00000000e+00  -2.37343779e-12  -4.17446063e-24   1.68280138e-24  -6.63184756e-53
  2.20800000e-05   0.00000000e+00   0.00000000e+00  -2.19189204e-12  -3.85515351e-24   1.55408284e-24  -5.65610986e-53
  2.21600000e-05   0.00000000e+00   0.00000000e+00  -2.40567476e-12  -4.23115979e-24   1.70565785e-24  -6.81313358e-53
  2.22400000e-05   0.00000000e+00   0.00000000e+00  -2.34898673e-12  -4.13145551e-24   1.66546523e-24  -6.49582432e-53
  2.23200000e-05   0.00000000e+00   0.00000000e+00  -2.12399879e-12  -3.73574119e-24   1.50594555e-24  -5.31103582e-53
  2.24000000e-05   0.00000000e+00   0.00000000e+00  -2.13049931e-12  -3.74717446e-24   1.51055451e-24  -5.34322908e-53
  2.24800000e-05   0.00000000e+00   0.00000000e+00  -2.70982337e-12  -4.76610384e-24   1.92130357e-24  -8.64428901e-53
  2.25600000e-05   0.00000000e+00   0.00000000e+00  -2.60963740e-12  -4.58989430e-24   1.85027028e-24  -8.01748080e-53
  2.26400000e-05   0.00000000e+00   0.00000000e+00  -2.71072908e-12  -4.76769681e-24   1.92194573e-24  -8.65054370e-53
  2.27200000e-05   0.00000000e+00   0.00000000e+00  -2.79739589e-12  -4.92012854e-24   1.98339374e-24  -9.21261974e-53
  2.28000000e-05   0.00000000e+00   0.00000000e+00  -2.67484157e-12  -4.70457700e-24   1.89650097e-24  -8.42309360e-53
  2.28800000e-05   0.00000000e+00   0.00000000e+00  -2.75009299e-12  -4.83693103e-24   1.94985530e-24  -8.90372921e-53
  2.29600000e-05   0.00000000e+00   0.00000000e+00  -2.64777689e-12  -4.65697496e-24   1.87731172e-24  -8.25318413e-53
  2.30400000e-05   0.00000000e+00   0.00000000e+00  -2.93462615e-12  -5.16149249e-24   2.08069196e-24  -1.01383079e-52
  2.31200000e-05   0.00000000e+00   0.00000000e+00  -2.62351418e-12  -4.61430111e-24   1.86010911e-24  -8.10284828e-53
  2.32000000e-05   0.00000000e+00   0.00000000e+00  -2.61497163e-12  -4.59927627e-24   1.85405232e-24  -8.05016608e-53
  2.32800000e-05   0.00000000e+00   0.00000000e+00  -3.04801448e-12  -5.36092265e-24   2.16108590e-24  -1.09369796e-52
  2.33600000e-05   0.00000000e+00   0.00000000e+00  -2.62898161e-12  -4.62391736e-24   1.86398560e-24  -8.13685404e-53
  2.34400000e-05   0.00000000e+00   0.00000000e+00  -2.36485969e-12  -4.15937324e-24   1.67671938e-24  -6.58405431e-53
  2.35200000e-05   0.00000000e+00   0.00000000e+00  -3.08850345e-12  -5.43213564e-24   2.18979316e-24  -1.12288856e-52
  2.36000000e-05   0.00000000e+00   0.00000000e+00  -2.08464033e-12  -3.66651657e-24   1.47803984e-24  -5.11645291e-53
  2.36800000e-05   0.00000000e+00   0.00000000e+00  -3.18871349e-12  -5.60838752e-24   2.26084351e-24  -1.19694958e-52
  2.37600000e-05   0.00000000e+00   0.00000000e+00  -2.13493124e-12  -3.75496945e-24   1.51369682e-24  -5.36628386e-53
  2.38400000e-05   0.00000000e+00   0.00000000e+00  -3.06021741e-12  -5.38238547e-24   2.16973796e-24  -1.10245380e-52
  2.39200000e-05   0.00000000e+00   0.00000000e+00  -2.22844798e-12  -3.91944899e-24   1.58000152e-24  -5.84653150e-53
  2.40000000e-05   0.00000000e+00   0.00000000e+00  -1.76110113e-12  -3.09746788e-24   1.24864591e-24  -3.65147159e-53
  2.40800000e-05   0.00000000e+00   0.00000000e+00  -3.06385005e-12  -5.38877465e-24   2.17231355e-24  -1.10509897e-52
  2.41600000e-05   0.00000000e+00   0.00000000e+00  -2.49444375e-12  -4.38728888e-24   1.76859634e-24  -7.32576057e-53
  2.42400000e-05   0.00000000e+00   0.00000000e+00  -1.69568722e-12  -2.98241629e-24   1.20226652e-24  -3.38542470e-53
  2.43200000e-05   0.00000000e+00   0.00000000e+00  -2.49654513e-12  -4.39098483e-24   1.77008624e-24  -7.33748037e-53
  2.44000000e-05   0.00000000e+00   0.00000000e+00  -2.55199546e-12  -4.48851223e-24   1.80940132e-24  -7.66704404e-53
  2.44800000e-05   0.00000000e+00   0.00000000e+00  -3.66960720e-12  -6.45419519e-24   2.60180405e-24  -1.58522922e-52
  2.45600000e-05   0.00000000e+00   0.00000000e+00  -2.46260114e-12  -4.33128331e-24   1.74601946e-24  -7.13914638e-53
  2.46400000e-05   0.00000000e+00   0.00000000e+00  -2.74356572e-12  -4.82545071e-24   1.94522737e-24  -8.86115104e-53
  2.47200000e-05   0.00000000e+00   0.00000000e+00  -2.38457097e-12  -4.19404193e-24   1.69069495e-24  -6.69483961e-53
  2.48000000e-05   0.00000000e+00   0.00000000e+00  -2.76741145e-12  -4.86739117e-24   1.96213434e-24  -9.01601615e-53
  2.48800000e-05   0.00000000e+00   0.00000000e+00  -2.33833228e-12  -4.11271620e-24   1.65791107e-24  -6.43722445e-53
  2.49600000e-05   0.00000000e+00   0.00000000e+00  -2.00066893e-12  -3.51882560e-24   1.41850291e-24  -4.71236912e-53
  2.50400000e-05   0.00000000e+00   0.00000000e+00  -2.18644621e-12  -3.84557525e-24   1.55022167e-24  -5.62794945e-53
  2.51200000e-05   0.00000000e+00   0.00000000e+00  -2.40848337e-12  -4.23609964e-24   1.70764919e-24  -6.82890575e-53
  2.52000000e-05   0.00000000e+00   0.00000000e+00  -2.55723939e-12  -4.49773539e-24   1.81311934e-24  -7.69851530e-53
  2.52800000e-05   0.00000000e+00   0.00000000e+00  -2.67234548e-12  -4.70018681e-24   1.89473121e-24  -8.40765174e-53
  2.53600000e-05   0.00000000e+00   0.00000000e+00  -2.20505149e-12  -3.87829867e-24   1.56341308e-24  -5.72441357e-53
  2.54400000e-05   0.00000000e+00   0.00000000e+00  -2.28035808e-12  -4.01074975e-24   1.61680653e-24  -6.12185405e-53
  2.55200000e-05   0.00000000e+00   0.00000000e+00  -2.56486301e-12  -4.51114399e-24   1.81852459e-24  -7.74447273e-53
  2.56000000e-05   0.00000000e+00   0.00000000e+00  -2.73058311e-12  -4.80261658e-24   1.93602252e-24  -8.77757872e-53
  2.56800000e-05   0.00000000e+00   0.00000000e+00  -2.38344097e-12  -4.19205447e-24   1.68989377e-24  -6.68791844e-53
  2.57600000e-05   0.00000000e+00   0.00000000e+00  -2.12783919e-12  -3.74249579e-24   1.50866845e-24  -5.33041685e-53
  2.58400000e-05   0.00000000e+00   0.00000000e+00  -2.64376274e-12  -4.64991479e-24   1.87446564e-24  -8.22815647e-53
  2.59200000e-05   0.00000000e+00   0.00000000e+00  -2.59137226e-12  -4.55776911e-24   1.83732003e-24  -7.90518075e-53
  2.60000000e-05   0.00000000e+00   0.00000000e+00  -3.02880656e-12  -5.32713929e-24   2.14746721e-24  -1.07993574e-52
  2.60800000e-05   0.00000000e+00   0.00000000e+00  -2.58644561e-12  -4.54910401e-24   1.83382697e-24  -7.87562200e-53
  2.61600000e-05   0.00000000e+00   0.00000000e+00  -3.13705682e-12  -5.51753252e-24   2.22421820e-24  -1.15852408e-52
  2.62400000e-05   0.00000000e+00   0.00000000e+00  -2.36465080e-12  -4.15900585e-24   1.67657127e-24  -6.58318040e-53
  2.63200000e-05   0.00000000e+00   0.00000000e+00  -2.66722153e-12  -4.69117468e-24   1.89109825e-24  -8.37484289e-53
  2.64000000e-05   0.00000000e+00   0.00000000e+00  -2.43546780e-12  -4.28356053e-24   1.72678154e-24  -6.98299308e-53
  2.64800000e-05   0.00000000e+00   0.00000000e+00  -2.81617332e-12  -4.95315474e-24   1.99670720e-24  -9.33660083e-53
  2.65600000e-05   0.00000000e+00   0.00000000e+00  -2.82892038e-12  -4.97557457e-24   2.00574505e-24  -9.42131406e-53
  2.66400000e-05   0.00000000e+00   0.00000000e+00  -2.57150061e-12  -4.52281838e-24   1.82323075e-24  -7.78449259e-53
  2.67200000e-05   0.00000000e+00   0.00000000e+00  -2.89071470e-12  -5.08425994e-24   2.04955811e-24  -9.83714322e-53
  2.68000000e-05   0.00000000e+00   0.00000000e+00  -1.71051623e-12  -3.00849792e-24   1.21278050e-24  -3.44478795e-53
  2.68800000e-05   0.00000000e+00   0.00000000e+00  -2.68552795e-12  -4.72337245e-24   1.90407776e-24  -8.49044534e-53
  2.69600000e-05   0.00000000e+00   0.00000000e+00  -2.67079811e-12  -4.69746525e-24   1.89363410e-24  -8.39756244e-53
  2.70400000e-05   0.00000000e+00   0.00000000e+00  -2.12435790e-12  -3.73637281e-24   1.50620017e-24  -5.31326974e-53
  2.71200000e-05   0.00000000e+00   0.00000000e+00  -2.24622873e-12  -3.95072222e-24   1.59260833e-24  -5.93958095e-53
  2.72000000e-05   0.00000000e+00   0.00000000e+00  -2.49647458e-12  -4.39086075e-24   1.77003622e-24  -7.33691891e-53
  2.72800000e-05   0.00000000e+00   0.00000000e+00  -3.01885757e-12  -5.30964077e-24   2.14041323e-24  -1.07284973e-52
  2.73600000e-05   0.00000000e+00   0.00000000e+00  -2.37762239e-12  -4.18182061e-24   1.68576832e-24  -6.65528689e-53
  2.74400000e-05   0.00000000e+00   0.00000000e+00  -2.42596385e-12  -4.26684475e-24   1.72004310e-24  -6.92839515e-53
  2.75200000e-05   0.00000000e+00   0.00000000e+00  -2.57173493e-12  -4.52323049e-24   1.82339688e-24  -7.78604258e-53
  2.76000000e-05   0.00000000e+00   0.00000000e+00  -2.40418553e-12  -4.22854050e-24   1.70460196e-24  -6.80488453e-53
  2.76800000e-05   0.00000000e+00   0.00000000e+00  -2.65606424e-12  -4.67155096e-24   1.88318757e-24  -8.30524861e-53
  2.77600000e-05   0.00000000e+00   0.00000000e+00  -2.53459881e-12  -4.45791458e-24   1.79706684e-24  -7.56300136e-53
  2.78400000e-05   0.00000000e+00   0.00000000e+00  -2.57189546e-12  -4.52351285e-24   1.82351070e-24  -7.78758046e-53
  2.79200000e-05   0.00000000e+00   0.00000000e+00  -1.97023351e-12  -3.46529505e-24   1.39692377e-24  -4.57024078e-53
  2.80000000e-05   0.00000000e+00   0.00000000e+00  -2.33298343e-12  -4.10330851e-24   1.65411865e-24  -6.40756152e-53
  2.80800000e-05   0.00000000e+00   0.00000000e+00  -2.52377562e-12  -4.43887848e-24   1.78939304e-24  -7.49807117e-53
  2.81600000e-05   0.00000000e+00   0.00000000e+00  -3.04549300e-12  -5.35648783e-24   2.15929814e-24  -1.09186045e-52
  2.82400000e-05   0.00000000e+00   0.00000000e+00  -2.14506075e-12  -3.77278548e-24   1.52087878e-24  -5.41701397e-53
  2.83200000e-05   0.00000000e+00   0.00000000e+00  -2.15333019e-12  -3.78732998e-24   1.52674193e-24  -5.45861853e-53
  2.84000000e-05   0.00000000e+00   0.00000000e+00  -2.22950678e-12  -3.92131123e-24   1.58075222e-24  -5.85167577e-53
  2.84800000e-05   0.00000000e+00   0.00000000e+00  -2.67691041e-12  -4.70821571e-24   1.89796780e-24  -8.43589036e-53
  2.85600000e-05   0.00000000e+00   0.00000000e+00  -2.15560804e-12  -3.79133632e-24   1.52835696e-24  -5.47034681e-53
  2.86400000e-05   0.00000000e+00   0.00000000e+00  -2.32865490e-12  -4.09569539e-24   1.65104967e-24  -6.38358817e-53
  2.87200000e-05   0.00000000e+00   0.00000000e+00  -2.67026172e-12  -4.69652184e-24   1.89325379e-24  -8.39390970e-53
  2.88000000e-05   0.00000000e+00   0.00000000e+00  -2.67491078e-12  -4.70469871e-24   1.89655003e-24  -8.42370134e-53
  2.88800000e-05   0.00000000e+00   0.00000000e+00  -2.33400712e-12  -4.10510899e-24   1.65484446e-24  -6.41343553e-53
  2.89600000e-05   0.00000000e+00   0.00000000e+00  -2.41600297e-12  -4.24932532e-24   1.71298070e-24  -6.87174394e-53
  2.90400000e-05   0.00000000e+00   0.00000000e+00  -2.56900086e-12  -4.51842175e-24   1.82145839e-24  -7.76961032e-53
  2.91200000e-05   0.00000000e+00   0.00000000e+00  -2.56388102e-12  -4.50941686e-24   1.81782835e-24  -7.73867264e-53
  2.92000000e-05   0.00000000e+00   0.00000000e+00  -2.78584822e-12  -4.89981820e-24   1.97520627e-24  -9.13644671e-53
  2.92800000e-05   0.00000000e+00   0.00000000e+00  -2.71603621e-12  -4.77703114e-24   1.92570856e-24  -8.68461635e-53
  2.93600000e-05   0.00000000e+00   0.00000000e+00  -2.98247120e-12  -5.24564352e-24   2.11461478e-24  -1.04717510e-52
  2.94400000e-05   0.00000000e+00   0.00000000e+00  -1.70977462e-12  -3.00719356e-24   1.21225468e-24  -3.44180046e-53
  2.95200000e-05   0.00000000e+00   0.00000000e+00  -2.51522956e-12  -4.42384747e-24   1.78333377e-24  -7.44717278e-53
  2.96000000e-05   0.00000000e+00   0.00000000e+00  -2.05432760e-12  -3.61320180e-24   1.45654768e-24  -4.96850535e-53
  2.96800000e-05   0.00000000e+00   0.00000000e+00  -1.75468750e-12  -3.08618743e-24   1.24409856e-24  -3.62483821e-53
  2.97600000e-05   0.00000000e+00   0.00000000e+00  -1.90637313e-12  -3.35297585e-24   1.35164584e-24  -4.27876780e-53
  2.98400000e-05   0.00000000e+00   0.00000000e+00  -2.60702757e-12  -4.58530406e-24   1.84841987e-24  -8.00083665e-53
  2.99200000e-05   0.00000000e+00   0.00000000e+00  -3.24014471e-12  -5.69884603e-24   2.29730899e-24  -1.23588517e-52
  3.00000000e-05   0.00000000e+00   0.00000000e+00  -2.39504470e-12  -4.21246338e-24   1.69812098e-24  -6.75317630e-53
  3.00800000e-05   0.00000000e+00   0.00000000e+00  -2.16739916e-12  -3.81207483e-24   1.53671704e-24  -5.53044057e-53
  3.01600000e-05   0.00000000e+00   0.00000000e+00  -3.06163991e-12  -5.38488740e-24   2.17074653e-24  -1.10345830e-52
  3.02400000e-05   0.00000000e+00   0.00000000e+00  -2.46837271e-12  -4.34143450e-24   1.75011159e-24  -7.17315238e-53
  3.03200000e-05   0.00000000e+00   0.00000000e+00  -2.05778171e-12  -3.61927696e-24   1.45899669e-24  -4.98529418e-53
  3.04000000e-05   0.00000000e+00   0.00000000e+00  -1.80246925e-12  -3.17022715e-24   1.27797650e-24  -3.82493786e-53
  3.04800000e-05   0.00000000e+00   0.00000000e+00  -2.88497992e-12  -5.07417348e-24   2.04549206e-24  -9.79792142e-53
  3.05600000e-05   0.00000000e+00   0.00000000e+00  -2.41187404e-12  -4.24206324e-24   1.71005322e-24  -6.84832085e-53
  3.06400000e-05   0.00000000e+00   0.00000000e+00  -2.34099781e-12  -4.11740439e-24   1.65980096e-24  -6.45166935e-53
  3.07200000e-05   0.00000000e+00   0.00000000e+00  -2.20678940e-12  -3.88135535e-24   1.56464528e-24  -5.73321152e-53
  3.08000000e-05   0.00000000e+00   0.00000000e+00  -2.05084147e-12  -3.60707031e-24   1.45407596e-24  -4.95159501e-53
  3.08800000e-05   0.00000000e+00   0.00000000e+00  -1.85418868e-12  -3.26119254e-24   1.31464631e-24  -4.04752823e-53
  3.09600000e-05   0.00000000e+00   0.00000000e+00  -2.44128948e-12  -4.29379984e-24   1.73090919e-24  -7.01618160e-53
  3.10400000e-05   0.00000000e+00   0.00000000e+00  -2.62699791e-12  -4.62042839e-24   1.86257913e-24  -8.12423172e-53
  3.11200000e-05   0.00000000e+00   0.00000000e+00  -1.96598868e-12  -3.45782913e-24   1.39391412e-24  -4.55034521e-53
  3.12000000e-05   0.00000000e+00   0.00000000e+00  -1.69085484e-12  -2.97391698e-24   1.19884028e-24  -3.36561188e-53
  3.12800000e-05   0.00000000e+00   0.00000000e+00  -1.98890939e-12  -3.49814264e-24   1.41016523e-24  -4.65676421e-53
  3.13600000e-05   0.00000000e+00   0.00000000e+00  -2.42830242e-12  -4.27095788e-24   1.72170118e-24  -6.94145656e-53
  3.14400000e-05   0.00000000e+00   0.00000000e+00  -2.13919004e-12  -3.76245994e-24   1.51671637e-24  -5.38729292e-53
  3.15200000e-05   0.00000000e+00   0.00000000e+00  -1.31839828e-12  -2.31883124e-24   9.34763253e-25  -2.04644699e-53
  3.16000000e-05   0.00000000e+00   0.00000000e+00  -1.80002875e-12  -3.16593473e-24   1.27624615e-24  -3.81444172e-53
  3.16800000e-05   0.00000000e+00   0.00000000e+00  -1.97031811e-12  -3.46544384e-24   1.39698375e-24  -4.57032539e-53
  3.17600000e-05   0.00000000e+00   0.00000000e+00  -1.75806348e-12  -3.09212518e-24   1.24649217e-24  -3.63885618e-53
  3.18400000e-05   0.00000000e+00   0.00000000e+00  -1.65522547e-12  -2.91125118e-24   1.17357855e-24  -3.22529467e-53
  3.19200000e-05   0.00000000e+00   0.00000000e+00  -1.94704513e-12  -3.42451075e-24   1.38048287e-24  -4.46281336e-53
  3.20000000e-05   0.00000000e+00   0.00000000e+00  -2.09448458e-12  -3.68383087e-24   1.48501955e-24  -5.16431411e-53
  3.20800000e-05   0.00000000e+00   0.00000000e+00  -2.11966671e-12  -3.72812182e-24   1.50287404e-24  -5.28936133e-53
  3.21600000e-05   0.00000000e+00   0.00000000e+00  -1.89673099e-12  -3.33601701e-24   1.34480942e-24  -4.23532340e-53
  3.22400000e-05   0.00000000e+00   0.00000000e+00  -1.81680803e-12  -3.19544655e-24   1.28814290e-24  -3.88591575e-53
  3.23200000e-05   0.00000000e+00   0.00000000e+00  -1.39140833e-12  -2.44724312e-24   9.86528426e-25  -2.27879763e-53
  3.24000000e-05   0.00000000e+00   0.00000000e+00  -1.81435482e-12  -3.19113178e-24   1.28640354e-24  -3.87552232e-53
  3.24800000e-05   0.00000000e+00   0.00000000e+00  -1.55912394e-12  -2.74222544e-24   1.10544119e-24  -2.86186784e-53
  3.25600000e-05   0.00000000e+00   0.00000000e+00  -1.82938345e-12  -3.21756450e-24   1.29705905e-24  -3.94007203e-53
  3.26400000e-05   0.00000000e+00   0.00000000e+00  -1.42252011e-12  -2.50196327e-24   1.00858712e-24  -2.38242042e-53
  3.27200000e-05   0.00000000e+00   0.00000000e+00  -2.25106200e-12  -3.95922308e-24   1.59603518e-24  -5.96524980e-53
  3.28000000e-05   0.00000000e+00   0.00000000e+00  -1.65392321e-12  -2.90896072e-24   1.17265523e-24  -3.22032638e-53
  3.28800000e-05   0.00000000e+00   0.00000000e+00  -1.67396303e-12  -2.94420726e-24   1.18686375e-24  -3.29883770e-53
  3.29600000e-05   0.00000000e+00   0.00000000e+00  -2.00658774e-12  -3.52923576e-24   1.42269943e-24  -4.73966823e-53
  3.30400000e-05   0.00000000e+00   0.00000000e+00  -1.80978707e-12  -3.18309791e-24   1.28316494e-24  -3.85605111e-53
  3.31200000e-05   0.00000000e+00   0.00000000e+00  -1.83674240e-12  -3.23050761e-24   1.30227666e-24  -3.97150927e-53
  3.32000000e-05   0.00000000e+00   0.00000000e+00  -2.03036640e-12  -3.57105824e-24   1.43955884e-24  -4.85298561e-53
  3.32800000e-05   0.00000000e+00   0.00000000e+00  -1.68237842e-12  -2.95900845e-24   1.19283038e-24  -3.33216411e-53
  3.33600000e-05   0.00000000e+00   0.00000000e+00  -1.79269420e-12  -3.15303454e-24   1.27104585e-24  -3.78341605e-53
  3.34400000e-05   0.00000000e+00   0.00000000e+00  -1.77364385e-12  -3.11952832e-24   1.25753888e-24  -3.70343326e-53
  3.35200000e-05   0.00000000e+00   0.00000000e+00  -1.08780517e-12  -1.91325843e-24   7.71269439e-25  -1.39287899e-53
  3.36000000e-05   0.00000000e+00   0.00000000e+00  -1.68263833e-12  -2.95946559e-24   1.19301466e-24  -3.33283410e-53
  3.36800000e-05   0.00000000e+00   0.00000000e+00  -1.07605511e-12  -1.89259213e-24   7.62938477e-25  -1.36327723e-53
  3.37600000e-05   0.00000000e+00   0.00000000e+00  -1.62381600e-12  -2.85600742e-24   1.15130879e-24  -3.10388644e-53
  3.38400000e-05   0.00000000e+00   0.00000000e+00  -2.19706204e-12  -3.86424662e-24   1.55774843e-24  -5.68233499e-53
  3.39200000e-05   0.00000000e+00   0.00000000e+00  -1.79536469e-12  -3.15773146e-24   1.27293926e-24  -3.79471089e-53
  3.40000000e-05   0.00000000e+00   0.00000000e+00  -1.67840380e-12  -2.95201779e-24   1.19001232e-24  -3.31634248e-53
  3.40800000e-05   0.00000000e+00   0.00000000e+00  -1.55296604e-12  -2.73139477e-24   1.10107515e-24  -2.83879223e-53
  3.41600000e-05   0.00000000e+00   0.00000000e+00  -1.63576644e-12  -2.87702616e-24   1.15978182e-24  -3.15011547e-53
  3.42400000e-05   0.00000000e+00   0.00000000e+00  -1.70990879e-12  -3.00742954e-24   1.21234981e-24  -3.44207795e-53
  3.43200000e-05   0.00000000e+00   0.00000000e+00  -9.61899155e-13  -1.69181184e-24   6.82000271e-25  -1.08942131e-53
  3.44000000e-05   0.00000000e+00   0.00000000e+00  -3.74894011e-13  -6.59372786e-25   2.65805220e-25  -1.65522682e-54
  3.44800000e-05   0.00000000e+00   0.00000000e+00  -1.33787978e-12  -2.35309578e-24   9.48575915e-25  -2.10728711e-53
  3.45600000e-05   0.00000000e+00   0.00000000e+00  -1.96421093e-12  -3.45470238e-24   1.39265367e-24  -4.54161315e-53
  3.46400000e-05   0.00000000e+00   0.00000000e+00  -2.62686829e-12  -4.62020041e-24   1.86248722e-24  -8.12306127e-53
  3.47200000e-05   0.00000000e+00   0.00000000e+00  -1.14345885e-12  -2.01114348e-24   8.10728692e-25  -1.53920209e-53
  3.48000000e-05   0.00000000e+00   0.00000000e+00  -1.31150273e-12  -2.30670319e-24   9.29874212e-25  -2.02486004e-53
  3.48800000e-05   0.00000000e+00   0.00000000e+00  -1.35245719e-12  -2.37873489e-24   9.58911507e-25  -2.15332214e-53
  3.49600000e-05   0.00000000e+00   0.00000000e+00  -1.33767706e-12  -2.35273924e-24   9.48432184e-25  -2.10672850e-53
  3.50400000e-05   0.00000000e+00   0.00000000e+00  -1.10032116e-12  -1.93527185e-24   7.80143450e-25  -1.42537934e-53
  3.51200000e-05   0.00000000e+00   0.00000000e+00  -7.84920493e-13  -1.38053742e-24   5.56519866e-25  -7.25407999e-54
  3.52000000e-05   0.00000000e+00   0.00000000e+00  -1.16624064e-12  -2.05121265e-24   8.26881305e-25  -1.60110112e-53
  3.52800000e-05   0.00000000e+00   0.00000000e+00  -8.71370168e-13  -1.53258723e-24   6.17813923e-25  -8.93965787e-54
  3.53600000e-05   0.00000000e+00   0.00000000e+00  -5.10198873e-13  -8.97350297e-25   3.61738304e-25  -3.06497099e-54
  3.54400000e-05   0.00000000e+00   0.00000000e+00  -8.22812762e-13  -1.44718328e-24   5.83386027e-25  -7.97044926e-54
  3.55200000e-05   0.00000000e+00   0.00000000e+00  -1.25024184e-12  -2.19895603e-24   8.86439363e-25  -1.83998799e-53
  3.56000000e-05   0.00000000e+00   0.00000000e+00  -1.75221062e-12  -3.08183104e-24   1.24234242e-24  -3.61419880e-53
  3.56800000e-05   0.00000000e+00   0.00000000e+00  -1.30169989e-12  -2.28946172e-24   9.22923859e-25  -1.99490463e-53
  3.57600000e-05   0.00000000e+00   0.00000000e+00  -9.43492836e-13  -1.65943835e-24   6.68949927e-25  -1.04806678e-53
  3.58400000e-05   0.00000000e+00   0.00000000e+00  -1.28450071e-12  -2.25921137e-24   9.10729390e-25  -1.94224416e-53
  3.59200000e-05   0.00000000e+00   0.00000000e+00  -8.48408512e-13  -1.49220171e-24   6.01533780e-25  -8.47294239e-54
  3.60000000e-05   0.00000000e+00   0.00000000e+00  -1.21021746e-12  -2.12856017e-24   8.58061505e-25  -1.72410969e-53
  3.60800000e-05   0.00000000e+00   0.00000000e+00  -1.11248783e-12  -1.95667089e-24   7.88769794e-25  -1.45704196e-53
  3.61600000e-05   0.00000000e+00   0.00000000e+00  -1.09744763e-12  -1.93021781e-24   7.78106077e-25  -1.41787449e-53
  3.62400000e-05   0.00000000e+00   0.00000000e+00  -1.40518311e-12  -2.47147053e-24   9.96294939e-25  -2.32452872e-53
  3.63200000e-05   0.00000000e+00   0.00000000e+00  -1.11836846e-12  -1.96701390e-24   7.92939250e-25  -1.47244815e-53
  3.64000000e-05   0.00000000e+00   0.00000000e+00  -9.15659019e-13  -1.61048355e-24   6.49215352e-25  -9.87117127e-54
  3.64800000e-05   0.00000000e+00   0.00000000e+00  -8.62689147e-13  -1.51731884e-24   6.11658955e-25  -8.76077343e-54
  3.65600000e-05   0.00000000e+00   0.00000000e+00  -1.15462577e-12  -2.03078414e-24   8.18646201e-25  -1.56937079e-53
  3.66400000e-05   0.00000000e+00   0.00000000e+00  -7.21710820e-13  -1.26936270e-24   5.11703303e-25  -6.13202503e-54
  3.67200000e-05   0.00000000e+00   0.00000000e+00  -5.48194613e-13  -9.64178138e-25   3.88677828e-25  -3.53804472e-54
  3.68000000e-05   0.00000000e+00   0.00000000e+00  -4.30711702e-13  -7.57546310e-25   3.05380762e-25  -2.18410483e-54
  3.68800000e-05   0.00000000e+00   0.00000000e+00  -6.20954890e-13  -1.09215070e-24   4.40265906e-25  -4.53963807e-54
  3.69600000e-05   0.00000000e+00   0.00000000e+00  -4.45919746e-13  -7.84294592e-25   3.16163483e-25  -2.34113549e-54
  3.70400000e-05   0.00000000e+00   0.00000000e+00  -2.43337146e-13  -4.27987344e-25   1.72529520e-25  -6.97172530e-55
  3.71200000e-05   0.00000000e+00   0.00000000e+00  -6.06459170e-13  -1.06665527e-24   4.29988233e-25  -4.32946084e-54
  3.72000000e-05   0.00000000e+00   0.00000000e+00  -2.27065837e-13  -3.99368967e-25   1.60992929e-25  -6.07150310e-55
  3.72800000e-05   0.00000000e+00   0.00000000e+00  -4.19534826e-13  -7.37888147e-25   2.97456197e-25  -2.07180542e-54
  3.73600000e-05   0.00000000e+00   0.00000000e+00  -6.71939151e-13  -1.18182307e-24   4.76414477e-25  -5.31481931e-54
  3.74400000e-05   0.00000000e+00   0.00000000e+00  -7.02214868e-13  -1.23507274e-24   4.97880394e-25  -5.80558477e-54
  3.75200000e-05   0.00000000e+00   0.00000000e+00  -4.73212125e-13  -8.32297097e-25   3.35514171e-25  -2.63654259e-54
  3.76000000e-05   0.00000000e+00   0.00000000e+00   5.30970615e-14   9.33884147e-26  -3.76465767e-26  -3.31747616e-56
  3.76800000e-05   0.00000000e+00   0.00000000e+00  -8.98390288e-14  -1.58011088e-25   6.36971575e-26  -9.50284198e-56
  3.77600000e-05   0.00000000e+00   0.00000000e+00  -2.03933777e-13  -3.58683731e-25   1.44591967e-25  -4.89304484e-55
  3.78400000e-05   0.00000000e+00   0.00000000e+00  -4.71491992e-13  -8.29271686e-25   3.34294572e-25  -2.61685813e-54
  3.79200000e-05   0.00000000e+00   0.00000000e+00  -6.40791636e-13  -1.12704005e-24   4.54330443e-25  -4.83365340e-54
  3.80000000e-05   0.00000000e+00   0.00000000e+00  -3.13022048e-13  -5.50550858e-25   2.21937113e-25  -1.15366367e-54
  3.80800000e-05   0.00000000e+00   0.00000000e+00  -2.33896760e-13  -4.11383362e-25   1.65836151e-25  -6.44166250e-55
  3.81600000e-05   0.00000000e+00   0.00000000e+00  -6.36350921e-14  -1.11922962e-25   4.51181912e-26  -4.77039485e-56
  3.82400000e-05   0.00000000e+00   0.00000000e+00  -1.92997009e-13  -3.39447875e-25   1.36837642e-25  -4.38750372e-55
  3.83200000e-05   0.00000000e+00   0.00000000e+00   2.44025407e-13   4.29197874e-25  -1.73017507e-25  -7.00722639e-55
  3.84000000e-05   0.00000000e+00   0.00000000e+00  -6.04746374e-13  -1.06364276e-24   4.28773836e-25  -4.30438455e-54
  3.84800000e-05   0.00000000e+00   0.00000000e+00  -1.70351493e-13  -2.99618387e-25   1.20781647e-25  -3.41587522e-55
  3.85600000e-05   0.00000000e+00   0.00000000e+00  -2.65137798e-13  -4.66330865e-25   1.87986494e-25  -8.27513328e-55
  3.86400000e-05   0.00000000e+00   0.00000000e+00   7.85404060e-14   1.38138793e-25  -5.56862722e-26  -7.26127864e-56
  3.87200000e-05   0.00000000e+00   0.00000000e+00  -3.18694770e-13  -5.60528182e-25   2.25959154e-25  -1.19543102e-54
  3.88000000e-05   0.00000000e+00   0.00000000e+00  -8.58455680e-14  -1.50987292e-25   6.08657366e-26  -8.66572692e-56
  3.88800000e-05   0.00000000e+00   0.00000000e+00   1.14672554e-13   2.01688903e-25  -8.13044826e-26  -1.54786589e-55
  3.89600000e-05   0.00000000e+00   0.00000000e+00  -1.12816374e-13  -1.98424208e-25   7.99884244e-26  -1.49634708e-55
  3.90400000e-05   0.00000000e+00   0.00000000e+00   4.03701767e-14   7.10040574e-26  -2.86230332e-26  -1.91234074e-56
  3.91200000e-05   0.00000000e+00   0.00000000e+00   5.70357993e-13   1.00315963e-24  -4.04391982e-25  -3.82881774e-54
  3.92000000e-05   0.00000000e+00   0.00000000e+00  -1.50640948e-13  -2.64950996e-25   1.06806588e-25  -2.67171309e-55
  3.92800000e-05   0.00000000e+00   0.00000000e+00  -1.04554461e-13  -1.83892952e-25   7.41306099e-26  -1.28707400e-55
  3.93600000e-05   0.00000000e+00   0.00000000e+00  -2.40303672e-13  -4.22651996e-25   1.70378744e-25  -6.79909022e-55
  3.94400000e-05   0.00000000e+00   0.00000000e+00   1.94028763e-13   3.41262550e-25  -1.37569171e-25  -4.43560166e-55
  3.95200000e-05   0.00000000e+00   0.00000000e+00  -4.31186091e-13  -7.58380678e-25   3.05717111e-25  -2.18797606e-54
  3.96000000e-05   0.00000000e+00   0.00000000e+00  -6.50119534e-14  -1.14344619e-25   4.60944056e-26  -4.98124603e-56
  3.96800000e-05   0.00000000e+00   0.00000000e+00   1.67604807e-13   2.94787448e-25  -1.18834208e-25  -3.30580542e-55
  3.97600000e-05   0.00000000e+00   0.00000000e+00   7.78721868e-13   1.36963513e-24  -5.52124952e-25  -7.13830425e-54
  3.98400000e-05   0.00000000e+00   0.00000000e+00   5.68754305e-13   1.00033903e-24  -4.03254944e-25  -3.80777212e-54
  3.99200000e-05   0.00000000e+00   0.00000000e+00   2.84091108e-13   4.99666412e-25  -2.01424662e-25  -9.50142807e-55
  4.00000000e-05   0.00000000e+00   0.00000000e+00   5.33372002e-13   9.38107765e-25  -3.78168385e-25  -3.34942186e-54
  4.00800000e-05   0.00000000e+00   0.00000000e+00   3.42276569e-13   6.02004428e-25  -2.42678987e-25  -1.37938493e-54
  4.01600000e-05   0.00000000e+00   0.00000000e+00   4.34165823e-13   7.63621504e-25  -3.07829784e-25  -2.21904714e-54
  4.02400000e-05   0.00000000e+00   0.00000000e+00   4.09248281e-13   7.19795919e-25  -2.90162890e-25  -1.97188778e-54
  4.03200000e-05   0.00000000e+00   0.00000000e+00   2.66214010e-13   4.68223734e-25  -1.88749544e-25  -8.34431464e-55
  4.04000000e-05   0.00000000e+00   0.00000000e+00  -4.53761990e-14  -7.98087722e-26   3.21723746e-26  -2.42381637e-56
  4.04800000e-05   0.00000000e+00   0.00000000e+00  -5.66753798e-14  -9.96820487e-26   4.01836556e-26  -3.78127057e-56
  4.05600000e-05  -2.90726902e-07   1.29933814e-07  -4.55718199e-13  -4.00701200e-19  -8.96566799e-19   6.03462303e-19
  4.06400000e-05  -4.27697380e-07   1.94411389e-07   2.55545718e-13  -5.99541424e-19  -1.31896863e-18   8.90083515e-19
  4.07200000e-05  -3.37217410e-06   1.52824423e-06   3.83712755e-13  -4.71294644e-18  -1.03994364e-17   7.01451210e-18
  4.08000000e-05  -1.49507784e-06   6.87726682e-07   1.11683119e-12  -2.12089239e-18  -4.61070187e-18   3.11708041e-18
  4.08800000e-05  -6.50536602e-06   2.99125184e-06  -1.26535010e-13  -9.22486499e-18  -2.00622096e-17   1.35618510e-17
  4.09600000e-05  -3.78278433e-06   1.76023574e-06  -3.10578787e-13  -5.42854666e-18  -1.16660617e-17   7.90055443e-18
  4.10400000e-05   0.00000000e+00   0.00000000e+00   0.00000000e+00   0.00000000e+00   0.00000000e+00   0.00000000e+00
  4.11200000e-05   0.00000000e+00   0.00000000e+00   0.00000000e+00   0.00000000e+00   0.00000000e+00   0.00000000e+00
