       time             b_x              b_y              b_z              F_x              F_y              F_z
  0.00000000e+00   1.56536282e-06   1.00283541e-06  -5.35694336e-08  -3.12490601e-18   5.02506265e-18   2.75715192e-18
  8.00000000e-08   1.41379499e-06   9.08649903e-07  -1.00696076e-14  -2.86645055e-18   4.45999438e-18   2.49488188e-18
  1.60000000e-07   1.92719997e-06   1.23907368e-06  -3.09150625e-07  -3.68576865e-18   6.58137168e-18   3.40154956e-18
  2.40000000e-07  -3.66086808e-08  -2.23221403e-08  -2.55028184e-07   2.54425695e-19   2.98422008e-19  -6.26425156e-20
  3.20000000e-07  -1.41100044e-07  -9.25802883e-08  -2.18131007e-07   4.49441415e-19  -9.10971949e-20  -2.52061362e-19
  4.00000000e-07   1.85708472e-13   1.47444635e-13   3.91503524e-08  -2.82478973e-20  -6.35401682e-20   3.73292444e-25
  4.80000000e-07   6.04087289e-13   3.00623838e-13   3.42304712e-07  -2.46978135e-19  -5.55556130e-19   9.23766918e-25
  5.60000000e-07   4.61878248e-14   3.01115353e-14   4.62383283e-13  -4.28607055e-25  -6.04738219e-25   8.21959297e-26
  6.40000000e-07   2.01051662e-13   1.31548101e-13  -1.22570365e-13  -3.26551642e-25   8.33177775e-25   3.58563046e-25
  7.20000000e-07   0.00000000e+00   0.00000000e+00   1.72671985e-12  -1.24585172e-24  -2.80245299e-24  -3.14950578e-53
  8.00000000e-07   0.00000000e+00   0.00000000e+00   6.64630614e-13  -4.79539976e-25  -1.07869036e-24  -4.66655464e-54
  8.80000000e-07   0.00000000e+00   0.00000000e+00   6.92644121e-13  -4.99752100e-25  -1.12415607e-24  -5.06822822e-54
  9.60000000e-07   0.00000000e+00   0.00000000e+00   6.46120119e-13  -4.66184403e-25  -1.04864797e-24  -4.41075670e-54
  1.04000000e-06   0.00000000e+00   0.00000000e+00   3.29978158e-13  -2.38083703e-25  -5.35552005e-25  -1.15024822e-54
  1.12000000e-06   0.00000000e+00   0.00000000e+00   3.87927548e-13  -2.79894972e-25  -6.29603418e-25  -1.58973696e-54
  1.20000000e-06   0.00000000e+00   0.00000000e+00  -1.33977417e-14   9.66665179e-27   2.17444314e-26  -1.88470312e-57
  1.28000000e-06   0.00000000e+00   0.00000000e+00  -3.41194960e-13   2.46176777e-25   5.53756788e-25  -1.22953571e-54
  1.36000000e-06   0.00000000e+00   0.00000000e+00   6.31759134e-13  -4.55822758e-25  -1.02534020e-24  -4.21608198e-54
  1.44000000e-06   0.00000000e+00   0.00000000e+00   5.99777099e-13  -4.32747287e-25  -9.73433604e-25  -3.80013548e-54
  1.52000000e-06   0.00000000e+00   0.00000000e+00   7.15374335e-13  -5.16152257e-25  -1.16104703e-24  -5.40616647e-54
  1.60000000e-06   0.00000000e+00   0.00000000e+00   4.87916318e-13  -3.52038221e-25  -7.91884420e-25  -2.51530886e-54
  1.68000000e-06   0.00000000e+00   0.00000000e+00   2.16537854e-13  -1.56234990e-25  -3.51439267e-25  -4.95500352e-55
  1.76000000e-06   0.00000000e+00   0.00000000e+00   2.96758093e-13  -2.14114977e-25  -4.81636096e-25  -9.30356228e-55
  1.84000000e-06   0.00000000e+00   0.00000000e+00   2.12882516e-13  -1.53597614e-25  -3.45506681e-25  -4.78912687e-55
  1.92000000e-06   0.00000000e+00   0.00000000e+00  -5.40045277e-14   3.89649970e-26   8.76489319e-26  -3.07725767e-56
  2.00000000e-06   0.00000000e+00   0.00000000e+00   4.54512247e-14  -3.27936732e-26  -7.37669870e-26  -2.18096408e-56
  2.08000000e-06   0.00000000e+00   0.00000000e+00   5.62181827e-13  -4.05621790e-25  -9.12416769e-25  -3.33845023e-54
  2.16000000e-06   0.00000000e+00   0.00000000e+00   5.35855453e-14  -3.86626956e-26  -8.69689267e-26  -3.03612562e-56
  2.24000000e-06   0.00000000e+00   0.00000000e+00   6.49624123e-13  -4.68712589e-25  -1.05433494e-24  -4.45781639e-54
  2.32000000e-06   0.00000000e+00   0.00000000e+00   2.35202438e-13  -1.69701740e-25  -3.81731743e-25  -5.84773070e-55
  2.40000000e-06   0.00000000e+00   0.00000000e+00   3.14669351e-14  -2.27038192e-26  -5.10705929e-26  -1.04634712e-56
  2.48000000e-06   0.00000000e+00   0.00000000e+00  -5.24002061e-15   3.78074573e-27   8.50451303e-27  -2.89564512e-58
  2.56000000e-06   0.00000000e+00   0.00000000e+00   9.76833100e-13  -7.04798291e-25  -1.58539259e-24  -1.00801699e-53
  2.64000000e-06   0.00000000e+00   0.00000000e+00   1.64345746e-13  -1.18577678e-25  -2.66731877e-25  -2.85241101e-55
  2.72000000e-06   0.00000000e+00   0.00000000e+00   3.83926251e-13  -2.77007982e-25  -6.23109343e-25  -1.55694677e-54
  2.80000000e-06   0.00000000e+00   0.00000000e+00  -2.28543527e-13   1.64897245e-25   3.70924381e-25  -5.51569980e-55
  2.88000000e-06   0.00000000e+00   0.00000000e+00   3.86794327e-13  -2.79077338e-25  -6.27764210e-25  -1.58031157e-54
  2.96000000e-06   0.00000000e+00   0.00000000e+00   4.13704891e-13  -2.98493673e-25  -6.71439847e-25  -1.80791451e-54
  3.04000000e-06   0.00000000e+00   0.00000000e+00  -3.10005861e-13   2.23673421e-25   5.03137121e-25  -1.01518066e-54
  3.12000000e-06   0.00000000e+00   0.00000000e+00   7.80348472e-13  -5.63031975e-25  -1.26649955e-24  -6.43230879e-54
  3.20000000e-06   0.00000000e+00   0.00000000e+00  -1.06943659e-13   7.71612958e-26   1.73568733e-25  -1.20730121e-55
  3.28000000e-06   0.00000000e+00   0.00000000e+00  -4.36542185e-13   3.14971089e-25   7.08504598e-25  -2.01284672e-54
  3.36000000e-06   0.00000000e+00   0.00000000e+00   4.64990451e-13  -3.35496898e-25  -7.54675915e-25  -2.28435059e-54
  3.44000000e-06   0.00000000e+00   0.00000000e+00   5.33137460e-13  -3.84665887e-25  -8.65277985e-25  -3.00266451e-54
  3.52000000e-06   0.00000000e+00   0.00000000e+00   1.15742844e-13  -8.35100271e-26  -1.87849743e-25  -1.41529830e-55
  3.60000000e-06   0.00000000e+00   0.00000000e+00   3.47228456e-13  -2.50530026e-25  -5.63549106e-25  -1.27360401e-54
  3.68000000e-06   0.00000000e+00   0.00000000e+00   5.65173716e-13  -4.07780478e-25  -9.17272581e-25  -3.37462966e-54
  3.76000000e-06   0.00000000e+00   0.00000000e+00   4.50864863e-13  -3.25305096e-25  -7.31750195e-25  -2.14763542e-54
  3.84000000e-06   0.00000000e+00   0.00000000e+00   4.17936150e-13  -3.01546584e-25  -6.78307147e-25  -1.84514220e-54
  3.92000000e-06   0.00000000e+00   0.00000000e+00   6.12852614e-13  -4.42181448e-25  -9.94655064e-25  -3.96766245e-54
  4.00000000e-06   0.00000000e+00   0.00000000e+00   5.72784190e-13  -4.13271538e-25  -9.29624321e-25  -3.46590208e-54
  4.08000000e-06   0.00000000e+00   0.00000000e+00   7.50734706e-13  -5.41665242e-25  -1.21843664e-24  -5.95386323e-54
  4.16000000e-06   0.00000000e+00   0.00000000e+00   5.81898175e-13  -4.19847402e-25  -9.44416249e-25  -3.57744840e-54
  4.24000000e-06   0.00000000e+00   0.00000000e+00   6.28973943e-13  -4.53813205e-25  -1.02081986e-24  -4.17911628e-54
  4.32000000e-06   0.00000000e+00   0.00000000e+00   7.51209126e-13  -5.42007543e-25  -1.21920662e-24  -5.96134549e-54
  4.40000000e-06   0.00000000e+00   0.00000000e+00   2.86574847e-13  -2.06767627e-25  -4.65108766e-25  -8.67690315e-55
  4.48000000e-06   0.00000000e+00   0.00000000e+00   3.51969238e-13  -2.53950565e-25  -5.71243359e-25  -1.30856199e-54
  4.56000000e-06   0.00000000e+00   0.00000000e+00   5.31435724e-13  -3.83438061e-25  -8.62516080e-25  -2.98335594e-54
  4.64000000e-06   0.00000000e+00   0.00000000e+00   6.10376609e-13  -4.40394978e-25  -9.90636529e-25  -3.93618979e-54
  4.72000000e-06   0.00000000e+00   0.00000000e+00   2.48064530e-13  -1.78981913e-25  -4.02606819e-25  -6.50290686e-55
  4.80000000e-06   0.00000000e+00   0.00000000e+00   2.15170848e-13  -1.55248677e-25  -3.49220627e-25  -4.89063667e-55
  4.88000000e-06   0.00000000e+00   0.00000000e+00   6.70053541e-13  -4.83452691e-25  -1.08749173e-24  -4.74318649e-54
  4.96000000e-06   0.00000000e+00   0.00000000e+00   6.02548300e-13  -4.34746746e-25  -9.77931242e-25  -3.83562502e-54
  5.04000000e-06   0.00000000e+00   0.00000000e+00   1.03441220e-12  -7.46342391e-25  -1.67884302e-24  -1.13034068e-53
  5.12000000e-06   0.00000000e+00   0.00000000e+00   1.20741260e-12  -8.71164519e-25  -1.95962134e-24  -1.54005453e-53
  5.20000000e-06   0.00000000e+00   0.00000000e+00   8.71669087e-13  -6.28921033e-25  -1.41471220e-24  -8.02652065e-54
  5.28000000e-06   0.00000000e+00   0.00000000e+00   8.89221447e-13  -6.41585299e-25  -1.44319955e-24  -8.35358655e-54
  5.36000000e-06   0.00000000e+00   0.00000000e+00   7.83814601e-13  -5.65532834e-25  -1.27212505e-24  -6.49055072e-54
  5.44000000e-06   0.00000000e+00   0.00000000e+00   6.42563781e-13  -4.63618457e-25  -1.04287606e-24  -4.36272248e-54
  5.52000000e-06   0.00000000e+00   0.00000000e+00   1.40347851e-13  -1.01262872e-25  -2.27783479e-25  -2.08276472e-55
  5.60000000e-06   0.00000000e+00   0.00000000e+00   7.46735657e-13  -5.38779875e-25  -1.21194621e-24  -5.89026667e-54
  5.68000000e-06   0.00000000e+00   0.00000000e+00   3.64379537e-13  -2.62904764e-25  -5.91385178e-25  -1.40237688e-54
  5.76000000e-06   0.00000000e+00   0.00000000e+00   6.44477999e-13  -4.64999591e-25  -1.04598282e-24  -4.38742041e-54
  5.84000000e-06   0.00000000e+00   0.00000000e+00   1.16782846e-12  -8.42604025e-25  -1.89537658e-24  -1.44059304e-53
  5.92000000e-06   0.00000000e+00   0.00000000e+00   9.32265901e-13  -6.72642454e-25  -1.51306037e-24  -9.18217318e-54
  6.00000000e-06   0.00000000e+00   0.00000000e+00   6.09559786e-13  -4.39805629e-25  -9.89310831e-25  -3.92530165e-54
  6.08000000e-06   0.00000000e+00   0.00000000e+00   7.46422058e-13  -5.38553609e-25  -1.21143724e-24  -5.88628374e-54
  6.16000000e-06   0.00000000e+00   0.00000000e+00   7.44541411e-13  -5.37196696e-25  -1.20838497e-24  -5.85610435e-54
  6.24000000e-06   0.00000000e+00   0.00000000e+00   9.29325799e-13  -6.70521131e-25  -1.50828860e-24  -9.12309092e-54
  6.32000000e-06   0.00000000e+00   0.00000000e+00   1.22233236e-12  -8.81929329e-25  -1.98383599e-24  -1.57831194e-53
  6.40000000e-06   0.00000000e+00   0.00000000e+00   6.79049109e-13  -4.89943115e-25  -1.10209147e-24  -4.87148122e-54
  6.48000000e-06   0.00000000e+00   0.00000000e+00   1.44605426e-12  -1.04334771e-24  -2.34693492e-24  -2.20901603e-53
  6.56000000e-06   0.00000000e+00   0.00000000e+00   1.58673528e-12  -1.14485096e-24  -2.57525912e-24  -2.65974242e-53
  6.64000000e-06   0.00000000e+00   0.00000000e+00   1.04374029e-12  -7.53072730e-25  -1.69398243e-24  -1.15091814e-53
  6.72000000e-06   0.00000000e+00   0.00000000e+00   7.26282301e-13  -5.24022501e-25  -1.17875057e-24  -5.57256820e-54
  6.80000000e-06   0.00000000e+00   0.00000000e+00   6.98035146e-13  -5.03641797e-25  -1.13290566e-24  -5.14753398e-54
  6.88000000e-06   0.00000000e+00   0.00000000e+00   1.65685613e-13  -1.19544410e-25  -2.68906471e-25  -2.90124125e-55
  6.96000000e-06   0.00000000e+00   0.00000000e+00   5.79261266e-13  -4.17944837e-25  -9.40136567e-25  -3.54416732e-54
  7.04000000e-06   0.00000000e+00   0.00000000e+00   7.68520103e-13  -5.54497647e-25  -1.24730220e-24  -6.23895651e-54
  7.12000000e-06   0.00000000e+00   0.00000000e+00   4.63008133e-13  -3.34066629e-25  -7.51458629e-25  -2.26481790e-54
  7.20000000e-06   0.00000000e+00   0.00000000e+00   5.13107980e-13  -3.70214346e-25  -8.32770293e-25  -2.78208782e-54
  7.28000000e-06   0.00000000e+00   0.00000000e+00   1.05554517e-12  -7.61590115e-25  -1.71314167e-24  -1.17691939e-53
  7.36000000e-06   0.00000000e+00   0.00000000e+00   1.51418629e-12  -1.09250588e-24  -2.45751267e-24  -2.42195450e-53
  7.44000000e-06   0.00000000e+00   0.00000000e+00   1.76115834e-13  -1.27069956e-25  -2.85834640e-25  -3.27918848e-55
  7.52000000e-06   0.00000000e+00   0.00000000e+00   7.66930336e-13  -5.53350608e-25  -1.24472202e-24  -6.21448170e-54
  7.60000000e-06   0.00000000e+00   0.00000000e+00   1.30112913e-12  -9.38782259e-25  -2.11172253e-24  -1.78840511e-53
  7.68000000e-06   0.00000000e+00   0.00000000e+00   4.83735775e-13  -3.49021903e-25  -7.85099431e-25  -2.47224419e-54
  7.76000000e-06   0.00000000e+00   0.00000000e+00   9.74089820e-13  -7.02818978e-25  -1.58094026e-24  -1.00234266e-53
  7.84000000e-06   0.00000000e+00   0.00000000e+00   4.78780645e-13  -3.45446710e-25  -7.77057293e-25  -2.42170323e-54
  7.92000000e-06   0.00000000e+00   0.00000000e+00   1.29202879e-12  -9.32216241e-25  -2.09695275e-24  -1.76346973e-53
  8.00000000e-06   0.00000000e+00   0.00000000e+00   5.13202944e-13  -3.70282864e-25  -8.32924419e-25  -2.78310400e-54
  8.08000000e-06   0.00000000e+00   0.00000000e+00   1.13552129e-12  -8.19293970e-25  -1.84294230e-24  -1.36199076e-53
  8.16000000e-06   0.00000000e+00   0.00000000e+00   1.04752106e-12  -7.55800608e-25  -1.70011859e-24  -1.15915097e-53
  8.24000000e-06   0.00000000e+00   0.00000000e+00   7.84034474e-13  -5.65691475e-25  -1.27248190e-24  -6.49391267e-54
  8.32000000e-06   0.00000000e+00   0.00000000e+00   1.08540920e-12  -7.83137415e-25  -1.76161076e-24  -1.24460477e-53
  8.40000000e-06   0.00000000e+00   0.00000000e+00   1.04325189e-12  -7.52720348e-25  -1.69318977e-24  -1.14980183e-53
  8.48000000e-06   0.00000000e+00   0.00000000e+00   8.25852882e-13  -5.95864022e-25  -1.34035286e-24  -7.20530524e-54
  8.56000000e-06   0.00000000e+00   0.00000000e+00   7.74450196e-13  -5.58776289e-25  -1.25692669e-24  -6.33628120e-54
  8.64000000e-06   0.00000000e+00   0.00000000e+00   9.75399485e-13  -7.03763919e-25  -1.58306584e-24  -1.00508884e-53
  8.72000000e-06   0.00000000e+00   0.00000000e+00   8.02254978e-13  -5.78837815e-25  -1.30205364e-24  -6.79908951e-54
  8.80000000e-06   0.00000000e+00   0.00000000e+00   5.37645811e-13  -3.87918723e-25  -8.72595004e-25  -3.05378774e-54
  8.88000000e-06   0.00000000e+00   0.00000000e+00   1.23294636e-12  -8.89587470e-25  -2.00106243e-24  -1.60585378e-53
  8.96000000e-06   0.00000000e+00   0.00000000e+00   1.48973540e-12  -1.07486424e-24  -2.41782906e-24  -2.34444370e-53
  9.04000000e-06   0.00000000e+00   0.00000000e+00   6.32428988e-13  -4.56306067e-25  -1.02642737e-24  -4.22592256e-54
  9.12000000e-06   0.00000000e+00   0.00000000e+00   1.16232243e-12  -8.38631353e-25  -1.88644034e-24  -1.42716549e-53
  9.20000000e-06   0.00000000e+00   0.00000000e+00   1.36733977e-12  -9.86554134e-25  -2.21918190e-24  -1.97504438e-53
  9.28000000e-06   0.00000000e+00   0.00000000e+00   6.08913928e-13  -4.39339633e-25  -9.88262607e-25  -3.91674354e-54
  9.36000000e-06   0.00000000e+00   0.00000000e+00   7.85270350e-13  -5.66583177e-25  -1.27448772e-24  -6.51513489e-54
  9.44000000e-06   0.00000000e+00   0.00000000e+00   4.61498672e-13  -3.32977533e-25  -7.49008784e-25  -2.25038761e-54
  9.52000000e-06   0.00000000e+00   0.00000000e+00   9.85576202e-13  -7.11106558e-25  -1.59958257e-24  -1.02626012e-53
  9.60000000e-06   0.00000000e+00   0.00000000e+00   6.51625936e-13  -4.70156925e-25  -1.05758387e-24  -4.48634443e-54
  9.68000000e-06   0.00000000e+00   0.00000000e+00   1.55092286e-12  -1.11901182e-24  -2.51713584e-24  -2.54092095e-53
  9.76000000e-06   0.00000000e+00   0.00000000e+00   8.37366506e-13  -6.04171258e-25  -1.35903938e-24  -7.40688144e-54
  9.84000000e-06   0.00000000e+00   0.00000000e+00   1.11520810e-12  -8.04637723e-25  -1.80997414e-24  -1.31378720e-53
  9.92000000e-06   0.00000000e+00   0.00000000e+00   1.19481177e-12  -8.62072851e-25  -1.93917029e-24  -1.50812276e-53
  1.00000000e-05   0.00000000e+00   0.00000000e+00   1.22277970e-12  -8.82252087e-25  -1.98456202e-24  -1.57955300e-53
  1.00800000e-05   0.00000000e+00   0.00000000e+00   9.38184593e-13  -6.76912871e-25  -1.52266636e-24  -9.29789083e-54
  1.01600000e-05   0.00000000e+00   0.00000000e+00   1.09240186e-12  -7.88182716e-25  -1.77295980e-24  -1.26067780e-53
  1.02400000e-05   0.00000000e+00   0.00000000e+00   1.10253123e-12  -7.95491194e-25  -1.78939968e-24  -1.28416566e-53
  1.03200000e-05   0.00000000e+00   0.00000000e+00   1.11842153e-12  -8.06956262e-25  -1.81518952e-24  -1.32134156e-53
  1.04000000e-05   0.00000000e+00   0.00000000e+00   1.49126945e-12  -1.07597107e-24  -2.42031881e-24  -2.34922895e-53
  1.04800000e-05   0.00000000e+00   0.00000000e+00   2.04254232e-12  -1.47372190e-24  -3.31503043e-24  -4.40726201e-53
  1.05600000e-05   0.00000000e+00   0.00000000e+00   9.52182750e-13  -6.87012731e-25  -1.54538526e-24  -9.57734539e-54
  1.06400000e-05   0.00000000e+00   0.00000000e+00   1.26542017e-12  -9.13017764e-25  -2.05376717e-24  -1.69154235e-53
  1.07200000e-05   0.00000000e+00   0.00000000e+00   5.37288975e-13  -3.87661261e-25  -8.72015862e-25  -3.05035587e-54
  1.08000000e-05   0.00000000e+00   0.00000000e+00   3.83488555e-13  -2.76692179e-25  -6.22398967e-25  -1.55368072e-54
  1.08800000e-05   0.00000000e+00   0.00000000e+00   7.77106840e-13  -5.60693094e-25  -1.26123841e-24  -6.37935977e-54
  1.09600000e-05   0.00000000e+00   0.00000000e+00   7.50135840e-13  -5.41233153e-25  -1.21746468e-24  -5.94468195e-54
  1.10400000e-05   0.00000000e+00   0.00000000e+00   8.10054686e-13  -5.84465411e-25  -1.31471251e-24  -6.93216207e-54
  1.11200000e-05   0.00000000e+00   0.00000000e+00   7.74419259e-13  -5.58753968e-25  -1.25687648e-24  -6.33552424e-54
  1.12000000e-05   0.00000000e+00   0.00000000e+00   8.45616407e-13  -6.10123673e-25  -1.37242890e-24  -7.55401613e-54
  1.12800000e-05   0.00000000e+00   0.00000000e+00   8.85682747e-13  -6.39032079e-25  -1.43745627e-24  -8.28698242e-54
  1.13600000e-05   0.00000000e+00   0.00000000e+00   9.88469004e-13  -7.13193753e-25  -1.60427757e-24  -1.03222487e-53
  1.14400000e-05   0.00000000e+00   0.00000000e+00   9.16009041e-13  -6.60912911e-25  -1.48667561e-24  -8.86437984e-54
  1.15200000e-05   0.00000000e+00   0.00000000e+00   9.43104513e-13  -6.80462660e-25  -1.53065135e-24  -9.39637421e-54
  1.16000000e-05   0.00000000e+00   0.00000000e+00   8.47214499e-13  -6.11276718e-25  -1.37502260e-24  -7.58284337e-54
  1.16800000e-05   0.00000000e+00   0.00000000e+00   1.20984692e-12  -8.72920916e-25  -1.96357222e-24  -1.54623972e-53
  1.17600000e-05   0.00000000e+00   0.00000000e+00   9.24515909e-13  -6.67050730e-25  -1.50048219e-24  -9.02970743e-54
  1.18400000e-05   0.00000000e+00   0.00000000e+00   1.30343586e-12  -9.40446597e-25  -2.11546634e-24  -1.79472279e-53
  1.19200000e-05   0.00000000e+00   0.00000000e+00   7.42958667e-13  -5.36054725e-25  -1.20581618e-24  -5.83236512e-54
  1.20000000e-05   0.00000000e+00   0.00000000e+00   6.45257784e-13  -4.65562217e-25  -1.04724841e-24  -4.39806773e-54
  1.20800000e-05   0.00000000e+00   0.00000000e+00   7.85678893e-13  -5.66877946e-25  -1.27515078e-24  -6.52073977e-54
  1.21600000e-05   0.00000000e+00   0.00000000e+00   8.26849436e-13  -5.96583050e-25  -1.34197026e-24  -7.22266636e-54
  1.22400000e-05   0.00000000e+00   0.00000000e+00   3.82266127e-14  -2.75810180e-26  -6.20414976e-26  -1.54779913e-56
  1.23200000e-05   0.00000000e+00   0.00000000e+00   1.06230273e-12  -7.66465784e-25  -1.72410913e-24  -1.19206166e-53
  1.24000000e-05   0.00000000e+00   0.00000000e+00   8.24694568e-13  -5.95028283e-25  -1.33847292e-24  -7.18592772e-54
  1.24800000e-05   0.00000000e+00   0.00000000e+00   3.96825052e-13  -2.86314641e-25  -6.44043998e-25  -1.66400824e-54
  1.25600000e-05   0.00000000e+00   0.00000000e+00   1.06842156e-12  -7.70880601e-25  -1.73403994e-24  -1.20583429e-53
  1.26400000e-05   0.00000000e+00   0.00000000e+00   1.07301502e-12  -7.74194850e-25  -1.74149511e-24  -1.21631455e-53
  1.27200000e-05   0.00000000e+00   0.00000000e+00   1.32230117e-12  -9.54058176e-25  -2.14608460e-24  -1.84707568e-53
  1.28000000e-05   0.00000000e+00   0.00000000e+00   8.25448624e-13  -5.95572345e-25  -1.33969675e-24  -7.19740183e-54
  1.28800000e-05   0.00000000e+00   0.00000000e+00   1.87967631e-12  -1.35621188e-24  -3.05070016e-24  -3.73237784e-53
  1.29600000e-05   0.00000000e+00   0.00000000e+00   1.35965622e-12  -9.81010352e-25  -2.20671156e-24  -1.95311971e-53
  1.30400000e-05   0.00000000e+00   0.00000000e+00   9.79128925e-13  -7.06454760e-25  -1.58911869e-24  -1.01288982e-53
  1.31200000e-05   0.00000000e+00   0.00000000e+00   1.02913383e-12  -7.42533973e-25  -1.67027626e-24  -1.11889872e-53
  1.32000000e-05   2.26115511e-14   3.04118832e-14   6.99059388e-13  -6.00319557e-25  -1.06323653e-24   6.56727917e-26
  1.32800000e-05   2.20400401e-13   2.37670676e-13   3.03813399e-13  -9.68972555e-25   2.02198656e-25   5.44759544e-25
  1.33600000e-05  -6.09724067e-13  -3.98012574e-13   7.34397943e-13   7.25711115e-25  -3.11538638e-24  -1.08589550e-24
  1.34400000e-05  -1.24260805e-12  -8.41078548e-13   8.38985757e-13   2.04796633e-24  -5.28165714e-24  -2.26162251e-24
  1.35200000e-05  -4.33367844e-13  -2.71652485e-13   1.69947881e-12  -3.69229254e-25  -4.12536356e-24  -7.53570648e-25
  1.36000000e-05   8.53854284e-13   6.90089379e-13   4.28256731e-13  -2.48598139e-24   1.99855146e-24   1.73607715e-24
  1.36800000e-05   1.82105179e-13   1.27744641e-13   7.39032270e-13  -9.36211022e-25  -6.24966121e-25   3.38719916e-25
  1.37600000e-05  -8.42816485e-15  -1.47588558e-14   9.78905924e-13  -6.59734882e-25  -1.61534465e-24  -3.00345440e-26
  1.38400000e-05  -4.34173835e-14  -7.60297068e-14   1.14938918e-12  -5.89452949e-25  -2.00241628e-24  -1.54721857e-25
  1.39200000e-05   0.00000000e+00   0.00000000e+00   1.34444561e-12  -9.70035688e-25  -2.18202485e-24  -1.90953028e-53
  1.40000000e-05   0.00000000e+00   0.00000000e+00   1.10877763e-12  -7.99998054e-25  -1.79953754e-24  -1.29869865e-53
  1.40800000e-05   0.00000000e+00   0.00000000e+00   1.32088109e-12  -9.53033566e-25  -2.14377981e-24  -1.84310576e-53
  1.41600000e-05   0.00000000e+00   0.00000000e+00   9.22313176e-13  -6.65461429e-25  -1.49690717e-24  -8.98786847e-54
  1.42400000e-05   0.00000000e+00   0.00000000e+00   4.15716427e-13  -2.99945024e-25  -6.74704554e-25  -1.82627814e-54
  1.43200000e-05   0.00000000e+00   0.00000000e+00   1.86001226e-12  -1.34202400e-24  -3.01878556e-24  -3.65467792e-53
  1.44000000e-05   0.00000000e+00   0.00000000e+00   9.56131526e-13  -6.89861826e-25  -1.55179409e-24  -9.65773259e-54
  1.44800000e-05   0.00000000e+00   0.00000000e+00   4.64099627e-13  -3.34854157e-25  -7.53230114e-25  -2.27590965e-54
  1.45600000e-05   0.00000000e+00   0.00000000e+00   1.57159402e-12  -1.13392634e-24  -2.55068498e-24  -2.60911447e-53
  1.46400000e-05   0.00000000e+00   0.00000000e+00   7.68749643e-13  -5.54663264e-25  -1.24767474e-24  -6.24271272e-54
  1.47200000e-05   0.00000000e+00   0.00000000e+00   1.02897383e-12  -7.42418535e-25  -1.67001659e-24  -1.11846256e-53
  1.48000000e-05   0.00000000e+00   0.00000000e+00   1.46992359e-12  -1.06056975e-24  -2.38567465e-24  -2.28252860e-53
  1.48800000e-05   0.00000000e+00   0.00000000e+00   1.65320998e-12  -1.19281335e-24  -2.68314704e-24  -2.88724904e-53
  1.49600000e-05   0.00000000e+00   0.00000000e+00   1.27983335e-12  -9.23417068e-25  -2.07715965e-24  -1.73050409e-53
  1.50400000e-05   0.00000000e+00   0.00000000e+00   5.75249197e-13  -4.15050075e-25  -9.33625009e-25  -3.49645639e-54
  1.51200000e-05   0.00000000e+00   0.00000000e+00   1.18898845e-12  -8.57871248e-25  -1.92971909e-24  -1.49355615e-53
  1.52000000e-05   0.00000000e+00   0.00000000e+00   5.97847701e-13  -4.31355202e-25  -9.70302207e-25  -3.77590762e-54
  1.52800000e-05   0.00000000e+00   0.00000000e+00   5.97929798e-13  -4.31414435e-25  -9.70435449e-25  -3.77694471e-54
  1.53600000e-05   0.00000000e+00   0.00000000e+00  -1.43926675e-13   1.03845043e-25   2.33591884e-25  -2.18785890e-55
  1.54400000e-05   0.00000000e+00   0.00000000e+00   9.08192241e-13  -6.55272984e-25  -1.47398900e-24  -8.71347550e-54
  1.55200000e-05   0.00000000e+00   0.00000000e+00   9.45070046e-13  -6.81880819e-25  -1.53384139e-24  -9.43548022e-54
  1.56000000e-05   0.00000000e+00   0.00000000e+00   7.83548090e-13  -5.65340543e-25  -1.27169250e-24  -6.48573228e-54
  1.56800000e-05   0.00000000e+00   0.00000000e+00   5.28559447e-13  -3.81362789e-25  -8.57847905e-25  -2.95169884e-54
  1.57600000e-05   0.00000000e+00   0.00000000e+00   1.51318649e-12  -1.09178452e-24  -2.45589000e-24  -2.41882711e-53
  1.58400000e-05   0.00000000e+00   0.00000000e+00   7.00763233e-13  -5.05610150e-25  -1.13733332e-24  -5.18819320e-54
  1.59200000e-05   0.00000000e+00   0.00000000e+00   1.36005222e-12  -9.81296072e-25  -2.20735427e-24  -1.95392129e-53
  1.60000000e-05   0.00000000e+00   0.00000000e+00   9.73432345e-13  -7.02344601e-25  -1.57987319e-24  -1.00110918e-53
  1.60800000e-05   0.00000000e+00   0.00000000e+00   7.07579482e-13  -5.10528165e-25  -1.14839604e-24  -5.28970561e-54
  1.61600000e-05   0.00000000e+00   0.00000000e+00   2.08534688e-12  -1.50460597e-24  -3.38450190e-24  -4.59375612e-53
  1.62400000e-05   0.00000000e+00   0.00000000e+00   1.15909258e-12  -8.36300972e-25  -1.88119832e-24  -1.41933475e-53
  1.63200000e-05   0.00000000e+00   0.00000000e+00   1.07009588e-12  -7.72088646e-25  -1.73675735e-24  -1.20974729e-53
  1.64000000e-05   0.00000000e+00   0.00000000e+00   2.21090238e-12  -1.59519597e-24  -3.58827751e-24  -5.16380619e-53
  1.64800000e-05   0.00000000e+00   0.00000000e+00   5.87589040e-13  -4.23953439e-25  -9.53652479e-25  -3.64820713e-54
  1.65600000e-05   0.00000000e+00   0.00000000e+00   9.55069399e-13  -6.89095487e-25  -1.55007027e-24  -9.63573204e-54
  1.66400000e-05   0.00000000e+00   0.00000000e+00   5.17048733e-13  -3.73057653e-25  -8.39166105e-25  -2.82492944e-54
  1.67200000e-05   0.00000000e+00   0.00000000e+00   7.23259610e-13  -5.21841589e-25  -1.17384477e-24  -5.52619287e-54
  1.68000000e-05   0.00000000e+00   0.00000000e+00   1.07538492e-12  -7.75904759e-25  -1.74534142e-24  -1.22160185e-53
  1.68800000e-05   0.00000000e+00   0.00000000e+00   1.45616766e-12  -1.05064466e-24  -2.36334888e-24  -2.23993089e-53
  1.69600000e-05   0.00000000e+00   0.00000000e+00   7.33173898e-13  -5.28994883e-25  -1.18993558e-24  -5.67917543e-54
  1.70400000e-05   0.00000000e+00   0.00000000e+00   3.81091472e-13  -2.74962651e-25  -6.18508519e-25  -1.53453161e-54
  1.71200000e-05   0.00000000e+00   0.00000000e+00   1.10355948e-13  -7.96233088e-26  -1.79106852e-25  -1.28735422e-55
  1.72000000e-05   0.00000000e+00   0.00000000e+00   4.37075365e-13  -3.15355786e-25  -7.09369945e-25  -2.01736246e-54
  1.72800000e-05   0.00000000e+00   0.00000000e+00   1.11721681e-12  -8.06087035e-25  -1.81323426e-24  -1.31840569e-53
  1.73600000e-05   0.00000000e+00   0.00000000e+00   5.14137174e-13  -3.70956924e-25  -8.34440667e-25  -2.79278950e-54
  1.74400000e-05   0.00000000e+00   0.00000000e+00   1.24799077e-13  -9.00442221e-26  -2.02547940e-25  -1.64472019e-55
  1.75200000e-05   0.00000000e+00   0.00000000e+00   1.41599558e-12  -1.02165996e-24  -2.29814990e-24  -2.11818246e-53
  1.76000000e-05   0.00000000e+00   0.00000000e+00   9.86739284e-13  -7.11945738e-25  -1.60147025e-24  -1.02862715e-53
  1.76800000e-05   0.00000000e+00   0.00000000e+00   1.28473320e-12  -9.26952376e-25  -2.08511207e-24  -1.74367442e-53
  1.77600000e-05   0.00000000e+00   0.00000000e+00   9.64041067e-13  -6.95568667e-25  -1.56463121e-24  -9.81838723e-54
  1.78400000e-05   0.00000000e+00   0.00000000e+00   1.41775879e-12  -1.02293214e-24  -2.30101158e-24  -2.12338228e-53
  1.79200000e-05   0.00000000e+00   0.00000000e+00   1.63656703e-12  -1.18080525e-24  -2.65613567e-24  -2.82939335e-53
  1.80000000e-05   0.00000000e+00   0.00000000e+00   1.16805900e-12  -8.42770364e-25  -1.89575074e-24  -1.44135328e-53
  1.80800000e-05   0.00000000e+00   0.00000000e+00   1.44115048e-12  -1.03980956e-24  -2.33897612e-24  -2.19410690e-53
  1.81600000e-05   0.00000000e+00   0.00000000e+00   1.45612491e-12  -1.05061381e-24  -2.36327949e-24  -2.23994004e-53
  1.82400000e-05   0.00000000e+00   0.00000000e+00   1.03256507e-12  -7.45009662e-25  -1.67584514e-24  -1.12645429e-53
  1.83200000e-05   0.00000000e+00   0.00000000e+00   6.66734944e-13  -4.81058279e-25  -1.08210567e-24  -4.69684528e-54
  1.84000000e-05   0.00000000e+00   0.00000000e+00   8.63040455e-13  -6.22695360e-25  -1.40070800e-24  -7.86857492e-54
  1.84800000e-05   0.00000000e+00   0.00000000e+00   7.15017035e-13  -5.15894461e-25  -1.16046713e-24  -5.40122972e-54
  1.85600000e-05   0.00000000e+00   0.00000000e+00  -2.67222791e-16   1.92804858e-28   4.33700529e-28  -3.92667879e-61
  1.86400000e-05   0.00000000e+00   0.00000000e+00   1.38221913e-12  -9.97289795e-25  -2.24333098e-24  -2.01803526e-53
  1.87200000e-05   0.00000000e+00   0.00000000e+00   2.21344793e-12  -1.59703262e-24  -3.59240892e-24  -5.17533057e-53
  1.88000000e-05   0.00000000e+00   0.00000000e+00   1.24722785e-12  -8.99891759e-25  -2.02424117e-24  -1.64319615e-53
  1.88800000e-05   0.00000000e+00   0.00000000e+00   1.27989817e-12  -9.23463836e-25  -2.07726485e-24  -1.73074120e-53
  1.89600000e-05   0.00000000e+00   0.00000000e+00   7.95966553e-13  -5.74300632e-25  -1.29184757e-24  -6.69415700e-54
  1.90400000e-05   0.00000000e+00   0.00000000e+00   1.11282881e-12  -8.02921034e-25  -1.80611257e-24  -1.30831321e-53
  1.91200000e-05   0.00000000e+00   0.00000000e+00   1.76204869e-12  -1.27134196e-24  -2.85979142e-24  -3.27988624e-53
  1.92000000e-05   0.00000000e+00   0.00000000e+00   8.37898461e-13  -6.04555071e-25  -1.35990274e-24  -7.41749456e-54
  1.92800000e-05   0.00000000e+00   0.00000000e+00   8.25030856e-13  -5.95270920e-25  -1.33901871e-24  -7.19148927e-54
  1.93600000e-05   0.00000000e+00   0.00000000e+00   5.34702282e-13  -3.85794928e-25  -8.67817679e-25  -3.02080905e-54
  1.94400000e-05   0.00000000e+00   0.00000000e+00   1.83984613e-12  -1.32747387e-24  -2.98605608e-24  -3.57582031e-53
  1.95200000e-05   0.00000000e+00   0.00000000e+00   8.50454571e-13  -6.13614474e-25  -1.38028121e-24  -7.64235296e-54
  1.96000000e-05   0.00000000e+00   0.00000000e+00   1.32894563e-12  -9.58852247e-25  -2.15686851e-24  -1.86564721e-53
  1.96800000e-05   0.00000000e+00   0.00000000e+00   1.69616483e-12  -1.22380587e-24  -2.75286244e-24  -3.03934229e-53
  1.97600000e-05   0.00000000e+00   0.00000000e+00   1.64531581e-12  -1.18711760e-24  -2.67033486e-24  -2.85984268e-53
  1.98400000e-05   0.00000000e+00   0.00000000e+00   4.26424825e-13  -3.07671278e-25  -6.92084201e-25  -1.92143873e-54
  1.99200000e-05   0.00000000e+00   0.00000000e+00   2.84201205e-14  -2.05055013e-26  -4.61256363e-26  -8.56271025e-57
  2.00000000e-05   0.00000000e+00   0.00000000e+00   1.17843744e-12  -8.50258552e-25  -1.91259488e-24  -1.46700638e-53
  2.00800000e-05   0.00000000e+00   0.00000000e+00   1.00240832e-12  -7.23251159e-25  -1.62690097e-24  -1.06143617e-53
  2.01600000e-05   0.00000000e+00   0.00000000e+00   1.33191174e-12  -9.60992332e-25  -2.16168248e-24  -1.87397711e-53
  2.02400000e-05   0.00000000e+00   0.00000000e+00   8.55846835e-13  -6.17505066e-25  -1.38903281e-24  -7.73868825e-54
  2.03200000e-05   0.00000000e+00   0.00000000e+00   1.17220216e-12  -8.45759711e-25  -1.90247506e-24  -1.45160709e-53
  2.04000000e-05   0.00000000e+00   0.00000000e+00   1.13118608e-12  -8.16166055e-25  -1.83590628e-24  -1.35179953e-53
  2.04800000e-05   0.00000000e+00   0.00000000e+00   1.67175774e-12  -1.20619582e-24  -2.71324992e-24  -2.95233714e-53
  2.05600000e-05   0.00000000e+00   0.00000000e+00   9.06868628e-13  -6.54317979e-25  -1.47184079e-24  -8.68930313e-54
  2.06400000e-05   0.00000000e+00   0.00000000e+00   1.29744088e-12  -9.36121143e-25  -2.10573654e-24  -1.77831093e-53
  2.07200000e-05   0.00000000e+00   0.00000000e+00   9.78247660e-13  -7.05818916e-25  -1.58768841e-24  -1.01108984e-53
  2.08000000e-05   0.00000000e+00   0.00000000e+00   7.53432385e-13  -5.43611655e-25  -1.22281495e-24  -5.99699195e-54
  2.08800000e-05   0.00000000e+00   0.00000000e+00   3.03362289e-13  -2.18879994e-25  -4.92354655e-25  -9.72478833e-55
  2.09600000e-05   0.00000000e+00   0.00000000e+00  -2.27942530e-14   1.64463618e-26   3.69948968e-26  -5.46935404e-57
  2.10400000e-05   0.00000000e+00   0.00000000e+00   7.56279927e-13  -5.45666195e-25  -1.22743649e-24  -6.04235627e-54
  2.11200000e-05   0.00000000e+00   0.00000000e+00   1.18060169e-12  -8.51820089e-25  -1.91610744e-24  -1.47225152e-53
  2.12000000e-05   0.00000000e+00   0.00000000e+00   1.88781759e-12  -1.36208592e-24  -3.06391338e-24  -3.76460686e-53
  2.12800000e-05   0.00000000e+00   0.00000000e+00   1.38514926e-12  -9.99403923e-25  -2.24808656e-24  -2.02700431e-53
  2.13600000e-05   0.00000000e+00   0.00000000e+00   1.31375440e-12  -9.47891567e-25  -2.13221326e-24  -1.82343565e-53
  2.14400000e-05   0.00000000e+00   0.00000000e+00   8.35196031e-13  -6.02605231e-25  -1.35551671e-24  -7.37037324e-54
  2.15200000e-05   0.00000000e+00   0.00000000e+00   2.03277615e-12  -1.46667549e-24  -3.29918002e-24  -4.36507935e-53
  2.16000000e-05   0.00000000e+00   0.00000000e+00   7.12210152e-13  -5.13869257e-25  -1.15591158e-24  -5.35947185e-54
  2.16800000e-05   0.00000000e+00   0.00000000e+00   9.05271790e-13  -6.53165839e-25  -1.46924913e-24  -8.65713036e-54
  2.17600000e-05   0.00000000e+00   0.00000000e+00   1.10758791e-12  -7.99139656e-25  -1.79760663e-24  -1.29591593e-53
  2.18400000e-05   0.00000000e+00   0.00000000e+00   7.58123910e-13  -5.46996654e-25  -1.23042926e-24  -6.07159391e-54
  2.19200000e-05   0.00000000e+00   0.00000000e+00   8.44852619e-13  -6.09572590e-25  -1.37118928e-24  -7.54043832e-54
  2.20000000e-05   0.00000000e+00   0.00000000e+00   1.27001400e-12  -9.16332274e-25  -2.06122292e-24  -1.70383844e-53
  2.20800000e-05   0.00000000e+00   0.00000000e+00   1.14663061e-12  -8.27309492e-25  -1.86097263e-24  -1.38896440e-53
  2.21600000e-05   0.00000000e+00   0.00000000e+00   1.10644813e-12  -7.98317287e-25  -1.79575677e-24  -1.29332093e-53
  2.22400000e-05   0.00000000e+00   0.00000000e+00   8.34722557e-13  -6.02263614e-25  -1.35474827e-24  -7.36090238e-54
  2.23200000e-05   0.00000000e+00   0.00000000e+00   1.10012221e-12  -7.93753054e-25  -1.78548986e-24  -1.27857462e-53
  2.24000000e-05   0.00000000e+00   0.00000000e+00   9.48600433e-13  -6.84428041e-25  -1.53957118e-24  -9.50645883e-54
  2.24800000e-05   0.00000000e+00   0.00000000e+00   1.27939334e-12  -9.23099596e-25  -2.07644552e-24  -1.72909770e-53
  2.25600000e-05   0.00000000e+00   0.00000000e+00   8.78445413e-13  -6.33810245e-25  -1.42571013e-24  -8.15172680e-54
  2.26400000e-05   0.00000000e+00   0.00000000e+00   1.24077383e-12  -8.95235100e-25  -2.01376636e-24  -1.62643176e-53
  2.27200000e-05   0.00000000e+00   0.00000000e+00   1.41281197e-12  -1.01936294e-24  -2.29298292e-24  -2.10863380e-53
  2.28000000e-05   0.00000000e+00   0.00000000e+00   1.51450248e-12  -1.09273402e-24  -2.45802584e-24  -2.42310892e-53
  2.28800000e-05   0.00000000e+00   0.00000000e+00   1.01549729e-12  -7.32695028e-25  -1.64814427e-24  -1.08943344e-53
  2.29600000e-05   0.00000000e+00   0.00000000e+00   1.17027278e-12  -8.44367641e-25  -1.89934370e-24  -1.44681972e-53
  2.30400000e-05   0.00000000e+00   0.00000000e+00   1.17069078e-12  -8.44669229e-25  -1.90002210e-24  -1.44785345e-53
  2.31200000e-05   0.00000000e+00   0.00000000e+00   9.55592802e-13  -6.89473130e-25  -1.55091975e-24  -9.64645145e-54
  2.32000000e-05   0.00000000e+00   0.00000000e+00   1.22322139e-12  -8.82570773e-25  -1.98527887e-24  -1.58062689e-53
  2.32800000e-05   0.00000000e+00   0.00000000e+00   1.04115349e-12  -7.51206325e-25  -1.68978409e-24  -1.14521762e-53
  2.33600000e-05   0.00000000e+00   0.00000000e+00   9.16735475e-13  -6.61437043e-25  -1.48785460e-24  -8.87828191e-54
  2.34400000e-05   0.00000000e+00   0.00000000e+00   9.11604958e-13  -6.57735306e-25  -1.47952781e-24  -8.77918531e-54
  2.35200000e-05   0.00000000e+00   0.00000000e+00   7.71053873e-13  -5.56325797e-25  -1.25141449e-24  -6.28070882e-54
  2.36000000e-05   0.00000000e+00   0.00000000e+00   7.78399863e-13  -5.61626028e-25  -1.26333697e-24  -6.40095427e-54
  2.36800000e-05   0.00000000e+00   0.00000000e+00   9.09449753e-13  -6.56180296e-25  -1.47602993e-24  -8.73826531e-54
  2.37600000e-05   0.00000000e+00   0.00000000e+00   8.24251360e-13  -5.94708503e-25  -1.33775360e-24  -7.17732922e-54
  2.38400000e-05   0.00000000e+00   0.00000000e+00   7.99391719e-13  -5.76771937e-25  -1.29740659e-24  -6.75091928e-54
  2.39200000e-05   0.00000000e+00   0.00000000e+00   8.21501153e-13  -5.92724192e-25  -1.33329003e-24  -7.13021625e-54
  2.40000000e-05   0.00000000e+00   0.00000000e+00   4.72697892e-13  -3.41057922e-25  -7.67185031e-25  -2.36095490e-54
  2.40800000e-05   0.00000000e+00   0.00000000e+00   1.07340841e-12  -7.74478686e-25  -1.74213357e-24  -1.21717124e-53
  2.41600000e-05   0.00000000e+00   0.00000000e+00   9.65391564e-13  -6.96543070e-25  -1.56682306e-24  -9.84562977e-54
  2.42400000e-05   0.00000000e+00   0.00000000e+00   9.98707520e-13  -7.20580982e-25  -1.62089460e-24  -1.05369099e-53
  2.43200000e-05   0.00000000e+00   0.00000000e+00   3.67721064e-13  -2.65315721e-25  -5.96808450e-25  -1.42866232e-54
  2.44000000e-05   0.00000000e+00   0.00000000e+00   1.40068543e-12  -1.01061348e-24  -2.27330164e-24  -2.07252039e-53
  2.44800000e-05   0.00000000e+00   0.00000000e+00   8.91331979e-13  -6.43108077e-25  -1.44662493e-24  -8.39363482e-54
  2.45600000e-05   0.00000000e+00   0.00000000e+00   1.34027223e-12  -9.67024540e-25  -2.17525149e-24  -1.89759099e-53
  2.46400000e-05   0.00000000e+00   0.00000000e+00   8.73992558e-13  -6.30597450e-25  -1.41848318e-24  -8.07021104e-54
  2.47200000e-05   0.00000000e+00   0.00000000e+00   1.13560505e-12  -8.19354403e-25  -1.84307824e-24  -1.36228442e-53
  2.48000000e-05   0.00000000e+00   0.00000000e+00   1.41893657e-12  -1.02378193e-24  -2.30292311e-24  -2.12688757e-53
  2.48800000e-05   0.00000000e+00   0.00000000e+00   1.40961270e-12  -1.01705462e-24  -2.28779053e-24  -2.09912225e-53
  2.49600000e-05   0.00000000e+00   0.00000000e+00   1.34804368e-12  -9.72631744e-25  -2.18786449e-24  -1.91966056e-53
  2.50400000e-05   0.00000000e+00   0.00000000e+00   1.64272776e-12  -1.18525029e-24  -2.66613448e-24  -2.85070294e-53
  2.51200000e-05   0.00000000e+00   0.00000000e+00   1.03149578e-12  -7.44238155e-25  -1.67410969e-24  -1.12405044e-53
  2.52000000e-05   0.00000000e+00   0.00000000e+00   1.25280868e-12  -9.03918409e-25  -2.03329883e-24  -1.65803267e-53
  2.52800000e-05   0.00000000e+00   0.00000000e+00   7.34633917e-13  -5.30048306e-25  -1.19230518e-24  -5.70190245e-54
  2.53600000e-05   0.00000000e+00   0.00000000e+00   1.20452148e-12  -8.69078539e-25  -1.95492907e-24  -1.53268181e-53
  2.54400000e-05   0.00000000e+00   0.00000000e+00   7.61761930e-13  -5.49621535e-25  -1.23633374e-24  -6.13101323e-54
  2.55200000e-05   0.00000000e+00   0.00000000e+00   3.95276562e-13  -2.85197385e-25  -6.41530811e-25  -1.65089591e-54
  2.56000000e-05   0.00000000e+00   0.00000000e+00   8.72666585e-13  -6.29640743e-25  -1.41633113e-24  -8.04511896e-54
  2.56800000e-05   0.00000000e+00   0.00000000e+00   8.74837738e-13  -6.31207259e-25  -1.41985490e-24  -8.08511707e-54
  2.57600000e-05   0.00000000e+00   0.00000000e+00   6.95156851e-13  -5.01565070e-25  -1.12823421e-24  -5.10542145e-54
  2.58400000e-05   0.00000000e+00   0.00000000e+00   5.30381438e-13  -3.82677380e-25  -8.60804982e-25  -2.97201236e-54
  2.59200000e-05   0.00000000e+00   0.00000000e+00   9.05711834e-13  -6.53483337e-25  -1.46996332e-24  -8.66586033e-54
  2.60000000e-05   0.00000000e+00   0.00000000e+00   8.08232572e-13  -5.83150731e-25  -1.31175523e-24  -6.90011602e-54
  2.60800000e-05   0.00000000e+00   0.00000000e+00   1.06905984e-13  -7.71341130e-26  -1.73507587e-25  -1.20787358e-55
  2.61600000e-05   0.00000000e+00   0.00000000e+00   8.64533067e-13  -6.23772300e-25  -1.40313050e-24  -7.89571090e-54
  2.62400000e-05   0.00000000e+00   0.00000000e+00   7.69288643e-13  -5.55052160e-25  -1.24854953e-24  -6.25238787e-54
  2.63200000e-05   0.00000000e+00   0.00000000e+00   1.63595894e-12  -1.18036650e-24  -2.65514873e-24  -2.82722637e-53
  2.64000000e-05   0.00000000e+00   0.00000000e+00   1.12222830e-12  -8.09702894e-25  -1.82136787e-24  -1.33051937e-53
  2.64800000e-05   0.00000000e+00   0.00000000e+00   1.34128542e-12  -9.67755569e-25  -2.17689589e-24  -1.90048883e-53
  2.65600000e-05   0.00000000e+00   0.00000000e+00   1.20868489e-12  -8.72082493e-25  -1.96168625e-24  -1.54342677e-53
  2.66400000e-05   0.00000000e+00   0.00000000e+00   2.00293724e-12  -1.44514631e-24  -3.25075169e-24  -4.23802010e-53
  2.67200000e-05   0.00000000e+00   0.00000000e+00   1.12135562e-12  -8.09073247e-25  -1.81995152e-24  -1.32843528e-53
  2.68000000e-05   0.00000000e+00   0.00000000e+00   1.07969222e-12  -7.79012537e-25  -1.75233214e-24  -1.23152350e-53
  2.68800000e-05   0.00000000e+00   0.00000000e+00   1.05471149e-12  -7.60988607e-25  -1.71178862e-24  -1.17519565e-53
  2.69600000e-05   0.00000000e+00   0.00000000e+00   9.19176246e-13  -6.63198092e-25  -1.49181596e-24  -8.92572924e-54
  2.70400000e-05   0.00000000e+00   0.00000000e+00   8.69432643e-13  -6.27307411e-25  -1.41108247e-24  -7.98579843e-54
  2.71200000e-05   0.00000000e+00   0.00000000e+00   8.46148849e-13  -6.10507838e-25  -1.37329305e-24  -7.56367376e-54
  2.72000000e-05   0.00000000e+00   0.00000000e+00   1.14155475e-12  -8.23647193e-25  -1.85273456e-24  -1.37668175e-53
  2.72800000e-05   0.00000000e+00   0.00000000e+00   1.19640398e-12  -8.63221652e-25  -1.94175443e-24  -1.51209655e-53
  2.73600000e-05   0.00000000e+00   0.00000000e+00   4.35761585e-13  -3.14407877e-25  -7.07237691e-25  -2.00633606e-54
  2.74400000e-05   0.00000000e+00   0.00000000e+00   1.72678746e-13  -1.24590051e-25  -2.80256273e-25  -3.15125409e-55
  2.75200000e-05   0.00000000e+00   0.00000000e+00   8.03166050e-13  -5.79495167e-25  -1.30353230e-24  -6.81558410e-54
  2.76000000e-05   0.00000000e+00   0.00000000e+00   1.03670893e-12  -7.47999514e-25  -1.68257060e-24  -1.13530504e-53
  2.76800000e-05   0.00000000e+00   0.00000000e+00   1.43163178e-12  -1.03294169e-24  -2.32352733e-24  -2.16507506e-53
  2.77600000e-05   0.00000000e+00   0.00000000e+00   1.05420280e-12  -7.60621577e-25  -1.71096301e-24  -1.17403393e-53
  2.78400000e-05   0.00000000e+00   0.00000000e+00   1.13118715e-12  -8.16166830e-25  -1.83590802e-24  -1.35176684e-53
  2.79200000e-05   0.00000000e+00   0.00000000e+00   1.36117673e-12  -9.82107417e-25  -2.20917933e-24  -1.95731105e-53
  2.80000000e-05   0.00000000e+00   0.00000000e+00   1.13624746e-12  -8.19817913e-25  -1.84412087e-24  -1.36386283e-53
  2.80800000e-05   0.00000000e+00   0.00000000e+00   1.29750040e-12  -9.36164088e-25  -2.10583314e-24  -1.77845040e-53
  2.81600000e-05   0.00000000e+00   0.00000000e+00   6.87529684e-13  -4.96061965e-25  -1.11585537e-24  -4.99419465e-54
  2.82400000e-05   0.00000000e+00   0.00000000e+00   9.78887110e-13  -7.06280289e-25  -1.58872623e-24  -1.01225503e-53
  2.83200000e-05   0.00000000e+00   0.00000000e+00   7.64440123e-13  -5.51553887e-25  -1.24068042e-24  -6.17376867e-54
  2.84000000e-05   0.00000000e+00   0.00000000e+00   7.03761619e-13  -5.07773526e-25  -1.14219968e-24  -5.23225870e-54
  2.84800000e-05   0.00000000e+00   0.00000000e+00   7.17992298e-13  -5.18041154e-25  -1.16529596e-24  -5.44600039e-54
  2.85600000e-05   0.00000000e+00   0.00000000e+00   8.74913832e-13  -6.31262162e-25  -1.41997840e-24  -8.08596283e-54
  2.86400000e-05   0.00000000e+00   0.00000000e+00   8.63112883e-13  -6.22747618e-25  -1.40082555e-24  -7.87029940e-54
  2.87200000e-05   0.00000000e+00   0.00000000e+00   7.37447663e-13  -5.32078463e-25  -1.19687187e-24  -5.74541174e-54
  2.88000000e-05   0.00000000e+00   0.00000000e+00   9.17907710e-13  -6.62282827e-25  -1.48975713e-24  -8.90174955e-54
  2.88800000e-05   0.00000000e+00   0.00000000e+00   6.04353833e-13  -4.36049464e-25  -9.80861608e-25  -3.85903874e-54
  2.89600000e-05   0.00000000e+00   0.00000000e+00   1.09656902e-12  -7.91189381e-25  -1.77972307e-24  -1.27026365e-53
  2.90400000e-05   0.00000000e+00   0.00000000e+00   5.44990035e-13  -3.93217681e-25  -8.84514622e-25  -3.13787575e-54
  2.91200000e-05   0.00000000e+00   0.00000000e+00   4.52770552e-13  -3.26680076e-25  -7.34843112e-25  -2.16580178e-54
  2.92000000e-05   0.00000000e+00   0.00000000e+00   9.47597150e-13  -6.83704160e-25  -1.53794286e-24  -9.48593337e-54
  2.92800000e-05   0.00000000e+00   0.00000000e+00   6.88175723e-13  -4.96528091e-25  -1.11690389e-24  -5.00309496e-54
  2.93600000e-05   0.00000000e+00   0.00000000e+00   1.03412416e-12  -7.46134570e-25  -1.67837554e-24  -1.12970335e-53
  2.94400000e-05   0.00000000e+00   0.00000000e+00   1.02423143e-12  -7.38996830e-25  -1.66231971e-24  -1.10824636e-53
  2.95200000e-05   0.00000000e+00   0.00000000e+00   1.07087749e-12  -7.72652593e-25  -1.73802591e-24  -1.21150374e-53
  2.96000000e-05   0.00000000e+00   0.00000000e+00   1.20988761e-12  -8.72950271e-25  -1.96363825e-24  -1.54640295e-53
  2.96800000e-05   0.00000000e+00   0.00000000e+00   1.29495808e-12  -9.34329770e-25  -2.10170698e-24  -1.77151379e-53
  2.97600000e-05   0.00000000e+00   0.00000000e+00   9.88509338e-13  -7.13222857e-25  -1.60434303e-24  -1.03230289e-53
  2.98400000e-05   0.00000000e+00   0.00000000e+00   8.40796578e-13  -6.06646103e-25  -1.36460636e-24  -7.46901789e-54
  2.99200000e-05   0.00000000e+00   0.00000000e+00   5.20341771e-13  -3.75433625e-25  -8.44510680e-25  -2.86078021e-54
  3.00000000e-05   0.00000000e+00   0.00000000e+00   8.86171127e-13  -6.39384453e-25  -1.43824890e-24  -8.29578403e-54
  3.00800000e-05   0.00000000e+00   0.00000000e+00   7.10405794e-13  -5.12567388e-25  -1.15298312e-24  -5.33169348e-54
  3.01600000e-05   0.00000000e+00   0.00000000e+00   2.96937265e-13  -2.14244252e-25  -4.81926890e-25  -9.31595397e-55
  3.02400000e-05   0.00000000e+00   0.00000000e+00   5.14214022e-13  -3.71012371e-25  -8.34565390e-25  -2.79347358e-54
  3.03200000e-05   0.00000000e+00   0.00000000e+00   4.59198375e-13  -3.31317838e-25  -7.45275419e-25  -2.22780173e-54
  3.04000000e-05   0.00000000e+00   0.00000000e+00   9.11687741e-13  -6.57795035e-25  -1.47966217e-24  -8.78030130e-54
  3.04800000e-05   0.00000000e+00   0.00000000e+00   1.10531292e-12  -7.97498224e-25  -1.79391435e-24  -1.29060019e-53
  3.05600000e-05   0.00000000e+00   0.00000000e+00   7.54474619e-13  -5.44363641e-25  -1.22450649e-24  -6.01338781e-54
  3.06400000e-05   0.00000000e+00   0.00000000e+00   7.45194391e-13  -5.37667832e-25  -1.20944475e-24  -5.86650578e-54
  3.07200000e-05   0.00000000e+00   0.00000000e+00   7.44509181e-13  -5.37173443e-25  -1.20833266e-24  -5.85572217e-54
  3.08000000e-05   0.00000000e+00   0.00000000e+00   6.40437491e-13  -4.62084311e-25  -1.03942511e-24  -4.33305363e-54
  3.08800000e-05   0.00000000e+00   0.00000000e+00   6.38540344e-13  -4.60715494e-25  -1.03634605e-24  -4.30742034e-54
  3.09600000e-05   0.00000000e+00   0.00000000e+00   9.58689714e-13  -6.91707594e-25  -1.55594601e-24  -9.70939147e-54
  3.10400000e-05   0.00000000e+00   0.00000000e+00   7.01781251e-13  -5.06344664e-25  -1.13898556e-24  -5.20288306e-54
  3.11200000e-05   0.00000000e+00   0.00000000e+00   8.98660400e-13  -6.48395633e-25  -1.45851890e-24  -8.53132841e-54
  3.12000000e-05   0.00000000e+00   0.00000000e+00   6.47137677e-13  -4.66918586e-25  -1.05029946e-24  -4.42438699e-54
  3.12800000e-05   0.00000000e+00   0.00000000e+00   1.10641176e-12  -7.98291047e-25  -1.79569775e-24  -1.29317069e-53
  3.13600000e-05   0.00000000e+00   0.00000000e+00   8.42116021e-13  -6.07598098e-25  -1.36674781e-24  -7.49199441e-54
  3.14400000e-05   0.00000000e+00   0.00000000e+00   7.00682498e-13  -5.05551899e-25  -1.13720229e-24  -5.18648673e-54
  3.15200000e-05   0.00000000e+00   0.00000000e+00   7.62100026e-13  -5.49865476e-25  -1.23688246e-24  -6.13557758e-54
  3.16000000e-05   0.00000000e+00   0.00000000e+00   5.98066590e-13  -4.31513134e-25  -9.70657462e-25  -3.77869695e-54
  3.16800000e-05   0.00000000e+00   0.00000000e+00   5.94971667e-13  -4.29280105e-25  -9.65634425e-25  -3.73985555e-54
  3.17600000e-05   0.00000000e+00   0.00000000e+00   4.74359379e-13  -3.42256707e-25  -7.69881612e-25  -2.37729369e-54
  3.18400000e-05   0.00000000e+00   0.00000000e+00   4.97394781e-13  -3.58877061e-25  -8.07267892e-25  -2.61356256e-54
  3.19200000e-05   0.00000000e+00   0.00000000e+00   5.42270498e-13  -3.91255498e-25  -8.80100835e-25  -3.10644178e-54
  3.20000000e-05   0.00000000e+00   0.00000000e+00   5.86441765e-13  -4.23125665e-25  -9.51790460e-25  -3.63306089e-54
  3.20800000e-05   0.00000000e+00   0.00000000e+00   7.16902290e-13  -5.17254698e-25  -1.16352689e-24  -5.42941936e-54
  3.21600000e-05   0.00000000e+00   0.00000000e+00   6.57892851e-13  -4.74678590e-25  -1.06775502e-24  -4.57266992e-54
  3.22400000e-05   0.00000000e+00   0.00000000e+00   8.37714115e-13  -6.04422064e-25  -1.35960355e-24  -7.41355337e-54
  3.23200000e-05   0.00000000e+00   0.00000000e+00   8.80118260e-13  -6.35017228e-25  -1.42842515e-24  -8.18308533e-54
  3.24000000e-05   0.00000000e+00   0.00000000e+00   4.65336788e-13  -3.35746786e-25  -7.55238017e-25  -2.28767166e-54
  3.24800000e-05   0.00000000e+00   0.00000000e+00   8.62544685e-13  -6.22337655e-25  -1.39990337e-24  -7.85948034e-54
  3.25600000e-05   0.00000000e+00   0.00000000e+00   9.38990096e-13  -6.77494054e-25  -1.52397368e-24  -9.31436885e-54
  3.26400000e-05   0.00000000e+00   0.00000000e+00   5.42255403e-13  -3.91244607e-25  -8.80076336e-25  -3.10628140e-54
  3.27200000e-05   0.00000000e+00   0.00000000e+00   5.78353154e-13  -4.17289623e-25  -9.38662707e-25  -3.53361873e-54
  3.28000000e-05   0.00000000e+00   0.00000000e+00   9.15793595e-14  -6.60757465e-26  -1.48632594e-25  -8.86484555e-56
  3.28800000e-05   0.00000000e+00   0.00000000e+00   4.09680494e-13  -2.95590017e-25  -6.64908281e-25  -1.77313410e-54
  3.29600000e-05   0.00000000e+00   0.00000000e+00   3.24581280e-13  -2.34189783e-25  -5.26792913e-25  -1.11297696e-54
  3.30400000e-05   0.00000000e+00   0.00000000e+00   6.68630608e-13  -4.82426027e-25  -1.08518232e-24  -4.72253268e-54
  3.31200000e-05   0.00000000e+00   0.00000000e+00   3.49296910e-13  -2.52022444e-25  -5.66906189e-25  -1.28936719e-54
  3.32000000e-05   0.00000000e+00   0.00000000e+00   7.78075056e-13  -5.61391676e-25  -1.26280981e-24  -6.39523650e-54
  3.32800000e-05   0.00000000e+00   0.00000000e+00   3.10810142e-13  -2.24253721e-25  -5.04442462e-25  -1.02092932e-54
  3.33600000e-05   0.00000000e+00   0.00000000e+00  -1.61760248e-13   1.16712207e-25   2.62535634e-25  -2.76227306e-55
  3.34400000e-05   0.00000000e+00   0.00000000e+00   3.60678469e-13  -2.60234394e-25  -5.85378373e-25  -1.37426014e-54
  3.35200000e-05   0.00000000e+00   0.00000000e+00   3.99662387e-13  -2.88361817e-25  -6.48648970e-25  -1.68739288e-54
  3.36000000e-05   0.00000000e+00   0.00000000e+00   3.13661538e-13  -2.26311042e-25  -5.09070256e-25  -1.03927040e-54
  3.36800000e-05   0.00000000e+00   0.00000000e+00   5.75713363e-13  -4.15384978e-25  -9.34378347e-25  -3.50133130e-54
  3.37600000e-05   0.00000000e+00   0.00000000e+00   6.79976606e-13  -4.90612318e-25  -1.10359679e-24  -4.88440360e-54
  3.38400000e-05   0.00000000e+00   0.00000000e+00   1.11383512e-12  -8.03647104e-25  -1.80774581e-24  -1.31060738e-53
  3.39200000e-05   0.00000000e+00   0.00000000e+00   6.36867827e-13  -4.59508750e-25  -1.03363157e-24  -4.28443362e-54
  3.40000000e-05   0.00000000e+00   0.00000000e+00   9.03456831e-13  -6.51856323e-25  -1.46630347e-24  -8.62229787e-54
  3.40800000e-05   0.00000000e+00   0.00000000e+00   4.24664588e-13  -3.06401243e-25  -6.89227349e-25  -1.90545546e-54
  3.41600000e-05   0.00000000e+00   0.00000000e+00   7.23446618e-13  -5.21976519e-25  -1.17414828e-24  -5.52848868e-54
  3.42400000e-05   0.00000000e+00   0.00000000e+00   6.29220679e-13  -4.53991230e-25  -1.02122031e-24  -4.18301198e-54
  3.43200000e-05   0.00000000e+00   0.00000000e+00   6.02169543e-13  -4.34473470e-25  -9.77316523e-25  -3.83020120e-54
  3.44000000e-05   0.00000000e+00   0.00000000e+00   5.25710198e-13  -3.79307018e-25  -8.53223596e-25  -2.91988052e-54
  3.44800000e-05   0.00000000e+00   0.00000000e+00   3.67585655e-13  -2.65218022e-25  -5.96588682e-25  -1.42755114e-54
  3.45600000e-05   0.00000000e+00   0.00000000e+00   2.51394767e-13  -1.81384724e-25  -4.08011767e-25  -6.67733084e-55
  3.46400000e-05   0.00000000e+00   0.00000000e+00  -4.12494614e-14   2.97620443e-26   6.69475577e-26  -1.79584360e-56
  3.47200000e-05   0.00000000e+00   0.00000000e+00   9.71336984e-14  -7.00832771e-26  -1.57647243e-25  -9.97074835e-56
  3.48000000e-05   0.00000000e+00   0.00000000e+00  -3.49766625e-14   2.52361351e-26   5.67668534e-26  -1.29118000e-56
  3.48800000e-05   0.00000000e+00   0.00000000e+00  -5.89310055e-13   4.25195175e-25   9.56445673e-25  -3.66863008e-54
  3.49600000e-05   0.00000000e+00   0.00000000e+00   5.65151200e-13  -4.07764234e-25  -9.17236037e-25  -3.37356477e-54
  3.50400000e-05   0.00000000e+00   0.00000000e+00   3.41953997e-13  -2.46724434e-25  -5.54988699e-25  -1.23541510e-54
  3.51200000e-05   0.00000000e+00   0.00000000e+00   6.03141213e-13  -4.35174543e-25  -9.78893536e-25  -3.84240224e-54
  3.52000000e-05   0.00000000e+00   0.00000000e+00   6.66435911e-13  -4.80842523e-25  -1.08162034e-24  -4.69209590e-54
  3.52800000e-05   0.00000000e+00   0.00000000e+00   4.00389560e-13  -2.88886483e-25  -6.49829167e-25  -1.69384869e-54
  3.53600000e-05   0.00000000e+00   0.00000000e+00   1.46383696e-13  -1.05617816e-25  -2.37579609e-25  -2.26471752e-55
  3.54400000e-05   0.00000000e+00   0.00000000e+00   8.78691148e-14  -6.33987547e-26  -1.42610895e-25  -8.16764606e-56
  3.55200000e-05   0.00000000e+00   0.00000000e+00   4.20523767e-13  -3.03413585e-25  -6.82506830e-25  -1.86786412e-54
  3.56000000e-05   0.00000000e+00   0.00000000e+00   7.15104510e-13  -5.15957576e-25  -1.16060910e-24  -5.40175093e-54
  3.56800000e-05   0.00000000e+00   0.00000000e+00   2.29330944e-13  -1.65465378e-25  -3.72202353e-25  -5.55452086e-55
  3.57600000e-05   0.00000000e+00   0.00000000e+00   4.80593021e-13  -3.46754365e-25  -7.79998766e-25  -2.43971110e-54
  3.58400000e-05   0.00000000e+00   0.00000000e+00  -3.17462286e-13   2.29053333e-25   5.15238841e-25  -1.06448140e-54
  3.59200000e-05   0.00000000e+00   0.00000000e+00  -3.57970150e-13   2.58280305e-25   5.80982792e-25  -1.35381474e-54
  3.60000000e-05   0.00000000e+00   0.00000000e+00   2.31126607e-13  -1.66760973e-25  -3.75116701e-25  -5.64426755e-55
  3.60800000e-05   0.00000000e+00   0.00000000e+00   2.28440562e-13  -1.64822955e-25  -3.70757269e-25  -5.51253997e-55
  3.61600000e-05   0.00000000e+00   0.00000000e+00   3.01942879e-13  -2.17855871e-25  -4.90050963e-25  -9.63082298e-55
  3.62400000e-05   0.00000000e+00   0.00000000e+00   2.93242831e-13  -2.11578668e-25  -4.75930852e-25  -9.08259337e-55
  3.63200000e-05   0.00000000e+00   0.00000000e+00   1.97359573e-13  -1.42397601e-25  -3.20313065e-25  -4.11532252e-55
  3.64000000e-05   0.00000000e+00   0.00000000e+00   1.11500701e-13  -8.04492637e-26  -1.80964777e-25  -1.31364811e-55
  3.64800000e-05   0.00000000e+00   0.00000000e+00   7.54407601e-13  -5.44315287e-25  -1.22439772e-24  -6.01197082e-54
  3.65600000e-05   0.00000000e+00   0.00000000e+00   1.13077543e-13  -8.15869764e-26  -1.83523979e-25  -1.35204400e-55
  3.66400000e-05   0.00000000e+00   0.00000000e+00  -3.01374609e-13   2.17445856e-25   4.89128665e-25  -9.59189121e-55
  3.67200000e-05   0.00000000e+00   0.00000000e+00   8.00522074e-14  -5.77587503e-26  -1.29924115e-25  -6.76854865e-56
  3.68000000e-05   0.00000000e+00   0.00000000e+00   1.47377723e-13  -1.06335020e-25  -2.39192907e-25  -2.29432180e-55
  3.68800000e-05   0.00000000e+00   0.00000000e+00   3.79964662e-13  -2.74149643e-25  -6.16679715e-25  -1.52506764e-54
  3.69600000e-05   0.00000000e+00   0.00000000e+00   2.37511791e-13  -1.71367970e-25  -3.85479805e-25  -5.95898760e-55
  3.70400000e-05   0.00000000e+00   0.00000000e+00   2.86949258e-13  -2.07037770e-25  -4.65716432e-25  -8.69820644e-55
  3.71200000e-05   0.00000000e+00   0.00000000e+00   4.56303282e-13  -3.29228989e-25  -7.40576706e-25  -2.19974896e-54
  3.72000000e-05   0.00000000e+00   0.00000000e+00   3.48346323e-13  -2.51336584e-25  -5.65363395e-25  -1.28202460e-54
  3.72800000e-05   0.00000000e+00   0.00000000e+00   7.14279931e-14  -5.15362631e-26  -1.15927082e-25  -5.38785562e-56
  3.73600000e-05   0.00000000e+00   0.00000000e+00   5.39526981e-15  -3.89276014e-27  -8.75648128e-27  -3.09486095e-58
  3.74400000e-05   0.00000000e+00   0.00000000e+00  -1.32699153e-13   9.57442338e-26   2.15369702e-25  -1.85978849e-55
  3.75200000e-05   0.00000000e+00   0.00000000e+00   3.04092338e-14  -2.19406734e-26  -4.93539518e-26  -9.76200759e-57
  3.76000000e-05   0.00000000e+00   0.00000000e+00   8.87519372e-14  -6.40357230e-26  -1.44043709e-25  -8.31932659e-56
  3.76800000e-05   0.00000000e+00   0.00000000e+00  -1.11657401e-13   8.05623253e-26   1.81219101e-25  -1.31673335e-55
  3.77600000e-05   0.00000000e+00   0.00000000e+00   1.15979034e-13  -8.36804414e-26  -1.88233077e-25  -1.42073828e-55
  3.78400000e-05   0.00000000e+00   0.00000000e+00   2.06920719e-13  -1.49296097e-25  -3.35830730e-25  -4.52272816e-55
  3.79200000e-05   0.00000000e+00   0.00000000e+00  -6.28897104e-14   4.53757766e-26   1.02069515e-25  -4.17744053e-56
  3.80000000e-05   0.00000000e+00   0.00000000e+00   3.70606540e-13  -2.67397631e-25  -6.01491555e-25  -1.45076380e-54
  3.80800000e-05   0.00000000e+00   0.00000000e+00   1.31454655e-13  -9.48463115e-26  -2.13349891e-25  -1.82607203e-55
  3.81600000e-05   0.00000000e+00   0.00000000e+00  -1.13445752e-13   8.18526444e-26   1.84121580e-25  -1.35906432e-55
  3.82400000e-05   0.00000000e+00   0.00000000e+00  -2.98069984e-13   2.15061525e-25   4.83765284e-25  -9.38446425e-55
  3.83200000e-05   0.00000000e+00   0.00000000e+00   2.54190617e-13  -1.83401968e-25  -4.12549410e-25  -6.82671412e-55
  3.84000000e-05   0.00000000e+00   0.00000000e+00   1.31420662e-13  -9.48217851e-26  -2.13294721e-25  -1.82502564e-55
  3.84800000e-05   0.00000000e+00   0.00000000e+00   4.89689834e-13  -3.53317838e-25  -7.94762823e-25  -2.53300496e-54
  3.85600000e-05   0.00000000e+00   0.00000000e+00   2.26352684e-13  -1.63316523e-25  -3.67368660e-25  -5.41322256e-55
  3.86400000e-05   0.00000000e+00   0.00000000e+00   1.33916517e-13  -9.66225781e-26  -2.17345474e-25  -1.89488770e-55
  3.87200000e-05   0.00000000e+00   0.00000000e+00  -1.74015905e-13   1.25554829e-25   2.82426471e-25  -3.19817082e-55
  3.88000000e-05   0.00000000e+00   0.00000000e+00   3.62344228e-14  -2.61436261e-26  -5.88081886e-26  -1.38519819e-56
  3.88800000e-05   0.00000000e+00   0.00000000e+00  -1.12715884e-13   8.13260350e-26   1.82937011e-25  -1.34166684e-55
  3.89600000e-05   0.00000000e+00   0.00000000e+00  -1.07502405e-13   7.75644390e-26   1.74475574e-25  -1.22143115e-55
  3.90400000e-05   0.00000000e+00   0.00000000e+00   7.29989933e-14  -5.26697609e-26  -1.18476803e-25  -5.62949085e-56
  3.91200000e-05   0.00000000e+00   0.00000000e+00  -5.67421142e-14   4.09402028e-26   9.20920136e-26  -3.39958101e-56
  3.92000000e-05   0.00000000e+00   0.00000000e+00  -1.74775212e-13   1.26102679e-25   2.83658821e-25  -3.22646231e-55
  3.92800000e-05   0.00000000e+00   0.00000000e+00  -8.80396062e-14   6.35217666e-26   1.42887602e-25  -8.19520664e-56
  3.93600000e-05  -4.47856093e-08  -1.07485459e-07  -9.00685096e-14   3.39078729e-19  -1.41282635e-19  -2.06761520e-19
  3.94400000e-05  -1.74165943e-07  -4.17998250e-07  -2.90356103e-13   1.31863632e-18  -5.49431259e-19  -8.04072572e-19
  3.95200000e-05  -5.51057459e-08  -1.32253786e-07   8.66269259e-14   4.17213594e-19  -1.73839170e-19  -2.54407087e-19
  3.96000000e-05  -8.51438528e-07  -2.06664791e-06   1.80766979e-13   6.51950031e-18  -2.68597009e-18  -3.96856284e-18
  3.96800000e-05  -9.71546826e-07  -2.36408754e-06  -1.39945355e-13   7.45777534e-18  -3.06485154e-18  -4.53804590e-18
  3.97600000e-05  -1.22542604e-06  -3.00908692e-06   2.33312476e-13   9.49243712e-18  -3.86571785e-18  -5.76821179e-18
  3.98400000e-05  -3.22709360e-07  -8.01068678e-07  -8.07580691e-14   2.52703318e-18  -1.01801151e-18  -1.53307426e-18
  3.99200000e-05   0.00000000e+00   0.00000000e+00   0.00000000e+00  -0.00000000e+00   0.00000000e+00   0.00000000e+00
