       time             b_x              b_y              b_z              F_x              F_y              F_z
  0.00000000e+00   0.00000000e+00   0.00000000e+00   0.00000000e+00  -0.00000000e+00   0.00000000e+00   0.00000000e+00
  8.00000000e-08   0.00000000e+00   0.00000000e+00   0.00000000e+00  -0.00000000e+00   0.00000000e+00   0.00000000e+00
  1.60000000e-07   0.00000000e+00   0.00000000e+00   0.00000000e+00  -0.00000000e+00   0.00000000e+00   0.00000000e+00
  2.40000000e-07   0.00000000e+00   0.00000000e+00   0.00000000e+00  -0.00000000e+00   0.00000000e+00   0.00000000e+00
  3.20000000e-07   0.00000000e+00   0.00000000e+00   0.00000000e+00  -0.00000000e+00   0.00000000e+00   0.00000000e+00
  4.00000000e-07   0.00000000e+00   0.00000000e+00   0.00000000e+00  -0.00000000e+00   0.00000000e+00   0.00000000e+00
  4.80000000e-07   0.00000000e+00   0.00000000e+00   0.00000000e+00  -0.00000000e+00   0.00000000e+00   0.00000000e+00
  5.60000000e-07   0.00000000e+00   0.00000000e+00   0.00000000e+00  -0.00000000e+00   0.00000000e+00   0.00000000e+00
  6.40000000e-07   0.00000000e+00   0.00000000e+00   0.00000000e+00  -0.00000000e+00   0.00000000e+00   0.00000000e+00
  7.20000000e-07   0.00000000e+00   0.00000000e+00   0.00000000e+00  -0.00000000e+00   0.00000000e+00   0.00000000e+00
  8.00000000e-07   0.00000000e+00   0.00000000e+00   0.00000000e+00  -0.00000000e+00   0.00000000e+00   0.00000000e+00
  8.80000000e-07   0.00000000e+00   0.00000000e+00   0.00000000e+00  -0.00000000e+00   0.00000000e+00   0.00000000e+00
  9.60000000e-07   0.00000000e+00   0.00000000e+00   0.00000000e+00  -0.00000000e+00   0.00000000e+00   0.00000000e+00
  1.04000000e-06   0.00000000e+00   0.00000000e+00   0.00000000e+00  -0.00000000e+00   0.00000000e+00   0.00000000e+00
  1.12000000e-06   0.00000000e+00   0.00000000e+00   0.00000000e+00  -0.00000000e+00   0.00000000e+00   0.00000000e+00
  1.20000000e-06   0.00000000e+00   0.00000000e+00   0.00000000e+00  -0.00000000e+00   0.00000000e+00   0.00000000e+00
  1.28000000e-06   0.00000000e+00   0.00000000e+00   0.00000000e+00  -0.00000000e+00   0.00000000e+00   0.00000000e+00
  1.36000000e-06   0.00000000e+00   0.00000000e+00   0.00000000e+00  -0.00000000e+00   0.00000000e+00   0.00000000e+00
  1.44000000e-06   0.00000000e+00   0.00000000e+00   0.00000000e+00  -0.00000000e+00   0.00000000e+00   0.00000000e+00
  1.52000000e-06   0.00000000e+00   0.00000000e+00   0.00000000e+00  -0.00000000e+00   0.00000000e+00   0.00000000e+00
  1.60000000e-06   0.00000000e+00   0.00000000e+00   0.00000000e+00  -0.00000000e+00   0.00000000e+00   0.00000000e+00
  1.68000000e-06   0.00000000e+00   0.00000000e+00   0.00000000e+00  -0.00000000e+00   0.00000000e+00   0.00000000e+00
  1.76000000e-06   0.00000000e+00   0.00000000e+00   0.00000000e+00  -0.00000000e+00   0.00000000e+00   0.00000000e+00
  1.84000000e-06   0.00000000e+00   0.00000000e+00   0.00000000e+00  -0.00000000e+00   0.00000000e+00   0.00000000e+00
  1.92000000e-06   0.00000000e+00   0.00000000e+00   0.00000000e+00  -0.00000000e+00   0.00000000e+00   0.00000000e+00
  2.00000000e-06   0.00000000e+00   0.00000000e+00   0.00000000e+00  -0.00000000e+00   0.00000000e+00   0.00000000e+00
  2.08000000e-06   0.00000000e+00   0.00000000e+00   0.00000000e+00  -0.00000000e+00   0.00000000e+00   0.00000000e+00
  2.16000000e-06   0.00000000e+00   0.00000000e+00   0.00000000e+00  -0.00000000e+00   0.00000000e+00   0.00000000e+00
  2.24000000e-06   0.00000000e+00   0.00000000e+00   0.00000000e+00  -0.00000000e+00   0.00000000e+00   0.00000000e+00
  2.32000000e-06   0.00000000e+00   0.00000000e+00   0.00000000e+00  -0.00000000e+00   0.00000000e+00   0.00000000e+00
  2.40000000e-06   0.00000000e+00   0.00000000e+00   0.00000000e+00  -0.00000000e+00   0.00000000e+00   0.00000000e+00
  2.48000000e-06   0.00000000e+00   0.00000000e+00   0.00000000e+00  -0.00000000e+00   0.00000000e+00   0.00000000e+00
  2.56000000e-06   0.00000000e+00   0.00000000e+00   0.00000000e+00  -0.00000000e+00   0.00000000e+00   0.00000000e+00
  2.64000000e-06   0.00000000e+00   0.00000000e+00   0.00000000e+00  -0.00000000e+00   0.00000000e+00   0.00000000e+00
  2.72000000e-06   0.00000000e+00   0.00000000e+00   0.00000000e+00  -0.00000000e+00   0.00000000e+00   0.00000000e+00
  2.80000000e-06   0.00000000e+00   0.00000000e+00   0.00000000e+00  -0.00000000e+00   0.00000000e+00   0.00000000e+00
  2.88000000e-06   0.00000000e+00   0.00000000e+00   0.00000000e+00  -0.00000000e+00   0.00000000e+00   0.00000000e+00
  2.96000000e-06   0.00000000e+00   0.00000000e+00   0.00000000e+00  -0.00000000e+00   0.00000000e+00   0.00000000e+00
  3.04000000e-06   0.00000000e+00   0.00000000e+00   0.00000000e+00  -0.00000000e+00   0.00000000e+00   0.00000000e+00
  3.12000000e-06   0.00000000e+00   0.00000000e+00   0.00000000e+00  -0.00000000e+00   0.00000000e+00   0.00000000e+00
  3.20000000e-06   0.00000000e+00   0.00000000e+00   0.00000000e+00  -0.00000000e+00   0.00000000e+00   0.00000000e+00
  3.28000000e-06   0.00000000e+00   0.00000000e+00   0.00000000e+00  -0.00000000e+00   0.00000000e+00   0.00000000e+00
  3.36000000e-06   0.00000000e+00   0.00000000e+00   0.00000000e+00  -0.00000000e+00   0.00000000e+00   0.00000000e+00
  3.44000000e-06   0.00000000e+00   0.00000000e+00   0.00000000e+00  -0.00000000e+00   0.00000000e+00   0.00000000e+00
  3.52000000e-06   0.00000000e+00   0.00000000e+00   0.00000000e+00  -0.00000000e+00   0.00000000e+00   0.00000000e+00
  3.60000000e-06   0.00000000e+00   0.00000000e+00   0.00000000e+00  -0.00000000e+00   0.00000000e+00   0.00000000e+00
  3.68000000e-06   0.00000000e+00   0.00000000e+00   0.00000000e+00  -0.00000000e+00   0.00000000e+00   0.00000000e+00
  3.76000000e-06   0.00000000e+00   0.00000000e+00   0.00000000e+00  -0.00000000e+00   0.00000000e+00   0.00000000e+00
  3.84000000e-06   0.00000000e+00   0.00000000e+00   0.00000000e+00  -0.00000000e+00   0.00000000e+00   0.00000000e+00
  3.92000000e-06   0.00000000e+00   0.00000000e+00   0.00000000e+00  -0.00000000e+00   0.00000000e+00   0.00000000e+00
  4.00000000e-06   0.00000000e+00   0.00000000e+00   0.00000000e+00  -0.00000000e+00   0.00000000e+00   0.00000000e+00
  4.08000000e-06   0.00000000e+00   0.00000000e+00   0.00000000e+00  -0.00000000e+00   0.00000000e+00   0.00000000e+00
  4.16000000e-06   0.00000000e+00   0.00000000e+00   0.00000000e+00  -0.00000000e+00   0.00000000e+00   0.00000000e+00
  4.24000000e-06   0.00000000e+00   0.00000000e+00   0.00000000e+00  -0.00000000e+00   0.00000000e+00   0.00000000e+00
  4.32000000e-06   0.00000000e+00   0.00000000e+00   0.00000000e+00  -0.00000000e+00   0.00000000e+00   0.00000000e+00
  4.40000000e-06   0.00000000e+00   0.00000000e+00   0.00000000e+00  -0.00000000e+00   0.00000000e+00   0.00000000e+00
  4.48000000e-06   0.00000000e+00   0.00000000e+00   0.00000000e+00  -0.00000000e+00   0.00000000e+00   0.00000000e+00
  4.56000000e-06   0.00000000e+00   0.00000000e+00   0.00000000e+00  -0.00000000e+00   0.00000000e+00   0.00000000e+00
  4.64000000e-06   0.00000000e+00   0.00000000e+00   0.00000000e+00  -0.00000000e+00   0.00000000e+00   0.00000000e+00
  4.72000000e-06   0.00000000e+00   0.00000000e+00   0.00000000e+00  -0.00000000e+00   0.00000000e+00   0.00000000e+00
  4.80000000e-06   0.00000000e+00   0.00000000e+00   0.00000000e+00  -0.00000000e+00   0.00000000e+00   0.00000000e+00
  4.88000000e-06   0.00000000e+00   0.00000000e+00   0.00000000e+00  -0.00000000e+00   0.00000000e+00   0.00000000e+00
  4.96000000e-06   0.00000000e+00   0.00000000e+00   0.00000000e+00  -0.00000000e+00   0.00000000e+00   0.00000000e+00
  5.04000000e-06   0.00000000e+00   0.00000000e+00   0.00000000e+00  -0.00000000e+00   0.00000000e+00   0.00000000e+00
  5.12000000e-06   0.00000000e+00   0.00000000e+00   0.00000000e+00  -0.00000000e+00   0.00000000e+00   0.00000000e+00
  5.20000000e-06   0.00000000e+00   0.00000000e+00   0.00000000e+00  -0.00000000e+00   0.00000000e+00   0.00000000e+00
  5.28000000e-06   0.00000000e+00   0.00000000e+00   0.00000000e+00  -0.00000000e+00   0.00000000e+00   0.00000000e+00
  5.36000000e-06   0.00000000e+00   0.00000000e+00   0.00000000e+00  -0.00000000e+00   0.00000000e+00   0.00000000e+00
  5.44000000e-06   0.00000000e+00   0.00000000e+00   0.00000000e+00  -0.00000000e+00   0.00000000e+00   0.00000000e+00
  5.52000000e-06   0.00000000e+00   0.00000000e+00   0.00000000e+00  -0.00000000e+00   0.00000000e+00   0.00000000e+00
  5.60000000e-06   0.00000000e+00   0.00000000e+00   0.00000000e+00  -0.00000000e+00   0.00000000e+00   0.00000000e+00
  5.68000000e-06   0.00000000e+00   0.00000000e+00   0.00000000e+00  -0.00000000e+00   0.00000000e+00   0.00000000e+00
  5.76000000e-06   0.00000000e+00   0.00000000e+00   0.00000000e+00  -0.00000000e+00   0.00000000e+00   0.00000000e+00
  5.84000000e-06   0.00000000e+00   0.00000000e+00   0.00000000e+00  -0.00000000e+00   0.00000000e+00   0.00000000e+00
  5.92000000e-06   0.00000000e+00   0.00000000e+00   0.00000000e+00  -0.00000000e+00   0.00000000e+00   0.00000000e+00
  6.00000000e-06   0.00000000e+00   0.00000000e+00   0.00000000e+00  -0.00000000e+00   0.00000000e+00   0.00000000e+00
  6.08000000e-06   0.00000000e+00   0.00000000e+00   0.00000000e+00  -0.00000000e+00   0.00000000e+00   0.00000000e+00
  6.16000000e-06   0.00000000e+00   0.00000000e+00   0.00000000e+00  -0.00000000e+00   0.00000000e+00   0.00000000e+00
  6.24000000e-06   0.00000000e+00   0.00000000e+00   0.00000000e+00  -0.00000000e+00   0.00000000e+00   0.00000000e+00
  6.32000000e-06   0.00000000e+00   0.00000000e+00   0.00000000e+00  -0.00000000e+00   0.00000000e+00   0.00000000e+00
  6.40000000e-06   0.00000000e+00   0.00000000e+00   0.00000000e+00  -0.00000000e+00   0.00000000e+00   0.00000000e+00
  6.48000000e-06   0.00000000e+00   0.00000000e+00   0.00000000e+00  -0.00000000e+00   0.00000000e+00   0.00000000e+00
  6.56000000e-06   0.00000000e+00   0.00000000e+00   0.00000000e+00  -0.00000000e+00   0.00000000e+00   0.00000000e+00
  6.64000000e-06   0.00000000e+00   0.00000000e+00   0.00000000e+00  -0.00000000e+00   0.00000000e+00   0.00000000e+00
  6.72000000e-06   0.00000000e+00   0.00000000e+00   0.00000000e+00  -0.00000000e+00   0.00000000e+00   0.00000000e+00
  6.80000000e-06   0.00000000e+00   0.00000000e+00   0.00000000e+00  -0.00000000e+00   0.00000000e+00   0.00000000e+00
  6.88000000e-06   0.00000000e+00   0.00000000e+00   0.00000000e+00  -0.00000000e+00   0.00000000e+00   0.00000000e+00
  6.96000000e-06   0.00000000e+00   0.00000000e+00   0.00000000e+00  -0.00000000e+00   0.00000000e+00   0.00000000e+00
  7.04000000e-06   0.00000000e+00   0.00000000e+00   0.00000000e+00  -0.00000000e+00   0.00000000e+00   0.00000000e+00
  7.12000000e-06   0.00000000e+00   0.00000000e+00   0.00000000e+00  -0.00000000e+00   0.00000000e+00   0.00000000e+00
  7.20000000e-06   0.00000000e+00   0.00000000e+00   0.00000000e+00  -0.00000000e+00   0.00000000e+00   0.00000000e+00
  7.28000000e-06   0.00000000e+00   0.00000000e+00   0.00000000e+00  -0.00000000e+00   0.00000000e+00   0.00000000e+00
  7.36000000e-06   0.00000000e+00   0.00000000e+00   0.00000000e+00  -0.00000000e+00   0.00000000e+00   0.00000000e+00
  7.44000000e-06   0.00000000e+00   0.00000000e+00   0.00000000e+00  -0.00000000e+00   0.00000000e+00   0.00000000e+00
  7.52000000e-06   0.00000000e+00   0.00000000e+00   0.00000000e+00  -0.00000000e+00   0.00000000e+00   0.00000000e+00
  7.60000000e-06   0.00000000e+00   0.00000000e+00   0.00000000e+00  -0.00000000e+00   0.00000000e+00   0.00000000e+00
  7.68000000e-06   0.00000000e+00   0.00000000e+00   0.00000000e+00  -0.00000000e+00   0.00000000e+00   0.00000000e+00
  7.76000000e-06   0.00000000e+00   0.00000000e+00   0.00000000e+00  -0.00000000e+00   0.00000000e+00   0.00000000e+00
  7.84000000e-06   0.00000000e+00   0.00000000e+00   0.00000000e+00  -0.00000000e+00   0.00000000e+00   0.00000000e+00
  7.92000000e-06   0.00000000e+00   0.00000000e+00   0.00000000e+00  -0.00000000e+00   0.00000000e+00   0.00000000e+00
  8.00000000e-06   0.00000000e+00   0.00000000e+00   0.00000000e+00  -0.00000000e+00   0.00000000e+00   0.00000000e+00
  8.08000000e-06   0.00000000e+00   0.00000000e+00   0.00000000e+00  -0.00000000e+00   0.00000000e+00   0.00000000e+00
  8.16000000e-06   0.00000000e+00   0.00000000e+00   0.00000000e+00  -0.00000000e+00   0.00000000e+00   0.00000000e+00
  8.24000000e-06   0.00000000e+00   0.00000000e+00   0.00000000e+00  -0.00000000e+00   0.00000000e+00   0.00000000e+00
  8.32000000e-06   0.00000000e+00   0.00000000e+00   0.00000000e+00  -0.00000000e+00   0.00000000e+00   0.00000000e+00
  8.40000000e-06   0.00000000e+00   0.00000000e+00   0.00000000e+00  -0.00000000e+00   0.00000000e+00   0.00000000e+00
  8.48000000e-06   0.00000000e+00   0.00000000e+00   0.00000000e+00  -0.00000000e+00   0.00000000e+00   0.00000000e+00
  8.56000000e-06   0.00000000e+00   0.00000000e+00   0.00000000e+00  -0.00000000e+00   0.00000000e+00   0.00000000e+00
  8.64000000e-06   0.00000000e+00   0.00000000e+00   0.00000000e+00  -0.00000000e+00   0.00000000e+00   0.00000000e+00
  8.72000000e-06   0.00000000e+00   0.00000000e+00   0.00000000e+00  -0.00000000e+00   0.00000000e+00   0.00000000e+00
  8.80000000e-06   0.00000000e+00   0.00000000e+00   0.00000000e+00  -0.00000000e+00   0.00000000e+00   0.00000000e+00
  8.88000000e-06   0.00000000e+00   0.00000000e+00   0.00000000e+00  -0.00000000e+00   0.00000000e+00   0.00000000e+00
  8.96000000e-06   0.00000000e+00   0.00000000e+00   0.00000000e+00  -0.00000000e+00   0.00000000e+00   0.00000000e+00
  9.04000000e-06   0.00000000e+00   0.00000000e+00   0.00000000e+00  -0.00000000e+00   0.00000000e+00   0.00000000e+00
  9.12000000e-06   0.00000000e+00   0.00000000e+00   0.00000000e+00  -0.00000000e+00   0.00000000e+00   0.00000000e+00
  9.20000000e-06   0.00000000e+00   0.00000000e+00   0.00000000e+00  -0.00000000e+00   0.00000000e+00   0.00000000e+00
  9.28000000e-06   0.00000000e+00   0.00000000e+00   0.00000000e+00  -0.00000000e+00   0.00000000e+00   0.00000000e+00
  9.36000000e-06   0.00000000e+00   0.00000000e+00   0.00000000e+00  -0.00000000e+00   0.00000000e+00   0.00000000e+00
  9.44000000e-06   0.00000000e+00   0.00000000e+00   0.00000000e+00  -0.00000000e+00   0.00000000e+00   0.00000000e+00
  9.52000000e-06   0.00000000e+00   0.00000000e+00   0.00000000e+00  -0.00000000e+00   0.00000000e+00   0.00000000e+00
  9.60000000e-06   0.00000000e+00   0.00000000e+00   0.00000000e+00  -0.00000000e+00   0.00000000e+00   0.00000000e+00
  9.68000000e-06   0.00000000e+00   0.00000000e+00   0.00000000e+00  -0.00000000e+00   0.00000000e+00   0.00000000e+00
  9.76000000e-06   0.00000000e+00   0.00000000e+00   0.00000000e+00  -0.00000000e+00   0.00000000e+00   0.00000000e+00
  9.84000000e-06   0.00000000e+00   0.00000000e+00   0.00000000e+00  -0.00000000e+00   0.00000000e+00   0.00000000e+00
  9.92000000e-06   0.00000000e+00   0.00000000e+00   0.00000000e+00  -0.00000000e+00   0.00000000e+00   0.00000000e+00
  1.00000000e-05   0.00000000e+00   0.00000000e+00   0.00000000e+00  -0.00000000e+00   0.00000000e+00   0.00000000e+00
  1.00800000e-05   0.00000000e+00   0.00000000e+00   0.00000000e+00  -0.00000000e+00   0.00000000e+00   0.00000000e+00
  1.01600000e-05   0.00000000e+00   0.00000000e+00   0.00000000e+00  -0.00000000e+00   0.00000000e+00   0.00000000e+00
  1.02400000e-05   0.00000000e+00   0.00000000e+00   0.00000000e+00  -0.00000000e+00   0.00000000e+00   0.00000000e+00
  1.03200000e-05   0.00000000e+00   0.00000000e+00   0.00000000e+00  -0.00000000e+00   0.00000000e+00   0.00000000e+00
  1.04000000e-05   0.00000000e+00   0.00000000e+00   0.00000000e+00  -0.00000000e+00   0.00000000e+00   0.00000000e+00
  1.04800000e-05   0.00000000e+00   0.00000000e+00   0.00000000e+00  -0.00000000e+00   0.00000000e+00   0.00000000e+00
  1.05600000e-05   0.00000000e+00   0.00000000e+00   0.00000000e+00  -0.00000000e+00   0.00000000e+00   0.00000000e+00
  1.06400000e-05   0.00000000e+00   0.00000000e+00   0.00000000e+00  -0.00000000e+00   0.00000000e+00   0.00000000e+00
  1.07200000e-05   0.00000000e+00   0.00000000e+00   0.00000000e+00  -0.00000000e+00   0.00000000e+00   0.00000000e+00
  1.08000000e-05   0.00000000e+00   0.00000000e+00   0.00000000e+00  -0.00000000e+00   0.00000000e+00   0.00000000e+00
  1.08800000e-05   0.00000000e+00   0.00000000e+00   0.00000000e+00  -0.00000000e+00   0.00000000e+00   0.00000000e+00
  1.09600000e-05   0.00000000e+00   0.00000000e+00   0.00000000e+00  -0.00000000e+00   0.00000000e+00   0.00000000e+00
  1.10400000e-05   0.00000000e+00   0.00000000e+00   0.00000000e+00  -0.00000000e+00   0.00000000e+00   0.00000000e+00
  1.11200000e-05   0.00000000e+00   0.00000000e+00   0.00000000e+00  -0.00000000e+00   0.00000000e+00   0.00000000e+00
  1.12000000e-05   0.00000000e+00   0.00000000e+00   0.00000000e+00  -0.00000000e+00   0.00000000e+00   0.00000000e+00
  1.12800000e-05   0.00000000e+00   0.00000000e+00   0.00000000e+00  -0.00000000e+00   0.00000000e+00   0.00000000e+00
  1.13600000e-05   0.00000000e+00   0.00000000e+00   0.00000000e+00  -0.00000000e+00   0.00000000e+00   0.00000000e+00
  1.14400000e-05   0.00000000e+00   0.00000000e+00   0.00000000e+00  -0.00000000e+00   0.00000000e+00   0.00000000e+00
  1.15200000e-05   0.00000000e+00   0.00000000e+00   0.00000000e+00  -0.00000000e+00   0.00000000e+00   0.00000000e+00
  1.16000000e-05   0.00000000e+00   0.00000000e+00   0.00000000e+00  -0.00000000e+00   0.00000000e+00   0.00000000e+00
  1.16800000e-05   0.00000000e+00   0.00000000e+00   0.00000000e+00  -0.00000000e+00   0.00000000e+00   0.00000000e+00
  1.17600000e-05   0.00000000e+00   0.00000000e+00   0.00000000e+00  -0.00000000e+00   0.00000000e+00   0.00000000e+00
  1.18400000e-05   0.00000000e+00   0.00000000e+00   0.00000000e+00  -0.00000000e+00   0.00000000e+00   0.00000000e+00
  1.19200000e-05   0.00000000e+00   0.00000000e+00   0.00000000e+00  -0.00000000e+00   0.00000000e+00   0.00000000e+00
  1.20000000e-05   0.00000000e+00   0.00000000e+00   0.00000000e+00  -0.00000000e+00   0.00000000e+00   0.00000000e+00
  1.20800000e-05   0.00000000e+00   0.00000000e+00   0.00000000e+00  -0.00000000e+00   0.00000000e+00   0.00000000e+00
  1.21600000e-05   0.00000000e+00   0.00000000e+00   0.00000000e+00  -0.00000000e+00   0.00000000e+00   0.00000000e+00
  1.22400000e-05   0.00000000e+00   0.00000000e+00   0.00000000e+00  -0.00000000e+00   0.00000000e+00   0.00000000e+00
  1.23200000e-05   0.00000000e+00   0.00000000e+00   0.00000000e+00  -0.00000000e+00   0.00000000e+00   0.00000000e+00
  1.24000000e-05   0.00000000e+00   0.00000000e+00   0.00000000e+00  -0.00000000e+00   0.00000000e+00   0.00000000e+00
  1.24800000e-05   0.00000000e+00   0.00000000e+00   0.00000000e+00  -0.00000000e+00   0.00000000e+00   0.00000000e+00
  1.25600000e-05   0.00000000e+00   0.00000000e+00   0.00000000e+00  -0.00000000e+00   0.00000000e+00   0.00000000e+00
  1.26400000e-05   0.00000000e+00   0.00000000e+00   0.00000000e+00  -0.00000000e+00   0.00000000e+00   0.00000000e+00
  1.27200000e-05   0.00000000e+00   0.00000000e+00   0.00000000e+00  -0.00000000e+00   0.00000000e+00   0.00000000e+00
  1.28000000e-05   0.00000000e+00   0.00000000e+00   0.00000000e+00  -0.00000000e+00   0.00000000e+00   0.00000000e+00
  1.28800000e-05   0.00000000e+00   0.00000000e+00   0.00000000e+00  -0.00000000e+00   0.00000000e+00   0.00000000e+00
  1.29600000e-05   0.00000000e+00   0.00000000e+00   0.00000000e+00  -0.00000000e+00   0.00000000e+00   0.00000000e+00
  1.30400000e-05   0.00000000e+00   0.00000000e+00   0.00000000e+00  -0.00000000e+00   0.00000000e+00   0.00000000e+00
  1.31200000e-05   0.00000000e+00   0.00000000e+00   0.00000000e+00  -0.00000000e+00   0.00000000e+00   0.00000000e+00
  1.32000000e-05   0.00000000e+00   0.00000000e+00   0.00000000e+00  -0.00000000e+00   0.00000000e+00   0.00000000e+00
  1.32800000e-05   0.00000000e+00   0.00000000e+00   0.00000000e+00  -0.00000000e+00   0.00000000e+00   0.00000000e+00
  1.33600000e-05   1.55870315e-07   1.72335489e-07   0.00000000e+00  -2.46429633e-19   2.22885400e-19   6.16767354e-19
  1.34400000e-05   2.75211645e-07   3.04283298e-07   0.00000000e+00  -4.35108178e-19   3.93537333e-19   1.08899153e-18
  1.35200000e-05   0.00000000e+00   0.00000000e+00   0.00000000e+00  -0.00000000e+00   0.00000000e+00   0.00000000e+00
  1.36000000e-05   4.05110849e-07   4.54302875e-07   0.00000000e+00  -6.49630641e-19   5.79288477e-19   1.62418874e-18
  1.36800000e-05   3.94133541e-07   4.41992608e-07   0.00000000e+00  -6.32030094e-19   5.63593722e-19   1.58017620e-18
  1.37600000e-05   2.48484437e-06   2.80764063e-06   1.92512928e-13  -4.01486643e-18   3.55327395e-18   1.00320806e-17
  1.38400000e-05   1.62567998e-06   1.84885033e-06   5.42944630e-14  -2.64389111e-18   2.32475308e-18   6.60302078e-18
  1.39200000e-05   3.23323942e-06   3.69504138e-06   6.85018347e-13  -5.28411003e-18   4.62370568e-18   1.31918111e-17
  1.40000000e-05   4.82600338e-06   5.55241672e-06   1.35318468e-12  -7.94054692e-18   6.90169369e-18   1.98131454e-17
  1.40800000e-05   6.42029086e-06   7.40858787e-06   1.98686507e-12  -1.05956804e-17   9.18222184e-18   2.64306451e-17
  1.41600000e-05   2.97458574e-06   3.45139185e-06   3.00270605e-12  -4.93627480e-18   4.25432299e-18   1.23081651e-17
  1.42400000e-05   3.63240548e-06   4.23571062e-06   1.24438015e-12  -6.05821820e-18   5.19532333e-18   1.50996928e-17
  1.43200000e-05   3.63862149e-06   4.26631706e-06   7.03819594e-13  -6.10222418e-18   5.20441238e-18   1.52027519e-17
  1.44000000e-05   5.98828585e-07   7.03536036e-07   3.82660946e-12  -1.00630278e-18   8.56520843e-19   2.50664337e-18
  1.44800000e-05   6.90560435e-07   8.17187940e-07   2.10168282e-12  -1.16888926e-18   9.87756328e-19   2.91008758e-18
  1.45600000e-05  -1.01832144e-06  -1.20740541e-06   2.11990832e-12   1.72704398e-18  -1.45659032e-18  -4.29910788e-18
  1.46400000e-05   1.88985092e-06   2.26153506e-06   2.04722407e-12  -3.23487136e-18   2.70321175e-18   8.04729392e-18
  1.47200000e-05  -3.73363681e-13  -3.29543895e-13   2.65739474e-12  -3.09658122e-25  -9.33722663e-24  -1.20141772e-24
  1.48000000e-05  -5.52101938e-13  -6.74337417e-13   2.47939017e-12   2.35858456e-25  -9.00322062e-24  -2.39614995e-24
  1.48800000e-05   2.63176397e-13   2.51453473e-13   2.67873196e-12  -1.14699821e-24  -8.49739247e-24   9.10341812e-25
  1.49600000e-05   7.86214356e-13   7.01857314e-13   3.06532607e-12  -1.90488886e-24  -9.02990146e-24   2.55612394e-24
  1.50400000e-05  -8.03752231e-14  -9.64686728e-14   2.60160881e-12  -6.26656772e-25  -8.73332858e-24  -3.43195446e-25
  1.51200000e-05  -1.14574913e-14  -1.31315408e-14   2.53466314e-12  -7.26187444e-25  -8.41297630e-24  -4.68684088e-26
  1.52000000e-05   5.44638865e-14   6.24215832e-14   2.77534230e-12  -9.04998744e-25  -9.11597990e-24   2.22791850e-25
  1.52800000e-05   3.80501902e-14   5.02845385e-14   2.49885860e-12  -8.06375485e-25  -8.22354982e-24   1.77761218e-25
  1.53600000e-05   0.00000000e+00   0.00000000e+00   2.78579736e-12  -8.18782700e-25  -9.22852050e-24  -1.30340118e-52
  1.54400000e-05   0.00000000e+00   0.00000000e+00   3.31130073e-12  -9.73235094e-25  -1.09693573e-23  -1.84141686e-52
  1.55200000e-05   0.00000000e+00   0.00000000e+00   2.22988331e-12  -6.55392207e-25  -7.38694212e-24  -8.35098245e-53
  1.56000000e-05   0.00000000e+00   0.00000000e+00   3.04243739e-12  -8.94212600e-25  -1.00786928e-23  -1.55455148e-52
  1.56800000e-05   0.00000000e+00   0.00000000e+00   3.17657835e-12  -9.33638403e-25  -1.05230620e-23  -1.69465444e-52
  1.57600000e-05   0.00000000e+00   0.00000000e+00   2.78593474e-12  -8.18823080e-25  -9.22897561e-24  -1.30349986e-52
  1.58400000e-05   0.00000000e+00   0.00000000e+00   2.72145355e-12  -7.99871203e-25  -9.01536853e-24  -1.24385862e-52
  1.59200000e-05   0.00000000e+00   0.00000000e+00   2.88450941e-12  -8.47795478e-25  -9.55552424e-24  -1.39733962e-52
  1.60000000e-05   0.00000000e+00   0.00000000e+00   2.85754221e-12  -8.39869462e-25  -9.46618992e-24  -1.37136308e-52
  1.60800000e-05   0.00000000e+00   0.00000000e+00   2.84310835e-12  -8.35627159e-25  -9.41837481e-24  -1.35754417e-52
  1.61600000e-05   0.00000000e+00   0.00000000e+00   2.70192665e-12  -7.94131990e-25  -8.95068172e-24  -1.22605006e-52
  1.62400000e-05   0.00000000e+00   0.00000000e+00   2.97549551e-12  -8.74537498e-25  -9.85693423e-24  -1.48698171e-52
  1.63200000e-05   0.00000000e+00   0.00000000e+00   2.41556005e-12  -7.09965058e-25  -8.00203410e-24  -9.80003079e-53
  1.64000000e-05   0.00000000e+00   0.00000000e+00   2.42907836e-12  -7.13938269e-25  -8.04681626e-24  -9.90978324e-53
  1.64800000e-05   0.00000000e+00   0.00000000e+00   2.54279216e-12  -7.47360259e-25  -8.42351634e-24  -1.08588009e-52
  1.65600000e-05   0.00000000e+00   0.00000000e+00   2.69390110e-12  -7.91773175e-25  -8.92409545e-24  -1.21877574e-52
  1.66400000e-05   0.00000000e+00   0.00000000e+00   2.88786556e-12  -8.48781895e-25  -9.56664217e-24  -1.40062988e-52
  1.67200000e-05   0.00000000e+00   0.00000000e+00   2.81209843e-12  -8.26512935e-25  -9.31564815e-24  -1.32809933e-52
  1.68000000e-05   0.00000000e+00   0.00000000e+00   2.62313359e-12  -7.70973669e-25  -8.68966368e-24  -1.15561091e-52
  1.68800000e-05   0.00000000e+00   0.00000000e+00   2.34696430e-12  -6.89803860e-25  -7.77479672e-24  -9.25115771e-53
  1.69600000e-05   0.00000000e+00   0.00000000e+00   1.98982637e-12  -5.84836297e-25  -6.59170467e-24  -6.64992040e-53
  1.70400000e-05   0.00000000e+00   0.00000000e+00   3.70222301e-12  -1.08813233e-24  -1.22643669e-23  -2.30191313e-52
  1.71200000e-05   0.00000000e+00   0.00000000e+00   2.72309813e-12  -8.00354569e-25  -9.02081654e-24  -1.24535763e-52
  1.72000000e-05   0.00000000e+00   0.00000000e+00   2.70036693e-12  -7.93673569e-25  -8.94551482e-24  -1.22465306e-52
  1.72800000e-05   0.00000000e+00   0.00000000e+00   3.02775802e-12  -8.89898143e-25  -1.00300644e-23  -1.53958213e-52
  1.73600000e-05   0.00000000e+00   0.00000000e+00   2.86344327e-12  -8.41603862e-25  -9.48573836e-24  -1.37708924e-52
  1.74400000e-05   0.00000000e+00   0.00000000e+00   2.38014681e-12  -6.99556639e-25  -7.88472053e-24  -9.51472264e-53
  1.75200000e-05   0.00000000e+00   0.00000000e+00   2.90685152e-12  -8.54362121e-25  -9.62953703e-24  -1.41908299e-52
  1.76000000e-05   0.00000000e+00   0.00000000e+00   3.02726965e-12  -8.89754604e-25  -1.00284466e-23  -1.53909168e-52
  1.76800000e-05   0.00000000e+00   0.00000000e+00   2.26733647e-12  -6.66400187e-25  -7.51101332e-24  -8.63396597e-53
  1.77600000e-05   0.00000000e+00   0.00000000e+00   2.72754158e-12  -8.01660558e-25  -9.03553638e-24  -1.24937973e-52
  1.78400000e-05   0.00000000e+00   0.00000000e+00   3.10184829e-12  -9.11674254e-25  -1.02755035e-23  -1.61582603e-52
  1.79200000e-05   0.00000000e+00   0.00000000e+00   2.84907092e-12  -8.37379640e-25  -9.43812704e-24  -1.36320562e-52
  1.80000000e-05   0.00000000e+00   0.00000000e+00   2.61900008e-12  -7.69758775e-25  -8.67597057e-24  -1.15198954e-52
  1.80800000e-05   0.00000000e+00   0.00000000e+00   2.35561048e-12  -6.92345087e-25  -7.80343894e-24  -9.31935146e-53
  1.81600000e-05   0.00000000e+00   0.00000000e+00   2.80669046e-12  -8.24923463e-25  -9.29773316e-24  -1.32300708e-52
  1.82400000e-05   0.00000000e+00   0.00000000e+00   2.53606370e-12  -7.45382678e-25  -8.40122696e-24  -1.08017192e-52
  1.83200000e-05   0.00000000e+00   0.00000000e+00   1.80082768e-12  -5.29287084e-25  -5.96560807e-24  -5.44695100e-53
  1.84000000e-05   0.00000000e+00   0.00000000e+00   2.50920652e-12  -7.37488997e-25  -8.31225708e-24  -1.05735708e-52
  1.84800000e-05   0.00000000e+00   0.00000000e+00   2.91903132e-12  -8.57941929e-25  -9.66988512e-24  -1.43096451e-52
  1.85600000e-05   0.00000000e+00   0.00000000e+00   2.97232894e-12  -8.73606805e-25  -9.84644433e-24  -1.48368703e-52
  1.86400000e-05   0.00000000e+00   0.00000000e+00   2.45742104e-12  -7.22268559e-25  -8.14070714e-24  -1.01422945e-52
  1.87200000e-05   0.00000000e+00   0.00000000e+00   2.22028205e-12  -6.52570273e-25  -7.35513600e-24  -8.27931658e-53
  1.88000000e-05   0.00000000e+00   0.00000000e+00   1.84086377e-12  -5.41054219e-25  -6.09823574e-24  -5.69178055e-53
  1.88800000e-05   0.00000000e+00   0.00000000e+00   2.38144445e-12  -6.99938035e-25  -7.88901924e-24  -9.52400531e-53
  1.89600000e-05   0.00000000e+00   0.00000000e+00   2.99293744e-12  -8.79663916e-25  -9.91471417e-24  -1.50431814e-52
  1.90400000e-05   0.00000000e+00   0.00000000e+00   2.98208806e-12  -8.76475138e-25  -9.87877337e-24  -1.49346236e-52
  1.91200000e-05   0.00000000e+00   0.00000000e+00   2.20405067e-12  -6.47799656e-25  -7.30136625e-24  -8.15892037e-53
  1.92000000e-05   0.00000000e+00   0.00000000e+00   1.73819216e-12  -5.10877675e-25  -5.75811515e-24  -5.07447676e-53
  1.92800000e-05   0.00000000e+00   0.00000000e+00   2.26376864e-12  -6.65351557e-25  -7.49919417e-24  -8.60611812e-53
  1.93600000e-05   0.00000000e+00   0.00000000e+00   2.75106425e-12  -8.08574183e-25  -9.11346000e-24  -1.27100960e-52
  1.94400000e-05   0.00000000e+00   0.00000000e+00   1.91061626e-12  -5.61555400e-25  -6.32930507e-24  -6.13041392e-53
  1.95200000e-05   0.00000000e+00   0.00000000e+00   1.74463607e-12  -5.12771626e-25  -5.77946192e-24  -5.11187067e-53
  1.96000000e-05   0.00000000e+00   0.00000000e+00   1.68731122e-12  -4.95923094e-25  -5.58956169e-24  -4.78146162e-53
  1.96800000e-05   0.00000000e+00   0.00000000e+00   1.79341977e-12  -5.27109800e-25  -5.94106784e-24  -5.40197601e-53
  1.97600000e-05   0.00000000e+00   0.00000000e+00   1.82791592e-12  -5.37248675e-25  -6.05534335e-24  -5.61149385e-53
  1.98400000e-05   0.00000000e+00   0.00000000e+00   1.83689919e-12  -5.39888978e-25  -6.08510228e-24  -5.66678468e-53
  1.99200000e-05   0.00000000e+00   0.00000000e+00   2.60520622e-12  -7.65704579e-25  -8.63027560e-24  -1.13984970e-52
  2.00000000e-05   0.00000000e+00   0.00000000e+00   1.68998422e-12  -4.96708725e-25  -5.59841655e-24  -4.79629654e-53
  2.00800000e-05   0.00000000e+00   0.00000000e+00   2.09264576e-12  -6.15056279e-25  -6.93231482e-24  -7.35422885e-53
  2.01600000e-05   0.00000000e+00   0.00000000e+00   2.18098159e-12  -6.41019348e-25  -7.22494522e-24  -7.98883963e-53
  2.02400000e-05   0.00000000e+00   0.00000000e+00   1.91766886e-12  -5.63628254e-25  -6.35266825e-24  -6.17630505e-53
  2.03200000e-05   0.00000000e+00   0.00000000e+00   1.96109183e-12  -5.76390838e-25  -6.49651566e-24  -6.45838383e-53
  2.04000000e-05   0.00000000e+00   0.00000000e+00   1.56519028e-12  -4.60030133e-25  -5.18501122e-24  -4.11462403e-53
  2.04800000e-05   0.00000000e+00   0.00000000e+00   1.14308132e-12  -3.35966724e-25  -3.78668941e-24  -2.19462813e-53
  2.05600000e-05   0.00000000e+00   0.00000000e+00   1.60656255e-12  -4.72189991e-25  -5.32206528e-24  -4.33512769e-53
  2.06400000e-05   0.00000000e+00   0.00000000e+00   1.60619497e-12  -4.72081954e-25  -5.32084760e-24  -4.33273838e-53
  2.07200000e-05   0.00000000e+00   0.00000000e+00   1.61583083e-12  -4.74914061e-25  -5.35276835e-24  -4.38488016e-53
  2.08000000e-05   0.00000000e+00   0.00000000e+00   8.56504004e-13  -2.51737860e-25  -2.83734376e-24  -1.23211990e-53
  2.08800000e-05   0.00000000e+00   0.00000000e+00   1.41070769e-12  -4.14625657e-25  -4.67325622e-24  -3.34247004e-53
  2.09600000e-05   0.00000000e+00   0.00000000e+00   1.06170395e-12  -3.12048840e-25  -3.51711033e-24  -1.89325517e-53
  2.10400000e-05   0.00000000e+00   0.00000000e+00   1.05494508e-12  -3.10062319e-25  -3.49472020e-24  -1.86928025e-53
  2.11200000e-05   0.00000000e+00   0.00000000e+00   6.23294787e-14  -1.83194585e-26  -2.06479079e-25  -6.54322425e-56
  2.12000000e-05   0.00000000e+00   0.00000000e+00   1.78972594e-12  -5.26024137e-25  -5.92883130e-24  -5.37893331e-53
  2.12800000e-05   0.00000000e+00   0.00000000e+00   8.41521836e-13  -2.47334403e-25  -2.78771228e-24  -1.18961668e-53
  2.13600000e-05   0.00000000e+00   0.00000000e+00  -8.55426097e-15   2.51421049e-27   2.83377298e-26  -1.19860078e-57
  2.14400000e-05   0.00000000e+00   0.00000000e+00   2.02829117e-12  -5.96141612e-25  -6.71912713e-24  -6.90864834e-53
  2.15200000e-05   0.00000000e+00   0.00000000e+00   6.69608929e-13  -1.96806925e-25  -2.21821580e-24  -7.53269346e-54
  2.16000000e-05   0.00000000e+00   0.00000000e+00  -2.01447020e-13   5.92079449e-26   6.67334238e-25  -6.80798662e-55
  2.16800000e-05   0.00000000e+00   0.00000000e+00   1.14326667e-12  -3.36021202e-25  -3.78730343e-24  -2.19500304e-53
  2.17600000e-05   0.00000000e+00   0.00000000e+00   4.95814052e-13  -1.45726311e-25  -1.64248492e-24  -4.12667911e-54
  2.18400000e-05   0.00000000e+00   0.00000000e+00   1.42527993e-12  -4.18908632e-25  -4.72152974e-24  -3.41111319e-53
  2.19200000e-05   0.00000000e+00   0.00000000e+00  -2.91254944e-14   8.56036819e-27   9.64841255e-26  -1.41373450e-56
  2.20000000e-05   0.00000000e+00   0.00000000e+00   5.86343045e-13  -1.72333979e-25  -1.94238062e-24  -5.77342662e-54
  2.20800000e-05   0.00000000e+00   0.00000000e+00   4.35525133e-13  -1.28006600e-25  -1.44276561e-24  -3.18577562e-54
  2.21600000e-05   0.00000000e+00   0.00000000e+00   7.46175120e-13  -2.19310742e-25  -2.47185689e-24  -9.34941260e-54
  2.22400000e-05   0.00000000e+00   0.00000000e+00   1.18461419e-12  -3.48173787e-25  -3.92427552e-24  -2.35656962e-53
  2.23200000e-05   0.00000000e+00   0.00000000e+00   5.40114180e-13  -1.58746705e-25  -1.78923810e-24  -4.89767024e-54
  2.24000000e-05   0.00000000e+00   0.00000000e+00   3.50830982e-13  -1.03113868e-25  -1.16219900e-24  -2.06760299e-54
  2.24800000e-05   0.00000000e+00   0.00000000e+00   1.25698302e-14  -3.69443943e-27  -4.16401198e-26  -2.67142073e-57
  2.25600000e-05   0.00000000e+00   0.00000000e+00   6.67363687e-13  -1.96147018e-25  -2.21077798e-24  -7.47893061e-54
  2.26400000e-05   0.00000000e+00   0.00000000e+00   8.65997931e-14  -2.54528251e-26  -2.86879433e-25  -1.25742631e-55
  2.27200000e-05   0.00000000e+00   0.00000000e+00   6.58860800e-13  -1.93647907e-25  -2.18261044e-24  -7.28886030e-54
  2.28000000e-05   0.00000000e+00   0.00000000e+00  -7.51365531e-13   2.20836272e-25   2.48905118e-24  -9.47876791e-54
  2.28800000e-05   0.00000000e+00   0.00000000e+00   5.60398055e-13  -1.64708404e-25  -1.85643257e-24  -5.27285450e-54
  2.29600000e-05   0.00000000e+00   0.00000000e+00  -1.06914240e-12   3.14235099e-25   3.54175172e-24  -1.91929248e-53
  2.30400000e-05   0.00000000e+00   0.00000000e+00  -2.20592060e-13   6.48349254e-26   7.30756077e-25  -8.17753371e-55
  2.31200000e-05   0.00000000e+00   0.00000000e+00   3.40242037e-13  -1.00001637e-25  -1.12712097e-24  -1.94340605e-54
  2.32000000e-05   0.00000000e+00   0.00000000e+00  -4.59060476e-13   1.34923948e-25   1.52073122e-24  -3.53806486e-54
  2.32800000e-05   0.00000000e+00   0.00000000e+00  -1.27582109e-12   3.74980700e-25   4.22641691e-24  -2.73350563e-53
  2.33600000e-05   0.00000000e+00   0.00000000e+00  -1.58341915e-12   4.65387842e-25   5.24539808e-24  -4.21053510e-53
  2.34400000e-05   0.00000000e+00   0.00000000e+00  -2.85938598e-13   8.40411375e-26   9.47229777e-25  -1.37350141e-54
  2.35200000e-05   0.00000000e+00   0.00000000e+00  -6.81051846e-13   2.00170149e-25   2.25612279e-24  -7.79011490e-54
  2.36000000e-05   0.00000000e+00   0.00000000e+00  -5.74923235e-13   1.68977546e-25   1.90455018e-24  -5.55144906e-54
  2.36800000e-05   0.00000000e+00   0.00000000e+00  -1.66769916e-12   4.90158850e-25   5.52459274e-24  -4.67055331e-53
  2.37600000e-05   0.00000000e+00   0.00000000e+00  -8.63683388e-13   2.53847976e-25   2.86112693e-24  -1.25302266e-53
  2.38400000e-05   0.00000000e+00   0.00000000e+00  -1.74629077e-12   5.13257963e-25   5.78494343e-24  -5.12085847e-53
  2.39200000e-05   0.00000000e+00   0.00000000e+00  -1.93722513e-12   5.69376099e-25   6.41745236e-24  -6.30282585e-53
  2.40000000e-05   0.00000000e+00   0.00000000e+00  -1.78514599e-12   5.24678029e-25   5.91365928e-24  -5.35208897e-53
  2.40800000e-05   0.00000000e+00   0.00000000e+00  -2.56814480e-12   7.54811740e-25   8.50750213e-24  -1.10759517e-52
  2.41600000e-05   0.00000000e+00   0.00000000e+00  -1.50805076e-12   4.43236074e-25   4.99572496e-24  -3.81938403e-53
  2.42400000e-05   0.00000000e+00   0.00000000e+00  -1.58013356e-12   4.64422163e-25   5.23451390e-24  -4.19323535e-53
  2.43200000e-05   0.00000000e+00   0.00000000e+00  -1.21475305e-12   3.57031997e-25   4.02411663e-24  -2.47857562e-53
  2.44000000e-05   0.00000000e+00   0.00000000e+00  -1.84291092e-12   5.41655905e-25   6.10501735e-24  -5.70351556e-53
  2.44800000e-05   0.00000000e+00   0.00000000e+00  -2.39713236e-12   7.04548920e-25   7.94098863e-24  -9.64996022e-53
  2.45600000e-05   0.00000000e+00   0.00000000e+00  -1.66965539e-12   4.90733811e-25   5.53107315e-24  -4.68174739e-53
  2.46400000e-05   0.00000000e+00   0.00000000e+00  -3.09493015e-12   9.09640925e-25   1.02525858e-23  -1.60856052e-52
  2.47200000e-05   0.00000000e+00   0.00000000e+00  -1.27560237e-12   3.74916415e-25   4.22569236e-24  -2.73336980e-53
  2.48000000e-05   0.00000000e+00   0.00000000e+00  -1.39181824e-12   4.09073797e-25   4.61068107e-24  -3.25320262e-53
  2.48800000e-05   0.00000000e+00   0.00000000e+00  -1.65496650e-12   4.86416552e-25   5.48241321e-24  -4.59968133e-53
  2.49600000e-05   0.00000000e+00   0.00000000e+00  -2.63015342e-12   7.73036892e-25   8.71291829e-24  -1.16176979e-52
  2.50400000e-05   0.00000000e+00   0.00000000e+00  -2.10000549e-12   6.17219399e-25   6.95669540e-24  -7.40693017e-53
  2.51200000e-05   0.00000000e+00   0.00000000e+00  -1.50434355e-12   4.42146474e-25   4.98344405e-24  -3.80105052e-53
  2.52000000e-05   0.00000000e+00   0.00000000e+00  -2.74999105e-12   8.08258758e-25   9.10990483e-24  -1.27011505e-52
  2.52800000e-05   0.00000000e+00   0.00000000e+00  -2.64715331e-12   7.78033385e-25   8.76923389e-24  -1.17696963e-52
  2.53600000e-05   0.00000000e+00   0.00000000e+00  -1.50713784e-12   4.42967754e-25   4.99270072e-24  -3.81531308e-53
  2.54400000e-05   0.00000000e+00   0.00000000e+00  -9.97991090e-13   2.93322787e-25   3.30604852e-24  -1.67261468e-53
  2.55200000e-05   0.00000000e+00   0.00000000e+00  -2.13033004e-12   6.26132188e-25   7.05715167e-24  -7.62156732e-53
  2.56000000e-05   0.00000000e+00   0.00000000e+00  -2.71225027e-12   7.97166242e-25   8.98488081e-24  -1.23545725e-52
  2.56800000e-05   0.00000000e+00   0.00000000e+00  -2.65752520e-12   7.81081819e-25   8.80359287e-24  -1.18608859e-52
  2.57600000e-05   0.00000000e+00   0.00000000e+00  -2.76158503e-12   8.11666382e-25   9.14831225e-24  -1.28079418e-52
  2.58400000e-05   0.00000000e+00   0.00000000e+00  -2.73517707e-12   8.03904731e-25   9.06083049e-24  -1.25645553e-52
  2.59200000e-05   0.00000000e+00   0.00000000e+00  -3.14441318e-12   9.24184638e-25   1.04165084e-23  -1.66061929e-52
  2.60000000e-05   0.00000000e+00   0.00000000e+00  -2.44157592e-12   7.17611468e-25   8.08821695e-24  -1.00124029e-52
  2.60800000e-05   0.00000000e+00   0.00000000e+00  -3.61029183e-12   1.06111254e-24   1.19598262e-23  -2.18902312e-52
  2.61600000e-05   0.00000000e+00   0.00000000e+00  -3.34632302e-12   9.83528612e-25   1.10853758e-23  -1.88060700e-52
  2.62400000e-05   0.00000000e+00   0.00000000e+00  -3.47786508e-12   1.02219057e-24   1.15211356e-23  -2.03136493e-52
  2.63200000e-05   0.00000000e+00   0.00000000e+00  -3.75677662e-12   1.10416636e-24   1.24450868e-23  -2.37023291e-52
  2.64000000e-05   0.00000000e+00   0.00000000e+00  -3.70442118e-12   1.08877840e-24   1.22716488e-23  -2.30464043e-52
  2.64800000e-05   0.00000000e+00   0.00000000e+00  -4.14104407e-12   1.21710764e-24   1.37180509e-23  -2.87985780e-52
  2.65600000e-05   0.00000000e+00   0.00000000e+00  -3.59805266e-12   1.05751528e-24   1.19192814e-23  -2.17431687e-52
  2.66400000e-05   0.00000000e+00   0.00000000e+00  -2.89524077e-12   8.50949569e-25   9.59107405e-24  -1.40786924e-52
  2.67200000e-05   0.00000000e+00   0.00000000e+00  -4.05734286e-12   1.19250675e-24   1.34407736e-23  -2.76475758e-52
  2.68000000e-05   0.00000000e+00   0.00000000e+00  -4.69715763e-12   1.38055678e-24   1.55602902e-23  -3.70518031e-52
  2.68800000e-05   0.00000000e+00   0.00000000e+00  -5.88761520e-12   1.73044801e-24   1.95039232e-23  -5.82134688e-52
  2.69600000e-05   0.00000000e+00   0.00000000e+00  -4.14323339e-12   1.21775111e-24   1.37253035e-23  -2.88299695e-52
  2.70400000e-05   0.00000000e+00   0.00000000e+00  -3.45193622e-12   1.01456973e-24   1.14352410e-23  -2.00123513e-52
  2.71200000e-05   0.00000000e+00   0.00000000e+00  -3.26128692e-12   9.58535376e-25   1.08036764e-23  -1.78628586e-52
  2.72000000e-05   0.00000000e+00   0.00000000e+00  -4.95756705e-12   1.45709455e-24   1.64229494e-23  -4.12759380e-52
  2.72800000e-05   0.00000000e+00   0.00000000e+00  -3.31635805e-12   9.74721508e-25   1.09861107e-23  -1.84722527e-52
  2.73600000e-05   0.00000000e+00   0.00000000e+00  -5.60463797e-12   1.64727725e-24   1.85665035e-23  -5.27530719e-52
  2.74400000e-05   0.00000000e+00   0.00000000e+00  -4.37808130e-12   1.28677602e-24   1.45032850e-23  -3.21913593e-52
  2.75200000e-05   0.00000000e+00   0.00000000e+00  -4.17340922e-12   1.22662019e-24   1.38252671e-23  -2.92518854e-52
  2.76000000e-05   0.00000000e+00   0.00000000e+00  -4.01809844e-12   1.18097229e-24   1.33107685e-23  -2.71162843e-52
  2.76800000e-05   0.00000000e+00   0.00000000e+00  -4.64097485e-12   1.36404391e-24   1.53741734e-23  -3.61709256e-52
  2.77600000e-05   0.00000000e+00   0.00000000e+00  -5.72688362e-12   1.68320686e-24   1.89714671e-23  -5.50785785e-52
  2.78400000e-05   0.00000000e+00   0.00000000e+00  -4.86462355e-12   1.42977722e-24   1.61150552e-23  -3.97421178e-52
  2.79200000e-05   0.00000000e+00   0.00000000e+00  -4.72338198e-12   1.38826446e-24   1.56471637e-23  -3.74683810e-52
  2.80000000e-05   0.00000000e+00   0.00000000e+00  -5.06291606e-12   1.48805801e-24   1.67719395e-23  -4.30487721e-52
  2.80800000e-05   0.00000000e+00   0.00000000e+00  -5.66275569e-12   1.66435882e-24   1.87590303e-23  -5.38548197e-52
  2.81600000e-05   0.00000000e+00   0.00000000e+00  -4.97139637e-12   1.46115917e-24   1.64687619e-23  -4.15083711e-52
  2.82400000e-05   0.00000000e+00   0.00000000e+00  -3.79148089e-12   1.11436640e-24   1.25600518e-23  -2.41445066e-52
  2.83200000e-05   0.00000000e+00   0.00000000e+00  -5.69694587e-12   1.67440776e-24   1.88722922e-23  -5.45052996e-52
  2.84000000e-05   0.00000000e+00   0.00000000e+00  -5.58177393e-12   1.64055720e-24   1.84907617e-23  -5.23248991e-52
  2.84800000e-05   0.00000000e+00   0.00000000e+00  -5.67399836e-12   1.66766318e-24   1.87962739e-23  -5.40681115e-52
  2.85600000e-05   0.00000000e+00   0.00000000e+00  -5.02246702e-12   1.47616950e-24   1.66379438e-23  -4.23653970e-52
  2.86400000e-05   0.00000000e+00   0.00000000e+00  -4.53681406e-12   1.33342967e-24   1.50291196e-23  -3.45684717e-52
  2.87200000e-05   0.00000000e+00   0.00000000e+00  -5.03075836e-12   1.47860644e-24   1.66654105e-23  -4.25050243e-52
  2.88000000e-05   0.00000000e+00   0.00000000e+00  -6.04014703e-12   1.77527912e-24   2.00092159e-23  -6.12695367e-52
  2.88800000e-05   0.00000000e+00   0.00000000e+00  -6.98700892e-12   2.05357436e-24   2.31458885e-23  -8.19850144e-52
  2.89600000e-05   0.00000000e+00   0.00000000e+00  -5.49632570e-12   1.61544284e-24   1.82076971e-23  -5.07362894e-52
  2.90400000e-05   0.00000000e+00   0.00000000e+00  -6.03290821e-12   1.77315153e-24   1.99852358e-23  -6.11244363e-52
  2.91200000e-05   0.00000000e+00   0.00000000e+00  -5.03642500e-12   1.48027194e-24   1.66841824e-23  -4.26018767e-52
  2.92000000e-05   0.00000000e+00   0.00000000e+00  -6.06897559e-12   1.78375221e-24   2.01047163e-23  -6.18558821e-52
  2.92800000e-05   0.00000000e+00   0.00000000e+00  -6.59179644e-12   1.93741618e-24   2.18366668e-23  -7.29735504e-52
  2.93600000e-05   0.00000000e+00   0.00000000e+00  -6.24546796e-12   1.83562566e-24   2.06893832e-23  -6.55086940e-52
  2.94400000e-05   0.00000000e+00   0.00000000e+00  -6.02596122e-12   1.77110972e-24   1.99622225e-23  -6.09864772e-52
  2.95200000e-05   0.00000000e+00   0.00000000e+00  -5.23306222e-12   1.53806621e-24   1.73355832e-23  -4.59933288e-52
  2.96000000e-05   0.00000000e+00   0.00000000e+00  -5.80651108e-12   1.70661042e-24   1.92352493e-23  -5.66241447e-52
  2.96800000e-05   0.00000000e+00   0.00000000e+00  -6.12318779e-12   1.79968590e-24   2.02843053e-23  -6.29668113e-52
  2.97600000e-05   0.00000000e+00   0.00000000e+00  -6.69015199e-12   1.96632417e-24   2.21624895e-23  -7.51673714e-52
  2.98400000e-05   0.00000000e+00   0.00000000e+00  -6.10327178e-12   1.79383231e-24   2.02183294e-23  -6.25601678e-52
  2.99200000e-05   0.00000000e+00   0.00000000e+00  -6.21139776e-12   1.82561197e-24   2.05765187e-23  -6.47954143e-52
  3.00000000e-05   0.00000000e+00   0.00000000e+00  -5.76647107e-12   1.69484213e-24   1.91026086e-23  -5.58464736e-52
  3.00800000e-05   0.00000000e+00   0.00000000e+00  -6.86710047e-12   2.01833167e-24   2.27486674e-23  -7.91957713e-52
  3.01600000e-05   0.00000000e+00   0.00000000e+00  -5.55976722e-12   1.63408913e-24   1.84178600e-23  -5.19151015e-52
  3.02400000e-05   0.00000000e+00   0.00000000e+00  -6.72965783e-12   1.97793546e-24   2.22933607e-23  -7.60584148e-52
  3.03200000e-05   0.00000000e+00   0.00000000e+00  -6.25934946e-12   1.83970561e-24   2.07353685e-23  -6.57992583e-52
  3.04000000e-05   0.00000000e+00   0.00000000e+00  -6.48972878e-12   1.90741714e-24   2.14985469e-23  -7.07319833e-52
  3.04800000e-05   0.00000000e+00   0.00000000e+00  -6.49549414e-12   1.90911165e-24   2.15176458e-23  -7.08573604e-52
  3.05600000e-05   0.00000000e+00   0.00000000e+00  -6.48214800e-12   1.90518904e-24   2.14734340e-23  -7.05691118e-52
  3.06400000e-05   0.00000000e+00   0.00000000e+00  -5.87494642e-12   1.72672447e-24   1.94619552e-23  -5.79676424e-52
  3.07200000e-05   0.00000000e+00   0.00000000e+00  -6.46351643e-12   1.89971298e-24   2.14117131e-23  -7.01620522e-52
  3.08000000e-05   0.00000000e+00   0.00000000e+00  -5.55495954e-12   1.63267609e-24   1.84019336e-23  -5.18250864e-52
  3.08800000e-05   0.00000000e+00   0.00000000e+00  -6.14926566e-12   1.80735052e-24   2.03706935e-23  -6.35050143e-52
  3.09600000e-05   0.00000000e+00   0.00000000e+00  -6.18986961e-12   1.81928456e-24   2.05052024e-23  -6.43470259e-52
  3.10400000e-05   0.00000000e+00   0.00000000e+00  -5.80754505e-12   1.70691431e-24   1.92386745e-23  -5.66438367e-52
  3.11200000e-05   0.00000000e+00   0.00000000e+00  -6.39807348e-12   1.88047843e-24   2.11949200e-23  -6.87482104e-52
  3.12000000e-05   0.00000000e+00   0.00000000e+00  -6.68762236e-12   1.96558067e-24   2.21541096e-23  -7.51130267e-52
  3.12800000e-05   0.00000000e+00   0.00000000e+00  -6.36827937e-12   1.87172154e-24   2.10962210e-23  -6.81108430e-52
  3.13600000e-05   0.00000000e+00   0.00000000e+00  -6.66091781e-12   1.95773185e-24   2.20656453e-23  -7.45105555e-52
  3.14400000e-05   0.00000000e+00   0.00000000e+00  -5.88561149e-12   1.72985907e-24   1.94972854e-23  -5.81797744e-52
  3.15200000e-05   0.00000000e+00   0.00000000e+00  -4.67912510e-12   1.37525676e-24   1.55005538e-23  -3.67725632e-52
  3.16000000e-05   0.00000000e+00   0.00000000e+00  -6.74646419e-12   1.98287506e-24   2.23490352e-23  -7.64390044e-52
  3.16800000e-05   0.00000000e+00   0.00000000e+00  -5.06520265e-12   1.48873006e-24   1.67795142e-23  -4.30902708e-52
  3.17600000e-05   0.00000000e+00   0.00000000e+00  -5.26343140e-12   1.54699211e-24   1.74361873e-23  -4.65280085e-52
  3.18400000e-05   0.00000000e+00   0.00000000e+00  -6.16339684e-12   1.81150385e-24   2.04175059e-23  -6.37965372e-52
  3.19200000e-05   0.00000000e+00   0.00000000e+00  -6.77382012e-12   1.99091533e-24   2.24396572e-23  -7.70590219e-52
  3.20000000e-05   0.00000000e+00   0.00000000e+00  -5.65645277e-12   1.66250629e-24   1.87381506e-23  -5.37368438e-52
  3.20800000e-05   0.00000000e+00   0.00000000e+00  -5.82412006e-12   1.71178592e-24   1.92935826e-23  -5.69667089e-52
  3.21600000e-05   0.00000000e+00   0.00000000e+00  -6.15152019e-12   1.80801315e-24   2.03781621e-23  -6.35514882e-52
  3.22400000e-05   0.00000000e+00   0.00000000e+00  -5.56401589e-12   1.63533786e-24   1.84319346e-23  -5.19937197e-52
  3.23200000e-05   0.00000000e+00   0.00000000e+00  -5.21663476e-12   1.53323795e-24   1.72811639e-23  -4.57027657e-52
  3.24000000e-05   0.00000000e+00   0.00000000e+00  -5.45571077e-12   1.60350556e-24   1.80731519e-23  -4.99878566e-52
  3.24800000e-05   0.00000000e+00   0.00000000e+00  -5.19059335e-12   1.52558404e-24   1.71948965e-23  -4.52465331e-52
  3.25600000e-05   0.00000000e+00   0.00000000e+00  -5.92203344e-12   1.74056396e-24   1.96179406e-23  -5.88972336e-52
  3.26400000e-05   0.00000000e+00   0.00000000e+00  -3.93656818e-12   1.15700945e-24   1.30406830e-23  -2.60269767e-52
  3.27200000e-05   0.00000000e+00   0.00000000e+00  -6.62780415e-12   1.94799930e-24   2.19559496e-23  -7.37739136e-52
  3.28000000e-05   0.00000000e+00   0.00000000e+00  -4.73149516e-12   1.39064901e-24   1.56740403e-23  -3.75996903e-52
  3.28800000e-05   0.00000000e+00   0.00000000e+00  -6.20902536e-12   1.82491467e-24   2.05686597e-23  -6.47447846e-52
  3.29600000e-05   0.00000000e+00   0.00000000e+00  -5.40982847e-12   1.59002014e-24   1.79211574e-23  -4.91514407e-52
  3.30400000e-05   0.00000000e+00   0.00000000e+00  -5.27695822e-12   1.55096781e-24   1.74809977e-23  -4.67666908e-52
  3.31200000e-05   0.00000000e+00   0.00000000e+00  -5.22959408e-12   1.53704687e-24   1.73240943e-23  -4.59303272e-52
  3.32000000e-05   0.00000000e+00   0.00000000e+00  -5.95145843e-12   1.74921235e-24   1.97154168e-23  -5.94851338e-52
  3.32800000e-05   0.00000000e+00   0.00000000e+00  -6.22343844e-12   1.82915087e-24   2.06164059e-23  -6.50463073e-52
  3.33600000e-05   0.00000000e+00   0.00000000e+00  -5.27332669e-12   1.54990046e-24   1.74689675e-23  -4.67020177e-52
  3.34400000e-05   0.00000000e+00   0.00000000e+00  -5.28820987e-12   1.55427482e-24   1.75182710e-23  -4.69660088e-52
  3.35200000e-05   0.00000000e+00   0.00000000e+00  -5.25162244e-12   1.54352129e-24   1.73970677e-23  -4.63183101e-52
  3.36000000e-05   0.00000000e+00   0.00000000e+00  -5.96201499e-12   1.75231506e-24   1.97503876e-23  -5.96969647e-52
  3.36800000e-05   0.00000000e+00   0.00000000e+00  -4.85745552e-12   1.42767042e-24   1.60913096e-23  -3.96283483e-52
  3.37600000e-05   0.00000000e+00   0.00000000e+00  -5.06252654e-12   1.48794350e-24   1.67706491e-23  -4.30425561e-52
  3.38400000e-05   0.00000000e+00   0.00000000e+00  -4.46508193e-12   1.31234663e-24   1.47914923e-23  -3.34845002e-52
  3.39200000e-05   0.00000000e+00   0.00000000e+00  -3.71001314e-12   1.09042193e-24   1.22901733e-23  -2.31174319e-52
  3.40000000e-05   0.00000000e+00   0.00000000e+00  -4.97614080e-12   1.46255359e-24   1.64844788e-23  -4.15859031e-52
  3.40800000e-05   0.00000000e+00   0.00000000e+00  -5.10297386e-12   1.49983151e-24   1.69046391e-23  -4.37340208e-52
  3.41600000e-05   0.00000000e+00   0.00000000e+00  -4.81513445e-12   1.41523170e-24   1.59511125e-23  -3.89394598e-52
  3.42400000e-05   0.00000000e+00   0.00000000e+00  -4.40276282e-12   1.29403022e-24   1.45850476e-23  -3.25552986e-52
  3.43200000e-05   0.00000000e+00   0.00000000e+00  -4.22006915e-12   1.24033413e-24   1.39798376e-23  -2.99095880e-52
  3.44000000e-05   0.00000000e+00   0.00000000e+00  -4.73083035e-12   1.39045360e-24   1.56718380e-23  -3.75871410e-52
  3.44800000e-05   0.00000000e+00   0.00000000e+00  -4.58041191e-12   1.34624364e-24   1.51735463e-23  -3.52358449e-52
  3.45600000e-05   0.00000000e+00   0.00000000e+00  -4.90569738e-12   1.44184934e-24   1.62511206e-23  -4.04175166e-52
  3.46400000e-05   0.00000000e+00   0.00000000e+00  -4.25021638e-12   1.24919480e-24   1.40797065e-23  -3.03378590e-52
  3.47200000e-05   0.00000000e+00   0.00000000e+00  -4.32543827e-12   1.27130351e-24   1.43288943e-23  -3.14231276e-52
  3.48000000e-05   0.00000000e+00   0.00000000e+00  -3.42602859e-12   1.00695511e-24   1.13494167e-23  -1.97141050e-52
  3.48800000e-05   0.00000000e+00   0.00000000e+00  -3.87339910e-12   1.13844322e-24   1.28314225e-23  -2.51986630e-52
  3.49600000e-05   0.00000000e+00   0.00000000e+00  -3.79816130e-12   1.11632983e-24   1.25821820e-23  -2.42262103e-52
  3.50400000e-05   0.00000000e+00   0.00000000e+00  -4.77491441e-12   1.40341049e-24   1.58178754e-23  -3.82891362e-52
  3.51200000e-05   0.00000000e+00   0.00000000e+00  -4.24090288e-12   1.24645744e-24   1.40488536e-23  -3.02059380e-52
  3.52000000e-05   0.00000000e+00   0.00000000e+00  -3.88633880e-12   1.14224637e-24   1.28742879e-23  -2.53663405e-52
  3.52800000e-05   0.00000000e+00   0.00000000e+00  -4.94786463e-12   1.45424285e-24   1.63908082e-23  -4.11134436e-52
  3.53600000e-05   0.00000000e+00   0.00000000e+00  -3.00676723e-12   8.83728652e-25   9.96052816e-24  -1.51840218e-52
  3.54400000e-05   0.00000000e+00   0.00000000e+00  -4.94848733e-12   1.45442587e-24   1.63928710e-23  -4.11242744e-52
  3.55200000e-05   0.00000000e+00   0.00000000e+00  -2.90319178e-12   8.53286457e-25   9.61741341e-24  -1.41556932e-52
  3.56000000e-05   0.00000000e+00   0.00000000e+00  -3.88705398e-12   1.14245657e-24   1.28766571e-23  -2.53752664e-52
  3.56800000e-05   0.00000000e+00   0.00000000e+00  -2.76241794e-12   8.11911163e-25   9.15107142e-24  -1.28165869e-52
  3.57600000e-05   0.00000000e+00   0.00000000e+00  -4.30261366e-12   1.26459505e-24   1.42532831e-23  -3.10906061e-52
  3.58400000e-05   0.00000000e+00   0.00000000e+00  -3.04695102e-12   8.95539198e-25   1.00936451e-23  -1.55920700e-52
  3.59200000e-05   0.00000000e+00   0.00000000e+00  -2.87196875e-12   8.44109595e-25   9.51398077e-24  -1.38526427e-52
  3.60000000e-05   0.00000000e+00   0.00000000e+00  -3.04159790e-12   8.93965844e-25   1.00759118e-23  -1.55373283e-52
  3.60800000e-05   0.00000000e+00   0.00000000e+00  -2.86936480e-12   8.43344259e-25   9.50535465e-24  -1.38275311e-52
  3.61600000e-05   0.00000000e+00   0.00000000e+00  -3.50955999e-12   1.03150609e-24   1.16261315e-23  -2.06861005e-52
  3.62400000e-05   0.00000000e+00   0.00000000e+00  -2.79024999e-12   8.20091369e-25   9.24327074e-24  -1.30759041e-52
  3.63200000e-05   0.00000000e+00   0.00000000e+00  -3.27119539e-12   9.61447583e-25   1.08365002e-23  -1.79709276e-52
  3.64000000e-05   0.00000000e+00   0.00000000e+00  -2.78110787e-12   8.17404379e-25   9.21298561e-24  -1.29903414e-52
  3.64800000e-05   0.00000000e+00   0.00000000e+00  -2.76011473e-12   8.11234217e-25   9.14344156e-24  -1.27938205e-52
  3.65600000e-05   0.00000000e+00   0.00000000e+00  -3.18018188e-12   9.34697509e-25   1.05349995e-23  -1.69845071e-52
  3.66400000e-05   0.00000000e+00   0.00000000e+00  -3.15790434e-12   9.28149844e-25   1.04612006e-23  -1.67485281e-52
  3.67200000e-05   0.00000000e+00   0.00000000e+00  -2.66818318e-12   7.84214321e-25   8.83889963e-24  -1.19562943e-52
  3.68000000e-05   0.00000000e+00   0.00000000e+00  -2.69973775e-12   7.93488624e-25   8.94343053e-24  -1.22407628e-52
  3.68800000e-05   0.00000000e+00   0.00000000e+00  -2.99947167e-12   8.81584386e-25   9.93636012e-24  -1.51100048e-52
  3.69600000e-05   0.00000000e+00   0.00000000e+00  -2.76525819e-12   8.12745947e-25   9.16048032e-24  -1.28424288e-52
  3.70400000e-05   0.00000000e+00   0.00000000e+00  -3.10070419e-12   9.11337963e-25   1.02717134e-23  -1.61451363e-52
  3.71200000e-05   0.00000000e+00   0.00000000e+00  -1.97019556e-12   5.79066528e-25   6.52667362e-24  -6.52024964e-53
  3.72000000e-05   0.00000000e+00   0.00000000e+00  -2.05267855e-12   6.03309370e-25   6.79991531e-24  -7.07683214e-53
  3.72800000e-05   0.00000000e+00   0.00000000e+00  -2.34318146e-12   6.88692017e-25   7.76226530e-24  -9.22082990e-53
  3.73600000e-05   0.00000000e+00   0.00000000e+00  -1.93284895e-12   5.68089865e-25   6.40295537e-24  -6.27421378e-53
  3.74400000e-05   0.00000000e+00   0.00000000e+00  -2.07388851e-12   6.09543258e-25   6.87017762e-24  -7.22330998e-53
  3.75200000e-05   0.00000000e+00   0.00000000e+00  -2.41082853e-12   7.08574386e-25   7.98635999e-24  -9.76051623e-53
  3.76000000e-05   0.00000000e+00   0.00000000e+00  -2.06092731e-12   6.05733790e-25   6.82724101e-24  -7.13368410e-53
  3.76800000e-05   0.00000000e+00   0.00000000e+00  -1.64468629e-12   4.83395049e-25   5.44835794e-24  -4.54318287e-53
  3.77600000e-05   0.00000000e+00   0.00000000e+00  -1.81975850e-12   5.34851085e-25   6.02832024e-24  -5.56184680e-53
  3.78400000e-05   0.00000000e+00   0.00000000e+00  -1.40216003e-12   4.12113373e-25   4.64494035e-24  -3.30212946e-53
  3.79200000e-05   0.00000000e+00   0.00000000e+00  -1.60543018e-12   4.71857160e-25   5.31831410e-24  -4.32845703e-53
  3.80000000e-05   0.00000000e+00   0.00000000e+00  -1.77655726e-12   5.22153672e-25   5.88520737e-24  -5.30073597e-53
  3.80800000e-05   0.00000000e+00   0.00000000e+00  -1.94371201e-12   5.71282662e-25   6.43894147e-24  -6.34487838e-53
  3.81600000e-05   0.00000000e+00   0.00000000e+00  -2.03859387e-12   5.99169695e-25   6.75325693e-24  -6.97948998e-53
  3.82400000e-05   0.00000000e+00   0.00000000e+00  -1.44930331e-12   4.25969407e-25   4.80111206e-24  -3.52780119e-53
  3.83200000e-05   0.00000000e+00   0.00000000e+00  -1.26986790e-12   3.73230967e-25   4.20669576e-24  -2.70838968e-53
  3.84000000e-05   0.00000000e+00   0.00000000e+00  -7.08032244e-13   2.08100039e-25   2.34550085e-24  -8.41869907e-54
  3.84800000e-05   0.00000000e+00   0.00000000e+00  -2.00365912e-12   5.88901911e-25   6.63752848e-24  -6.74247733e-53
  3.85600000e-05   0.00000000e+00   0.00000000e+00  -1.90729030e-12   5.60577839e-25   6.31828714e-24  -6.10950016e-53
  3.86400000e-05   0.00000000e+00   0.00000000e+00  -1.17700979e-12   3.45938742e-25   3.89908439e-24  -2.32657266e-53
  3.87200000e-05   0.00000000e+00   0.00000000e+00  -1.28680094e-12   3.78207813e-25   4.26278992e-24  -2.78086608e-53
  3.88000000e-05   0.00000000e+00   0.00000000e+00  -8.70198826e-13   2.55762942e-25   2.88271065e-24  -1.27177260e-53
  3.88800000e-05   0.00000000e+00   0.00000000e+00  -1.23678380e-12   3.63507114e-25   4.09709796e-24  -2.56882969e-53
  3.89600000e-05   0.00000000e+00   0.00000000e+00  -5.24752654e-13   1.54231744e-25   1.73834992e-24  -4.62547171e-54
  3.90400000e-05   0.00000000e+00   0.00000000e+00  -9.30929644e-13   2.73612532e-25   3.08389384e-24  -1.45545341e-53
  3.91200000e-05   0.00000000e+00   0.00000000e+00  -5.34678667e-13   1.57149130e-25   1.77123186e-24  -4.80140717e-54
  3.92000000e-05   0.00000000e+00   0.00000000e+00  -5.74561542e-13   1.68871235e-25   1.90335200e-24  -5.54401824e-54
  3.92800000e-05   0.00000000e+00   0.00000000e+00  -3.20943763e-13   9.43296157e-26   1.06319151e-24  -1.73035492e-54
  3.93600000e-05   0.00000000e+00   0.00000000e+00  -3.25743560e-13   9.57403396e-26   1.07909181e-24  -1.78108801e-54
  3.94400000e-05   0.00000000e+00   0.00000000e+00  -1.02437626e-12   3.01077727e-25   3.39345475e-24  -1.76202291e-53
  3.95200000e-05   0.00000000e+00   0.00000000e+00  -1.93448770e-13   5.68571515e-26   6.40838407e-25  -6.28984217e-55
  3.96000000e-05   0.00000000e+00   0.00000000e+00   4.14607753e-13  -1.21858701e-25  -1.37347253e-24  -2.88590603e-54
  3.96800000e-05   0.00000000e+00   0.00000000e+00  -1.14533321e-12   3.36628574e-25   3.79414926e-24  -2.20281264e-53
  3.97600000e-05   0.00000000e+00   0.00000000e+00   1.43635027e-13  -4.22162338e-26  -4.75820249e-25  -3.46431001e-55
  3.98400000e-05   0.00000000e+00   0.00000000e+00   2.36989208e-13  -6.96542619e-26  -7.85074965e-25  -9.43150425e-55
  3.99200000e-05   0.00000000e+00   0.00000000e+00   1.95185911e-13  -5.73677203e-26  -6.46593041e-25  -6.39698193e-55
  4.00000000e-05   0.00000000e+00   0.00000000e+00  -3.57312542e-13   1.05018881e-25   1.18367049e-24  -2.14320276e-54
  4.00800000e-05   0.00000000e+00   0.00000000e+00   1.45380384e-13  -4.27292171e-26  -4.81602097e-25  -3.54755579e-55
  4.01600000e-05   0.00000000e+00   0.00000000e+00  -5.02795129e-13   1.47778137e-25   1.66561116e-24  -4.24538103e-54
  4.02400000e-05   0.00000000e+00   0.00000000e+00   2.59814730e-13  -7.63629846e-26  -8.60689150e-25  -1.13354764e-54
  4.03200000e-05   0.00000000e+00   0.00000000e+00   3.89882331e-13  -1.14591572e-25  -1.29156454e-24  -2.55268650e-54
  4.04000000e-05   0.00000000e+00   0.00000000e+00   1.77604682e-14  -5.22003644e-27  -5.88351641e-26  -5.25746193e-57
  4.04800000e-05   0.00000000e+00   0.00000000e+00   5.56432631e-13  -1.63542908e-25  -1.84329629e-24  -5.19860311e-54
  4.05600000e-05   0.00000000e+00   0.00000000e+00   2.90336754e-13  -8.53338112e-26  -9.61799566e-25  -1.41597214e-54
  4.06400000e-05   0.00000000e+00   0.00000000e+00  -1.72642645e-13   5.07419561e-26   5.71913884e-25  -5.00591949e-55
  4.07200000e-05   0.00000000e+00   0.00000000e+00  -1.39085288e-13   4.08790054e-26   4.60748314e-25  -3.24904093e-55
  4.08000000e-05   0.00000000e+00   0.00000000e+00   3.59526307e-13  -1.05669536e-25  -1.19100404e-24  -2.17037208e-54
  4.08800000e-05   0.00000000e+00   0.00000000e+00  -7.90561048e-14   2.32356346e-26   2.61889431e-25  -1.05071428e-55
  4.09600000e-05   0.00000000e+00   0.00000000e+00  -4.66743074e-13   1.37181961e-25   1.54618139e-24  -3.65824873e-54
  4.10400000e-05   0.00000000e+00   0.00000000e+00   4.25061440e-13  -1.24931178e-25  -1.40810250e-24  -3.03530011e-54
  4.11200000e-05   0.00000000e+00   0.00000000e+00   9.88717142e-13  -2.90597042e-25  -3.27532668e-24  -1.64153675e-53
  4.12000000e-05   0.00000000e+00   0.00000000e+00   1.53610791e-12  -4.51482426e-25  -5.08866996e-24  -3.96251897e-53
  4.12800000e-05   0.00000000e+00   0.00000000e+00   8.38654042e-13  -2.46491512e-25  -2.77821213e-24  -1.18108191e-53
  4.13600000e-05   0.00000000e+00   0.00000000e+00   1.24237751e-12  -3.65151179e-25  -4.11562826e-24  -2.59202077e-53
  4.14400000e-05   0.00000000e+00   0.00000000e+00  -1.22260951e-13   3.59341100e-26   4.05014272e-25  -2.50878099e-55
  4.15200000e-05   0.00000000e+00   0.00000000e+00   4.60517940e-13  -1.35352312e-25  -1.52555936e-24  -3.56236398e-54
  4.16000000e-05   0.00000000e+00   0.00000000e+00   1.27162237e-13  -3.73746629e-26  -4.21250780e-25  -2.71748711e-55
  4.16800000e-05   0.00000000e+00   0.00000000e+00   1.08165768e-12  -3.17913495e-25  -3.58321112e-24  -1.96451685e-53
  4.17600000e-05   0.00000000e+00   0.00000000e+00   3.71483572e-13  -1.09183934e-25  -1.23061491e-24  -2.31839298e-54
  4.18400000e-05   0.00000000e+00   0.00000000e+00   7.93444217e-13  -2.33203747e-25  -2.62844539e-24  -1.05717039e-53
  4.19200000e-05   0.00000000e+00   0.00000000e+00   7.16071447e-13  -2.10462867e-25  -2.37213235e-24  -8.61304789e-54
  4.20000000e-05   0.00000000e+00   0.00000000e+00   2.49788484e-13  -7.34161383e-26  -8.27475170e-25  -1.04758343e-54
  4.20800000e-05   0.00000000e+00   0.00000000e+00   5.32288573e-13  -1.56446650e-25  -1.76331419e-24  -4.75776796e-54
  4.21600000e-05   0.00000000e+00   0.00000000e+00   7.82156773e-13  -2.29886218e-25  -2.59105344e-24  -1.02738422e-53
  4.22400000e-05   0.00000000e+00   0.00000000e+00   9.35778406e-13  -2.75037647e-25  -3.09995635e-24  -1.47060084e-53
  4.23200000e-05   0.00000000e+00   0.00000000e+00   6.69639792e-13  -1.96815990e-25  -2.21831804e-24  -7.53091029e-54
  4.24000000e-05   0.00000000e+00   0.00000000e+00   1.45409388e-12  -4.27377418e-25  -4.81698180e-24  -3.55114826e-53
  4.24800000e-05   0.00000000e+00   0.00000000e+00   1.22218000e-12  -3.59214863e-25  -4.04871990e-24  -2.50875092e-53
  4.25600000e-05   0.00000000e+00   0.00000000e+00   1.10654150e-12  -3.25227180e-25  -3.66564385e-24  -2.05627320e-53
  4.26400000e-05   0.00000000e+00   0.00000000e+00   1.25888153e-12  -3.70001927e-25  -4.17030117e-24  -2.66117453e-53
  4.27200000e-05   0.00000000e+00   0.00000000e+00   6.61775730e-13  -1.94504638e-25  -2.19226674e-24  -7.35518502e-54
  4.28000000e-05   1.69097175e-14  -3.24502463e-14   1.09198483e-12  -2.74531380e-25  -3.59323394e-24  -1.02528053e-25
  4.28800000e-05   0.00000000e+00   0.00000000e+00   5.48299462e-13  -1.61152462e-25  -1.81635352e-24  -5.04909930e-54
  4.29600000e-05   0.00000000e+00   0.00000000e+00   4.89331962e-13  -1.43821134e-25  -1.62101167e-24  -4.02148864e-54
  4.30400000e-05   4.71910096e-14  -8.90995303e-14   9.90298058e-13  -1.63612169e-25  -3.21306094e-24  -2.81290259e-25
  4.31200000e-05   4.56538087e-14  -8.61972012e-14   9.68113041e-13  -1.61243241e-25  -3.14176740e-24  -2.72127507e-25
  4.32000000e-05  -3.04031303e-13   2.34216142e-13   1.28027700e-12  -7.11317204e-25  -4.67606972e-24   6.86529800e-25
  4.32800000e-05   3.20582010e-14  -1.90624328e-13   1.24621239e-12  -9.36059288e-26  -4.08247545e-24  -6.22059537e-25
  4.33600000e-05  -1.88159700e-14   1.70852265e-13   1.03281012e-12  -5.47946618e-25  -3.44830833e-24   5.60452626e-25
  4.34400000e-05  -2.95402957e-14  -5.53469341e-15   6.45011716e-13  -1.81660550e-25  -2.17898749e-24  -2.70170814e-26
  4.35200000e-05   6.33428955e-14  -3.02360577e-14   1.64023375e-12  -4.38836202e-25  -5.34300119e-24  -8.15457780e-26
  4.36000000e-05   3.16155469e-15   6.47576666e-14   7.51491930e-13  -3.13503914e-25  -2.48494756e-24   2.15452168e-25
  4.36800000e-05  -4.33629781e-14   8.44864688e-14   1.28667496e-12  -4.99021708e-25  -4.32439975e-24   2.67133663e-25
  4.37600000e-05   7.95833378e-14  -1.13685036e-13   2.43318800e-13   9.11024505e-26  -6.92205629e-25  -3.53214216e-25
  4.38400000e-05   1.93400880e-13  -9.18901546e-14   1.88600069e-12  -4.22879258e-25  -5.97111697e-24  -2.47561755e-25
  4.39200000e-05  -6.47747440e-14   5.98066157e-13   1.28341100e-12  -1.23269575e-24  -4.34421497e-24   1.96217766e-24
  4.40000000e-05  -7.71664978e-13   1.53465140e-12   1.46893253e-12  -2.62693089e-24  -5.96994093e-24   4.85704244e-24
  4.40800000e-05   7.44529579e-13  -9.36890068e-13   7.97116505e-13   1.10586085e-24  -1.57562247e-24  -2.88481187e-24
  4.41600000e-05   6.54055760e-16  -2.05512916e-15   1.54833118e-12  -4.52135315e-25  -5.12822646e-24  -6.61579782e-27
  4.42400000e-05   3.10397119e-14  -9.75308546e-14   2.16064857e-12  -4.95533346e-25  -7.11318820e-24  -3.13967816e-25
  4.43200000e-05  -1.15980521e-13   2.01630993e-13   6.23645716e-13  -4.71714220e-25  -2.23185387e-24   6.33855477e-25
  4.44000000e-05   5.17665119e-14  -8.71367019e-14   1.84669223e-12  -4.18125406e-25  -6.04349600e-24  -2.73443190e-25
  4.44800000e-05   0.00000000e+00   0.00000000e+00   1.02930963e-12  -3.02527713e-25  -3.40979757e-24  -1.77960975e-53
  4.45600000e-05   0.00000000e+00   0.00000000e+00   1.60147915e-12  -4.70695900e-25  -5.30522550e-24  -4.30697993e-53
  4.46400000e-05   0.00000000e+00   0.00000000e+00   1.33640721e-12  -3.92787750e-25  -4.42712075e-24  -2.99973055e-53
  4.47200000e-05   0.00000000e+00   0.00000000e+00   1.35099651e-12  -3.97075739e-25  -4.47545079e-24  -3.06520569e-53
  4.48000000e-05   0.00000000e+00   0.00000000e+00   1.37949951e-12  -4.05453147e-25  -4.56987276e-24  -3.19600898e-53
  4.48800000e-05   0.00000000e+00   0.00000000e+00   1.40115145e-12  -4.11816938e-25  -4.64159922e-24  -3.29712245e-53
  4.49600000e-05   0.00000000e+00   0.00000000e+00   1.66689604e-12  -4.89922788e-25  -5.52193225e-24  -4.66647206e-53
  4.50400000e-05   0.00000000e+00   0.00000000e+00   1.27606974e-12  -3.75053770e-25  -4.22724061e-24  -2.73453011e-53
  4.51200000e-05   0.00000000e+00   0.00000000e+00   1.66043818e-12  -4.88024737e-25  -5.50053926e-24  -4.63006280e-53
  4.52000000e-05   0.00000000e+00   0.00000000e+00   1.12103936e-12  -3.29488291e-25  -3.71367094e-24  -2.11082928e-53
  4.52800000e-05   0.00000000e+00   0.00000000e+00   1.76062888e-12  -5.17472110e-25  -5.83244136e-24  -5.20623342e-53
  4.53600000e-05   0.00000000e+00   0.00000000e+00   1.88876740e-12  -5.55133716e-25  -6.25692628e-24  -5.99113546e-53
  4.54400000e-05   0.00000000e+00   0.00000000e+00   7.77991812e-13  -2.28662081e-25  -2.57725615e-24  -1.01650032e-53
  4.55200000e-05   0.00000000e+00   0.00000000e+00   1.65234490e-12  -4.85646017e-25  -5.47372865e-24  -4.58547308e-53
  4.56000000e-05   0.00000000e+00   0.00000000e+00   1.54799137e-12  -4.54975135e-25  -5.12803636e-24  -4.02446172e-53
  4.56800000e-05   0.00000000e+00   0.00000000e+00   1.83598000e-12  -5.39618800e-25  -6.08205727e-24  -5.66109474e-53
  4.57600000e-05   0.00000000e+00   0.00000000e+00   1.87089285e-12  -5.49880150e-25  -6.19771320e-24  -5.87844423e-53
  4.58400000e-05   0.00000000e+00   0.00000000e+00   1.25323503e-12  -3.68342347e-25  -4.15159599e-24  -2.63784677e-53
  4.59200000e-05   0.00000000e+00   0.00000000e+00   1.62026402e-12  -4.76217022e-25  -5.36745421e-24  -4.40898206e-53
  4.60000000e-05   0.00000000e+00   0.00000000e+00   1.61791157e-12  -4.75525606e-25  -5.35966124e-24  -4.39618862e-53
  4.60800000e-05   0.00000000e+00   0.00000000e+00   1.71074938e-12  -5.02811867e-25  -5.66720538e-24  -4.91498024e-53
  4.61600000e-05   0.00000000e+00   0.00000000e+00   2.15843271e-12  -6.34391918e-25  -7.15024749e-24  -7.82451410e-53
  4.62400000e-05   0.00000000e+00   0.00000000e+00   1.71441480e-12  -5.03889180e-25  -5.67934781e-24  -4.93656729e-53
  4.63200000e-05   0.00000000e+00   0.00000000e+00   1.47377691e-12  -4.33162523e-25  -4.88218584e-24  -3.64810601e-53
  4.64000000e-05   0.00000000e+00   0.00000000e+00   9.66668305e-13  -2.84116598e-25  -3.20228542e-24  -1.56956212e-53
  4.64800000e-05   0.00000000e+00   0.00000000e+00   1.61720711e-12  -4.75318555e-25  -5.35732756e-24  -4.39257025e-53
  4.65600000e-05   0.00000000e+00   0.00000000e+00   1.77178682e-12  -5.20751577e-25  -5.86940430e-24  -5.27189127e-53
  4.66400000e-05   0.00000000e+00   0.00000000e+00   7.11916195e-13  -2.09241584e-25  -2.35836723e-24  -8.51378863e-54
  4.67200000e-05   0.00000000e+00   0.00000000e+00   2.55366916e-12  -7.50557136e-25  -8.45954862e-24  -1.09515611e-52
  4.68000000e-05   0.00000000e+00   0.00000000e+00   1.54621346e-12  -4.54452584e-25  -5.12214666e-24  -4.01479935e-53
  4.68800000e-05   0.00000000e+00   0.00000000e+00   2.13935593e-12  -6.28785000e-25  -7.08705177e-24  -7.68603901e-53
  4.69600000e-05   0.00000000e+00   0.00000000e+00   1.32480567e-12  -3.89377906e-25  -4.38868831e-24  -2.94792849e-53
  4.70400000e-05   0.00000000e+00   0.00000000e+00   1.54233278e-12  -4.53312001e-25  -5.10929112e-24  -3.99483349e-53
  4.71200000e-05   0.00000000e+00   0.00000000e+00   1.88459624e-12  -5.53907756e-25  -6.24310844e-24  -5.96463011e-53
  4.72000000e-05   0.00000000e+00   0.00000000e+00   1.41907936e-12  -4.17086191e-25  -4.70098909e-24  -3.38218969e-53
  4.72800000e-05   0.00000000e+00   0.00000000e+00   1.18385092e-12  -3.47949442e-25  -3.92174703e-24  -2.35386853e-53
  4.73600000e-05   0.00000000e+00   0.00000000e+00   1.73703344e-12  -5.10537100e-25  -5.75427667e-24  -5.06765702e-53
  4.74400000e-05   0.00000000e+00   0.00000000e+00   1.63305543e-12  -4.79976586e-25  -5.40982834e-24  -4.47882572e-53
  4.75200000e-05   0.00000000e+00   0.00000000e+00   1.69748305e-12  -4.98912717e-25  -5.62325795e-24  -4.83919774e-53
  4.76000000e-05   0.00000000e+00   0.00000000e+00   1.81632262e-12  -5.33841237e-25  -6.01693819e-24  -5.54071226e-53
  4.76800000e-05   0.00000000e+00   0.00000000e+00   1.54399107e-12  -4.53799393e-25  -5.11478453e-24  -4.00339999e-53
  4.77600000e-05   0.00000000e+00   0.00000000e+00   1.93048700e-12  -5.67395659e-25  -6.39513094e-24  -6.25862055e-53
  4.78400000e-05   0.00000000e+00   0.00000000e+00   1.28210601e-12  -3.76827912e-25  -4.24723700e-24  -2.76103517e-53
  4.79200000e-05   0.00000000e+00   0.00000000e+00   1.37518269e-12  -4.04184377e-25  -4.55557242e-24  -3.17605305e-53
  4.80000000e-05   0.00000000e+00   0.00000000e+00   1.37062072e-12  -4.02843555e-25  -4.54045998e-24  -3.15501583e-53
  4.80800000e-05   0.00000000e+00   0.00000000e+00   1.62514416e-12  -4.77651360e-25  -5.38362066e-24  -4.43563692e-53
  4.81600000e-05   0.00000000e+00   0.00000000e+00   1.54116747e-12  -4.52969499e-25  -5.10543077e-24  -3.98907478e-53
  4.82400000e-05   0.00000000e+00   0.00000000e+00   2.05563981e-12  -6.04179725e-25  -6.80972508e-24  -7.09631089e-53
  4.83200000e-05   0.00000000e+00   0.00000000e+00   1.16324371e-12  -3.41892711e-25  -3.85348146e-24  -2.27271528e-53
  4.84000000e-05   0.00000000e+00   0.00000000e+00   7.66758534e-13  -2.25360473e-25  -2.54004364e-24  -9.87506524e-54
  4.84800000e-05   0.00000000e+00   0.00000000e+00   2.13775317e-12  -6.28313928e-25  -7.08174229e-24  -7.67481441e-53
  4.85600000e-05   0.00000000e+00   0.00000000e+00   1.70178308e-12  -5.00176552e-25  -5.63750267e-24  -4.86392941e-53
  4.86400000e-05   0.00000000e+00   0.00000000e+00   1.50953706e-12  -4.43672904e-25  -5.00064861e-24  -3.82708388e-53
  4.87200000e-05   0.00000000e+00   0.00000000e+00   1.62665472e-12  -4.78095334e-25  -5.38862469e-24  -4.44367646e-53
  4.88000000e-05   0.00000000e+00   0.00000000e+00   1.74752160e-12  -5.13619708e-25  -5.78902082e-24  -5.12913072e-53
  4.88800000e-05   0.00000000e+00   0.00000000e+00   1.23137624e-12  -3.61917762e-25  -4.07918431e-24  -2.54679298e-53
  4.89600000e-05   0.00000000e+00   0.00000000e+00   1.89629525e-12  -5.57346251e-25  -6.28186380e-24  -6.03876416e-53
  4.90400000e-05   0.00000000e+00   0.00000000e+00   2.42795369e-12  -7.13607699e-25  -8.04309056e-24  -9.89973615e-53
  4.91200000e-05   0.00000000e+00   0.00000000e+00   1.63743227e-12  -4.81262998e-25  -5.42432751e-24  -4.50270399e-53
  4.92000000e-05   0.00000000e+00   0.00000000e+00   1.43043559e-12  -4.20423936e-25  -4.73860890e-24  -3.43661083e-53
  4.92800000e-05   0.00000000e+00   0.00000000e+00   1.07279483e-12  -3.15308589e-25  -3.55385114e-24  -1.93301906e-53
  4.93600000e-05   0.00000000e+00   0.00000000e+00   1.45954480e-12  -4.28979518e-25  -4.83503908e-24  -3.57776365e-53
  4.94400000e-05   0.00000000e+00   0.00000000e+00   1.52619925e-12  -4.48570142e-25  -5.05584550e-24  -3.91194649e-53
  4.95200000e-05   0.00000000e+00   0.00000000e+00   1.47220223e-12  -4.32699703e-25  -4.87696938e-24  -3.64003465e-53
  4.96000000e-05   0.00000000e+00   0.00000000e+00   2.19635393e-12  -6.45537467e-25  -7.27586924e-24  -8.10148270e-53
  4.96800000e-05   0.00000000e+00   0.00000000e+00   1.42116778e-12  -4.17700006e-25  -4.70790741e-24  -3.39175136e-53
  4.97600000e-05   0.00000000e+00   0.00000000e+00   1.85698669e-12  -5.45792945e-25  -6.15164619e-24  -5.79106840e-53
  4.98400000e-05   0.00000000e+00   0.00000000e+00   9.11651176e-13  -2.67946337e-25  -3.02002999e-24  -1.39593903e-53
  4.99200000e-05   0.00000000e+00   0.00000000e+00   5.55108538e-13  -1.63153741e-25  -1.83890997e-24  -5.17597469e-54
  5.00000000e-05   0.00000000e+00   0.00000000e+00   1.49227119e-12  -4.38598238e-25  -4.94345191e-24  -3.73995443e-53
  5.00800000e-05   0.00000000e+00   0.00000000e+00   1.23700126e-12  -3.63571029e-25  -4.09781833e-24  -2.56968995e-53
  5.01600000e-05   0.00000000e+00   0.00000000e+00   1.53496325e-12  -4.51145999e-25  -5.08487805e-24  -3.95677618e-53
  5.02400000e-05   0.00000000e+00   0.00000000e+00   5.94312391e-13  -1.74676271e-25  -1.96878070e-24  -5.93376505e-54
  5.03200000e-05   0.00000000e+00   0.00000000e+00   1.24578060e-12  -3.66151395e-25  -4.12690170e-24  -2.60667272e-53
  5.04000000e-05   0.00000000e+00   0.00000000e+00   8.23737684e-13  -2.42107399e-25  -2.72879866e-24  -1.13972504e-53
  5.04800000e-05   0.00000000e+00   0.00000000e+00   1.83386915e-12  -5.38998397e-25  -6.07506466e-24  -5.64777087e-53
  5.05600000e-05   0.00000000e+00   0.00000000e+00   1.52919381e-12  -4.49450284e-25  -5.06576560e-24  -3.92733963e-53
  5.06400000e-05   0.00000000e+00   0.00000000e+00   1.43339695e-12  -4.21294321e-25  -4.74841902e-24  -3.45069683e-53
  5.07200000e-05   0.00000000e+00   0.00000000e+00   1.21727411e-12  -3.57772959e-25  -4.03246814e-24  -2.48859388e-53
  5.08000000e-05   0.00000000e+00   0.00000000e+00   1.09772968e-12  -3.22637269e-25  -3.63645288e-24  -2.02380764e-53
  5.08800000e-05   0.00000000e+00   0.00000000e+00   8.49360832e-13  -2.49638381e-25  -2.81368055e-24  -1.21164484e-53
  5.09600000e-05   0.00000000e+00   0.00000000e+00   1.20644515e-12  -3.54590185e-25  -3.99659501e-24  -2.44451574e-53
  5.10400000e-05   0.00000000e+00   0.00000000e+00   1.08334394e-12  -3.18409112e-25  -3.58879721e-24  -1.97111359e-53
  5.11200000e-05   0.00000000e+00   0.00000000e+00   1.44236222e-12  -4.23929330e-25  -4.77811828e-24  -3.49389176e-53
  5.12000000e-05   0.00000000e+00   0.00000000e+00   1.41716499e-12  -4.16523534e-25  -4.69464736e-24  -3.37309706e-53
  5.12800000e-05   0.00000000e+00   0.00000000e+00   1.13771546e-12  -3.34389620e-25  -3.76891392e-24  -2.17400522e-53
  5.13600000e-05   0.00000000e+00   0.00000000e+00   1.88692113e-12  -5.54591076e-25  -6.25081014e-24  -5.97945679e-53
  5.14400000e-05   0.00000000e+00   0.00000000e+00   1.20409079e-12  -3.53898207e-25  -3.98879570e-24  -2.43475666e-53
  5.15200000e-05   0.00000000e+00   0.00000000e+00   1.53125775e-12  -4.50056903e-25  -5.07260281e-24  -3.93767615e-53
  5.16000000e-05   0.00000000e+00   0.00000000e+00   1.57987850e-12  -4.64347184e-25  -5.23366894e-24  -4.19210491e-53
  5.16800000e-05   0.00000000e+00   0.00000000e+00   1.31548249e-12  -3.86637703e-25  -4.35780339e-24  -2.90642128e-53
  5.17600000e-05   0.00000000e+00   0.00000000e+00   1.39465773e-12  -4.09908351e-25  -4.62008746e-24  -3.26657640e-53
  5.18400000e-05   0.00000000e+00   0.00000000e+00   1.37032653e-12  -4.02757090e-25  -4.53948542e-24  -3.15346499e-53
  5.19200000e-05   0.00000000e+00   0.00000000e+00   1.70748136e-12  -5.01851354e-25  -5.65637938e-24  -4.89617689e-53
  5.20000000e-05   0.00000000e+00   0.00000000e+00   1.40740203e-12  -4.13654070e-25  -4.66230555e-24  -3.32648076e-53
  5.20800000e-05   0.00000000e+00   0.00000000e+00   1.42913003e-12  -4.20040217e-25  -4.73428397e-24  -3.43018166e-53
  5.21600000e-05   0.00000000e+00   0.00000000e+00   1.33654741e-12  -3.92828960e-25  -4.42758521e-24  -3.00014920e-53
  5.22400000e-05   0.00000000e+00   0.00000000e+00   1.13814007e-12  -3.34514418e-25  -3.77032052e-24  -2.17558314e-53
  5.23200000e-05   0.00000000e+00   0.00000000e+00   1.02500493e-12  -3.01262505e-25  -3.39553736e-24  -1.76455358e-53
  5.24000000e-05   0.00000000e+00   0.00000000e+00   8.70687388e-13  -2.55906538e-25  -2.88432911e-24  -1.27324021e-53
  5.24800000e-05   0.00000000e+00   0.00000000e+00   1.70128022e-12  -5.00028756e-25  -5.63583684e-24  -4.86082616e-53
  5.25600000e-05   0.00000000e+00   0.00000000e+00   1.82993555e-12  -5.37842259e-25  -6.06203379e-24  -5.62380884e-53
  5.26400000e-05   0.00000000e+00   0.00000000e+00   1.33066014e-12  -3.91098614e-25  -4.40808244e-24  -2.97369308e-53
  5.27200000e-05   0.00000000e+00   0.00000000e+00   9.95119760e-13  -2.92478858e-25  -3.29653666e-24  -1.66317342e-53
  5.28000000e-05   0.00000000e+00   0.00000000e+00   8.09610577e-13  -2.37955256e-25  -2.68199975e-24  -1.10088973e-53
  5.28800000e-05   0.00000000e+00   0.00000000e+00   1.28131979e-12  -3.76596832e-25  -4.24463247e-24  -2.75725183e-53
  5.29600000e-05   0.00000000e+00   0.00000000e+00   1.17785244e-12  -3.46186411e-25  -3.90187585e-24  -2.32986470e-53
  5.30400000e-05   0.00000000e+00   0.00000000e+00   1.36952260e-12  -4.02520804e-25  -4.53682223e-24  -3.14984952e-53
  5.31200000e-05   0.00000000e+00   0.00000000e+00   1.05720390e-12  -3.10726208e-25  -3.50220300e-24  -1.87721344e-53
  5.32000000e-05   0.00000000e+00   0.00000000e+00   1.11796755e-12  -3.28585448e-25  -3.70349494e-24  -2.09904087e-53
  5.32800000e-05   0.00000000e+00   0.00000000e+00   1.16013216e-12  -3.40978185e-25  -3.84317380e-24  -2.26035984e-53
  5.33600000e-05   0.00000000e+00   0.00000000e+00   1.34996341e-12  -3.96772100e-25  -4.47202844e-24  -3.06072213e-53
  5.34400000e-05   0.00000000e+00   0.00000000e+00   1.18444602e-12  -3.48124349e-25  -3.92371840e-24  -2.35620087e-53
  5.35200000e-05   0.00000000e+00   0.00000000e+00   1.04148133e-12  -3.06105137e-25  -3.45011878e-24  -1.82157512e-53
  5.36000000e-05   0.00000000e+00   0.00000000e+00   1.80018091e-12  -5.29096977e-25  -5.96346550e-24  -5.44179460e-53
  5.36800000e-05   0.00000000e+00   0.00000000e+00  -5.30196974e-15   1.55831903e-27   1.75638534e-26  -4.56860550e-58
  5.37600000e-05   0.00000000e+00   0.00000000e+00   2.68610997e-12  -7.89483245e-25  -8.89828575e-24  -1.21163955e-52
  5.38400000e-05   0.00000000e+00   0.00000000e+00   5.46854094e-13  -1.60727651e-25  -1.81156544e-24  -5.02391725e-54
  5.39200000e-05   0.00000000e+00   0.00000000e+00  -1.22808806e-13   3.60951324e-26   4.06829156e-25  -2.52949237e-55
  5.40000000e-05   0.00000000e+00   0.00000000e+00   1.33854879e-12  -3.93417193e-25  -4.43421519e-24  -3.00912873e-53
  5.40800000e-05   0.00000000e+00   0.00000000e+00   1.07689990e-12  -3.16515124e-25  -3.56745001e-24  -1.94794334e-53
  5.41600000e-05   0.00000000e+00   0.00000000e+00   4.91189474e-13  -1.44367083e-25  -1.62716506e-24  -4.05316380e-54
  5.42400000e-05   0.00000000e+00   0.00000000e+00   1.19348324e-12  -3.50780509e-25  -3.95365604e-24  -2.39254603e-53
  5.43200000e-05   0.00000000e+00   0.00000000e+00   8.11323006e-13  -2.38458562e-25  -2.68767252e-24  -1.10554067e-53
  5.44000000e-05   0.00000000e+00   0.00000000e+00   6.36054296e-13  -1.86944770e-25  -2.10705926e-24  -6.79510848e-54
  5.44800000e-05   0.00000000e+00   0.00000000e+00   1.39101865e-12  -4.08838778e-25  -4.60803227e-24  -3.24953188e-53
  5.45600000e-05   0.00000000e+00   0.00000000e+00   1.54091127e-12  -4.52894202e-25  -5.10458207e-24  -3.98759733e-53
  5.46400000e-05   0.00000000e+00   0.00000000e+00   1.07615919e-12  -3.16297418e-25  -3.56499624e-24  -1.94516623e-53
  5.47200000e-05   0.00000000e+00   0.00000000e+00   1.19078035e-12  -3.49986095e-25  -3.94470218e-24  -2.38146985e-53
  5.48000000e-05   0.00000000e+00   0.00000000e+00   1.02441006e-12  -3.01087666e-25  -3.39356674e-24  -1.76251126e-53
  5.48800000e-05   0.00000000e+00   0.00000000e+00   9.85194862e-13  -2.89561800e-25  -3.26365841e-24  -1.62988917e-53
  5.49600000e-05   0.00000000e+00   0.00000000e+00   1.04755129e-12  -3.07889179e-25  -3.47022677e-24  -1.84285918e-53
  5.50400000e-05   0.00000000e+00   0.00000000e+00   1.28913104e-12  -3.78892663e-25  -4.27050885e-24  -2.79087498e-53
  5.51200000e-05   0.00000000e+00   0.00000000e+00   1.36139427e-12  -4.00131782e-25  -4.50989550e-24  -3.11253374e-53
  5.52000000e-05   0.00000000e+00   0.00000000e+00   1.49476064e-12  -4.39329923e-25  -4.95169873e-24  -3.75241207e-53
  5.52800000e-05   0.00000000e+00   0.00000000e+00   9.21240525e-13  -2.70764774e-25  -3.05179666e-24  -1.42526844e-53
  5.53600000e-05   0.00000000e+00   0.00000000e+00   1.24210268e-12  -3.65070404e-25  -4.11471782e-24  -2.59087430e-53
  5.54400000e-05   0.00000000e+00   0.00000000e+00   1.64533640e-12  -4.83586130e-25  -5.45051157e-24  -4.54620902e-53
  5.55200000e-05   0.00000000e+00   0.00000000e+00   7.24869025e-13  -2.13048593e-25  -2.40127611e-24  -8.82388558e-54
  5.56000000e-05   0.00000000e+00   0.00000000e+00   1.08235240e-12  -3.18117684e-25  -3.58551251e-24  -1.96755538e-53
  5.56800000e-05   0.00000000e+00   0.00000000e+00   8.53037430e-13  -2.50718983e-25  -2.82586003e-24  -1.22217095e-53
  5.57600000e-05   0.00000000e+00   0.00000000e+00   1.44878444e-12  -4.25816909e-25  -4.79939321e-24  -3.52498742e-53
  5.58400000e-05   0.00000000e+00   0.00000000e+00   8.18902834e-13  -2.40686373e-25  -2.71278224e-24  -1.12624346e-53
  5.59200000e-05   0.00000000e+00   0.00000000e+00   8.11817164e-13  -2.38603801e-25  -2.68930951e-24  -1.10683785e-53
  5.60000000e-05   0.00000000e+00   0.00000000e+00   7.63734723e-13  -2.24471736e-25  -2.53002665e-24  -9.79780735e-54
  5.60800000e-05   0.00000000e+00   0.00000000e+00   6.05307115e-13  -1.77907767e-25  -2.00520296e-24  -6.15397772e-54
  5.61600000e-05   0.00000000e+00   0.00000000e+00   9.84578570e-13  -2.89380664e-25  -3.26161682e-24  -1.62800117e-53
  5.62400000e-05   0.00000000e+00   0.00000000e+00   7.44558019e-13  -2.18835449e-25  -2.46649991e-24  -9.30939655e-54
  5.63200000e-05   0.00000000e+00   0.00000000e+00   1.03364696e-12  -3.03802512e-25  -3.42416584e-24  -1.79424065e-53
  5.64000000e-05   0.00000000e+00   0.00000000e+00   7.00226672e-13  -2.05805880e-25  -2.31964331e-24  -8.23506491e-54
  5.64800000e-05   0.00000000e+00   0.00000000e+00   5.03983126e-13  -1.48127306e-25  -1.66954664e-24  -4.26538219e-54
  5.65600000e-05   0.00000000e+00   0.00000000e+00   6.63712096e-13  -1.95073763e-25  -2.19868135e-24  -7.39759432e-54
  5.66400000e-05   0.00000000e+00   0.00000000e+00   1.70361805e-13  -5.00715877e-26  -5.64358139e-25  -4.87705894e-55
  5.67200000e-05   0.00000000e+00   0.00000000e+00   6.88426811e-13  -2.02337745e-25  -2.28055387e-24  -7.95930499e-54
  5.68000000e-05   0.00000000e+00   0.00000000e+00   7.32815373e-13  -2.15384130e-25  -2.42760001e-24  -9.01880843e-54
  5.68800000e-05   0.00000000e+00   0.00000000e+00   1.01209445e-12  -2.97467944e-25  -3.35276877e-24  -1.72013645e-53
  5.69600000e-05   0.00000000e+00   0.00000000e+00   1.26855257e-12  -3.72844380e-25  -4.20233848e-24  -2.70251556e-53
  5.70400000e-05   0.00000000e+00   0.00000000e+00   1.11552570e-12  -3.27867758e-25  -3.69540584e-24  -2.08965070e-53
  5.71200000e-05   0.00000000e+00   0.00000000e+00   4.91553830e-13  -1.44474172e-25  -1.62837206e-24  -4.05945212e-54
  5.72000000e-05   0.00000000e+00   0.00000000e+00  -2.26826217e-13   6.66672253e-26   7.51407991e-25  -8.63394276e-55
  5.72800000e-05   0.00000000e+00   0.00000000e+00   5.08408735e-13  -1.49428051e-25  -1.68420737e-24  -4.34245599e-54
  5.73600000e-05   0.00000000e+00   0.00000000e+00   8.18508528e-13  -2.40570482e-25  -2.71147602e-24  -1.12511215e-53
  5.74400000e-05   0.00000000e+00   0.00000000e+00   9.48160537e-13  -2.78676922e-25  -3.14097467e-24  -1.50978637e-53
  5.75200000e-05   0.00000000e+00   0.00000000e+00   1.02642202e-12  -3.01679007e-25  -3.40023176e-24  -1.76937114e-53
  5.76000000e-05   0.00000000e+00   0.00000000e+00   6.43740088e-13  -1.89203726e-25  -2.13252001e-24  -6.95930651e-54
  5.76800000e-05   0.00000000e+00   0.00000000e+00   7.72643467e-13  -2.27090134e-25  -2.55953867e-24  -1.00255165e-53
  5.77600000e-05   0.00000000e+00   0.00000000e+00   1.32258535e-12  -3.88725328e-25  -4.38133306e-24  -2.93767943e-53
  5.78400000e-05   0.00000000e+00   0.00000000e+00   4.53262610e-13  -1.33219876e-25  -1.50152461e-24  -3.45168415e-54
  5.79200000e-05   0.00000000e+00   0.00000000e+00   8.60718815e-13  -2.52976644e-25  -2.85130618e-24  -1.24408851e-53
  5.80000000e-05   0.00000000e+00   0.00000000e+00   5.33476711e-13  -1.56795861e-25  -1.76725014e-24  -4.78016321e-54
  5.80800000e-05   0.00000000e+00   0.00000000e+00   3.11384917e-13  -9.15201456e-26  -1.03152589e-24  -1.62869280e-54
  5.81600000e-05   0.00000000e+00   0.00000000e+00   4.39710534e-13  -1.29236742e-25  -1.45663060e-24  -3.24671599e-54
  5.82400000e-05   0.00000000e+00   0.00000000e+00   4.92974703e-13  -1.44891785e-25  -1.63307900e-24  -4.08179974e-54
  5.83200000e-05   0.00000000e+00   0.00000000e+00   3.30287531e-13  -9.70758738e-26  -1.09414464e-24  -1.83233312e-54
  5.84000000e-05   0.00000000e+00   0.00000000e+00   6.71140310e-13  -1.97257014e-25  -2.22328882e-24  -7.56537818e-54
  5.84800000e-05   0.00000000e+00   0.00000000e+00   8.37463776e-13  -2.46141680e-25  -2.77426914e-24  -1.17786398e-53
  5.85600000e-05   0.00000000e+00   0.00000000e+00   8.64602658e-13  -2.54118157e-25  -2.86417220e-24  -1.25544104e-53
  5.86400000e-05   0.00000000e+00   0.00000000e+00   8.71448582e-13  -2.56130264e-25  -2.88685072e-24  -1.27543980e-53
  5.87200000e-05   0.00000000e+00   0.00000000e+00   5.75366181e-14  -1.69107730e-26  -1.90601753e-25  -5.57816611e-56
  5.88000000e-05   0.00000000e+00   0.00000000e+00   1.11790219e-12  -3.28566240e-25  -3.70327844e-24  -2.09845246e-53
  5.88800000e-05   0.00000000e+00   0.00000000e+00   5.24862641e-13  -1.54264072e-25  -1.73871428e-24  -4.62721836e-54
  5.89600000e-05   0.00000000e+00   0.00000000e+00   2.24767420e-13  -6.60621176e-26  -7.44587807e-25  -8.48747028e-55
  5.90400000e-05   0.00000000e+00   0.00000000e+00   7.09534641e-13  -2.08541615e-25  -2.35047785e-24  -8.45520418e-54
  5.91200000e-05   0.00000000e+00   0.00000000e+00   4.72600254e-13  -1.38903465e-25  -1.56558449e-24  -3.75053200e-54
  5.92000000e-05   0.00000000e+00   0.00000000e+00   7.40818666e-13  -2.17736404e-25  -2.45411255e-24  -9.21618361e-54
  5.92800000e-05   0.00000000e+00   0.00000000e+00   7.40906163e-13  -2.17762121e-25  -2.45440240e-24  -9.21925323e-54
  5.93600000e-05   0.00000000e+00   0.00000000e+00   7.79588711e-13  -2.29131433e-25  -2.58254621e-24  -1.02049202e-53
  5.94400000e-05   0.00000000e+00   0.00000000e+00   1.41190295e-12  -4.14976951e-25  -4.67721576e-24  -3.34755454e-53
  5.95200000e-05   0.00000000e+00   0.00000000e+00   7.48996962e-13  -2.20140114e-25  -2.48120482e-24  -9.42160268e-54
  5.96000000e-05   0.00000000e+00   0.00000000e+00  -1.41679625e-13   4.16415157e-26   4.69342582e-25  -3.36802345e-55
  5.96800000e-05   0.00000000e+00   0.00000000e+00   7.27239253e-13  -2.13745235e-25  -2.40912798e-24  -8.88183366e-54
  5.97600000e-05   0.00000000e+00   0.00000000e+00   5.17634484e-13  -1.52139621e-25  -1.71476954e-24  -4.49993748e-54
  5.98400000e-05   0.00000000e+00   0.00000000e+00   5.48709780e-13  -1.61273062e-25  -1.81771278e-24  -5.05645153e-54
  5.99200000e-05   0.00000000e+00   0.00000000e+00   5.27049232e-13  -1.54906740e-25  -1.74595781e-24  -4.66515493e-54
  6.00000000e-05   0.00000000e+00   0.00000000e+00   3.69282818e-13  -1.08537105e-25  -1.22332446e-24  -2.29050440e-54
  6.00800000e-05   0.00000000e+00   0.00000000e+00   2.11694187e-13  -6.22197215e-26  -7.01280063e-25  -7.52775164e-55
  6.01600000e-05   0.00000000e+00   0.00000000e+00   6.44036521e-13  -1.89290852e-25  -2.13350200e-24  -6.96577010e-54
  6.02400000e-05   0.00000000e+00   0.00000000e+00   8.04339525e-13  -2.36406025e-25  -2.66453832e-24  -1.08666417e-53
  6.03200000e-05   0.00000000e+00   0.00000000e+00   4.34426645e-13  -1.27683737e-25  -1.43912664e-24  -3.17023860e-54
  6.04000000e-05   0.00000000e+00   0.00000000e+00   9.38572587e-13  -2.75858897e-25  -3.10921264e-24  -1.47953156e-53
  6.04800000e-05   0.00000000e+00   0.00000000e+00   8.84020471e-14  -2.59825309e-26  -2.92849766e-25  -1.31442075e-55
  6.05600000e-05   0.00000000e+00   0.00000000e+00   1.27452794e-13  -3.74600620e-26  -4.22213311e-25  -2.72953577e-55
  6.06400000e-05   0.00000000e+00   0.00000000e+00   6.95600841e-13  -2.04446288e-25  -2.30431930e-24  -8.12405785e-54
  6.07200000e-05   0.00000000e+00   0.00000000e+00   1.42454750e-12  -4.18693351e-25  -4.71910340e-24  -3.40772786e-53
  6.08000000e-05   0.00000000e+00   0.00000000e+00   7.49067153e-13  -2.20160744e-25  -2.48143734e-24  -9.42456424e-54
  6.08800000e-05   0.00000000e+00   0.00000000e+00   7.54474792e-13  -2.21750120e-25  -2.49935124e-24  -9.55900026e-54
  6.09600000e-05   0.00000000e+00   0.00000000e+00   1.05737442e-12  -3.10776328e-25  -3.50276789e-24  -1.87755684e-53
  6.10400000e-05   0.00000000e+00   0.00000000e+00   6.37834020e-13  -1.87467855e-25  -2.11295496e-24  -6.83273036e-54
  6.11200000e-05   0.00000000e+00   0.00000000e+00   6.12849874e-13  -1.80124684e-25  -2.03018989e-24  -6.30750769e-54
  6.12000000e-05   0.00000000e+00   0.00000000e+00   7.08857272e-13  -2.08342528e-25  -2.34823393e-24  -8.43858227e-54
  6.12800000e-05   0.00000000e+00   0.00000000e+00   5.71674783e-13  -1.68022780e-25  -1.89378902e-24  -5.48858309e-54
  6.13600000e-05   0.00000000e+00   0.00000000e+00   5.03886224e-13  -1.48098826e-25  -1.66922563e-24  -4.26383080e-54
  6.14400000e-05   0.00000000e+00   0.00000000e+00   6.58184724e-13  -1.93449196e-25  -2.18037080e-24  -7.27602804e-54
  6.15200000e-05   0.00000000e+00   0.00000000e+00   6.30871884e-13  -1.85421591e-25  -2.08989146e-24  -6.68397138e-54
  6.16000000e-05   0.00000000e+00   0.00000000e+00   3.51095683e-13  -1.03191665e-25  -1.16307588e-24  -2.07054970e-54
  6.16800000e-05   0.00000000e+00   0.00000000e+00   4.75758984e-13  -1.39831858e-25  -1.57604842e-24  -3.80187799e-54
  6.17600000e-05   0.00000000e+00   0.00000000e+00   3.42046503e-13  -1.00531991e-25  -1.13309863e-24  -1.96460644e-54
  6.18400000e-05   0.00000000e+00   0.00000000e+00   5.35291255e-13  -1.57329180e-25  -1.77326118e-24  -4.81180142e-54
  6.19200000e-05   0.00000000e+00   0.00000000e+00   4.75726842e-13  -1.39822411e-25  -1.57594195e-24  -3.79961640e-54
  6.20000000e-05   0.00000000e+00   0.00000000e+00   8.84163061e-13  -2.59867218e-25  -2.92897002e-24  -1.31305294e-53
  6.20800000e-05   0.00000000e+00   0.00000000e+00   4.69585063e-13  -1.38017261e-25  -1.55559606e-24  -3.70417072e-54
  6.21600000e-05   0.00000000e+00   0.00000000e+00   3.70215109e-13  -1.08811117e-25  -1.22641287e-24  -2.30160390e-54
  6.22400000e-05   0.00000000e+00   0.00000000e+00   5.94355820e-13  -1.74689015e-25  -1.96892457e-24  -5.93233941e-54
  6.23200000e-05   0.00000000e+00   0.00000000e+00  -1.93210770e-06   5.67846740e-19   6.40050208e-18  -6.26813606e-41
  6.24000000e-05   0.00000000e+00   0.00000000e+00  -3.92047365e-07   1.15215057e-19   1.29873779e-18  -2.58106872e-42
  6.24800000e-05   0.00000000e+00   0.00000000e+00  -3.71448633e-06   1.09158055e-18   1.23050055e-17  -2.31698136e-40
  6.25600000e-05   0.00000000e+00   0.00000000e+00  -1.73935229e-06   5.11089839e-19   5.76196975e-18  -5.08216157e-41
  6.26400000e-05   0.00000000e+00   0.00000000e+00   0.00000000e+00  -0.00000000e+00   0.00000000e+00   0.00000000e+00
  6.27200000e-05   0.00000000e+00   0.00000000e+00   0.00000000e+00  -0.00000000e+00   0.00000000e+00   0.00000000e+00
