       time             b_x              b_y              b_z              F_x              F_y              F_z
  0.00000000e+00   0.00000000e+00   0.00000000e+00  -2.86012522e-06   2.19023068e-18   2.08286034e-18   0.00000000e+00
  8.00000000e-08   0.00000000e+00   0.00000000e+00  -1.09465574e-06   8.38260878e-19   7.97179588e-19  -6.80902428e-42
  1.60000000e-07   0.00000000e+00   0.00000000e+00  -1.91357307e-06   1.46536199e-18   1.39355982e-18  -2.07967945e-41
  2.40000000e-07   0.00000000e+00   0.00000000e+00  -3.02586743e-06   2.31710810e-18   2.20360780e-18  -5.20031264e-41
  3.20000000e-07   0.00000000e+00   0.00000000e+00   5.75153942e-07  -4.40430595e-19  -4.18862851e-19  -1.87773187e-42
  4.00000000e-07   0.00000000e+00   0.00000000e+00  -2.08270807e-06   1.59485876e-18   1.51675574e-18  -2.46359003e-41
  4.80000000e-07   0.00000000e+00   0.00000000e+00   6.34784113e-07  -4.86090337e-19  -4.62292120e-19  -2.28742068e-42
  5.60000000e-07   0.00000000e+00   0.00000000e+00  -1.13954983e-06   8.72621465e-19   8.29892732e-19  -7.37446332e-42
  6.40000000e-07   0.00000000e+00   0.00000000e+00  -9.16597444e-08   7.01893009e-20   6.67525109e-20  -4.76831921e-44
  7.20000000e-07   0.00000000e+00   0.00000000e+00  -3.96716005e-07   3.03788715e-19   2.88914330e-19  -8.93810418e-43
  8.00000000e-07   0.00000000e+00   0.00000000e+00  -7.00670712e-07   5.36543874e-19   5.10274696e-19  -2.78836927e-42
  8.80000000e-07   0.00000000e+00   0.00000000e+00   4.28528969e-07  -3.28149418e-19  -3.12082963e-19  -1.04289077e-42
  9.60000000e-07   0.00000000e+00   0.00000000e+00  -5.21746926e-07   3.99531539e-19   3.79970680e-19  -1.54605879e-42
  1.04000000e-06   0.00000000e+00   0.00000000e+00   3.60071010e-07  -2.75726992e-19  -2.62227594e-19  -7.36270598e-43
  1.12000000e-06   0.00000000e+00   0.00000000e+00  -3.42823195e-07   2.62519383e-19   2.49666560e-19  -6.67442083e-43
  1.20000000e-06   0.00000000e+00   0.00000000e+00   6.02541155e-13  -4.61400138e-25  -4.38810574e-25  -2.06219128e-54
  1.28000000e-06   0.00000000e+00   0.00000000e+00   4.91940574e-13  -3.76706963e-25  -3.58263870e-25  -1.37475172e-54
  1.36000000e-06   0.00000000e+00   0.00000000e+00   4.59222793e-13  -3.51653091e-25  -3.34436604e-25  -1.19780946e-54
  1.44000000e-06   0.00000000e+00   0.00000000e+00   2.63525699e-13  -2.01796662e-25  -1.91916954e-25  -3.94533067e-55
  1.52000000e-06   0.00000000e+00   0.00000000e+00   4.73506972e-13  -3.62591303e-25  -3.44839294e-25  -1.27348692e-54
  1.60000000e-06   0.00000000e+00   0.00000000e+00   1.60995846e-13  -1.23283704e-25  -1.17247891e-25  -1.47268581e-55
  1.68000000e-06   0.00000000e+00   0.00000000e+00  -4.05580330e-15   3.10575997e-27   2.95370592e-27  -9.24897338e-59
  1.76000000e-06   0.00000000e+00   0.00000000e+00   1.16997341e-13  -8.95915392e-26  -8.52052514e-26  -7.78404757e-56
  1.84000000e-06   0.00000000e+00   0.00000000e+00   4.88053513e-13  -3.73730419e-25  -3.55433053e-25  -1.35277849e-54
  1.92000000e-06   0.00000000e+00   0.00000000e+00   1.79011063e-13  -1.37078984e-25  -1.30367771e-25  -1.82108839e-55
  2.00000000e-06   0.00000000e+00   0.00000000e+00   2.85021202e-13  -2.18256995e-25  -2.07571410e-25  -4.61304499e-55
  2.08000000e-06   0.00000000e+00   0.00000000e+00   2.62393160e-13  -2.00929412e-25  -1.91092164e-25  -3.91212004e-55
  2.16000000e-06   0.00000000e+00   0.00000000e+00   2.50585101e-13  -1.91887308e-25  -1.82492749e-25  -3.56553859e-55
  2.24000000e-06   0.00000000e+00   0.00000000e+00   3.45775257e-13  -2.64779841e-25  -2.51816557e-25  -6.79300253e-55
  2.32000000e-06   0.00000000e+00   0.00000000e+00   3.46785747e-13  -2.65553631e-25  -2.52552463e-25  -6.82902883e-55
  2.40000000e-06   0.00000000e+00   0.00000000e+00   6.34025549e-13  -4.85509535e-25  -4.61739606e-25  -2.28338759e-54
  2.48000000e-06   0.00000000e+00   0.00000000e+00   3.16892875e-13  -2.42662954e-25  -2.30782484e-25  -5.70409938e-55
  2.56000000e-06   0.00000000e+00   0.00000000e+00   5.65974541e-13  -4.33398995e-25  -4.12180332e-25  -1.81953121e-54
  2.64000000e-06   0.00000000e+00   0.00000000e+00   4.66746493e-13  -3.57414418e-25  -3.39915863e-25  -1.23744702e-54
  2.72000000e-06   0.00000000e+00   0.00000000e+00   4.88132957e-13  -3.73791254e-25  -3.55490910e-25  -1.35344610e-54
  2.80000000e-06   0.00000000e+00   0.00000000e+00   5.17438373e-13  -3.96232083e-25  -3.76833064e-25  -1.52083687e-54
  2.88000000e-06   0.00000000e+00   0.00000000e+00   4.38223434e-13  -3.35572684e-25  -3.19143473e-25  -1.09100683e-54
  2.96000000e-06   0.00000000e+00   0.00000000e+00   2.81384866e-13  -2.15472445e-25  -2.04923188e-25  -4.49792497e-55
  3.04000000e-06   0.00000000e+00   0.00000000e+00   7.51155597e-13  -5.75202695e-25  -5.47041503e-25  -3.20491275e-54
  3.12000000e-06   0.00000000e+00   0.00000000e+00   2.73507131e-13  -2.09440014e-25  -1.99186098e-25  -4.24961155e-55
  3.20000000e-06   0.00000000e+00   0.00000000e+00   7.25881896e-13  -5.55849180e-25  -5.28635511e-25  -2.99287011e-54
  3.28000000e-06   0.00000000e+00   0.00000000e+00   2.65629397e-13  -2.03407584e-25  -1.93449007e-25  -4.00834835e-55
  3.36000000e-06   0.00000000e+00   0.00000000e+00   7.00608194e-13  -5.36495664e-25  -5.10229519e-25  -2.78808414e-54
  3.44000000e-06   0.00000000e+00   0.00000000e+00   3.91945268e-13  -3.00134853e-25  -2.85440632e-25  -8.72490146e-55
  3.52000000e-06   0.00000000e+00   0.00000000e+00   5.98953258e-13  -4.58652680e-25  -4.36197629e-25  -2.03763676e-54
  3.60000000e-06   0.00000000e+00   0.00000000e+00   2.20377031e-13  -1.68755265e-25  -1.60493222e-25  -2.75942581e-55
  3.68000000e-06   0.00000000e+00   0.00000000e+00  -1.63183349e-14   1.24958800e-26   1.18840976e-26  -1.50710971e-57
  3.76000000e-06   0.00000000e+00   0.00000000e+00   5.64754912e-13  -4.32465056e-25  -4.11292117e-25  -1.81158705e-54
  3.84000000e-06   0.00000000e+00   0.00000000e+00   1.70916342e-14  -1.30880394e-26  -1.24472657e-26  -1.66509468e-57
  3.92000000e-06   0.00000000e+00   0.00000000e+00   3.73022448e-13  -2.85644570e-25  -2.71659775e-25  -7.90302841e-55
  4.00000000e-06   0.00000000e+00   0.00000000e+00   5.05016033e-14  -3.86719588e-26  -3.67786289e-26  -1.45040242e-56
  4.08000000e-06   0.00000000e+00   0.00000000e+00   2.92171379e-13  -2.23732294e-25  -2.12778645e-25  -4.84759558e-55
  4.16000000e-06   0.00000000e+00   0.00000000e+00   1.34772839e-13  -1.03203252e-25  -9.81505519e-26  -1.03221600e-55
  4.24000000e-06   0.00000000e+00   0.00000000e+00   3.05161513e-13  -2.33679581e-25  -2.22238926e-25  -5.28829411e-55
  4.32000000e-06   0.00000000e+00   0.00000000e+00   2.71513571e-13  -2.07913431e-25  -1.97734254e-25  -4.18841806e-55
  4.40000000e-06   0.00000000e+00   0.00000000e+00   3.18151647e-13  -2.43626867e-25  -2.31699206e-25  -5.74816285e-55
  4.48000000e-06   0.00000000e+00   0.00000000e+00   4.08254303e-13  -3.12623611e-25  -2.97317957e-25  -9.46881940e-55
  4.56000000e-06   0.00000000e+00   0.00000000e+00   3.31141782e-13  -2.53574154e-25  -2.41159486e-25  -6.22720179e-55
  4.64000000e-06   0.00000000e+00   0.00000000e+00   5.25154927e-13  -4.02141089e-25  -3.82452772e-25  -1.56635961e-54
  4.72000000e-06   0.00000000e+00   0.00000000e+00   7.80890421e-13  -5.97972346e-25  -5.68696381e-25  -3.46349125e-54
  4.80000000e-06   0.00000000e+00   0.00000000e+00   1.91827620e-13  -1.46893353e-25  -1.39701641e-25  -2.09074924e-55
  4.88000000e-06   0.00000000e+00   0.00000000e+00   7.82681860e-13  -5.99344153e-25  -5.70001026e-25  -3.47940130e-54
  4.96000000e-06   0.00000000e+00   0.00000000e+00   3.12052795e-13  -2.38956628e-25  -2.27257616e-25  -5.53214257e-55
  5.04000000e-06   0.00000000e+00   0.00000000e+00   7.84473298e-13  -6.00715959e-25  -5.71305670e-25  -3.49534781e-54
  5.12000000e-06   0.00000000e+00   0.00000000e+00   1.38547434e-12  -1.06093675e-24  -1.00899463e-24  -1.09026614e-53
  5.20000000e-06   0.00000000e+00   0.00000000e+00   6.45274777e-13  -4.94123710e-25  -4.69932042e-25  -2.36514586e-54
  5.28000000e-06   0.00000000e+00   0.00000000e+00   6.54552820e-13  -5.01228437e-25  -4.76688931e-25  -2.43362436e-54
  5.36000000e-06   0.00000000e+00   0.00000000e+00   5.75373718e-13  -4.40596481e-25  -4.19025438e-25  -1.88047897e-54
  5.44000000e-06   0.00000000e+00   0.00000000e+00   7.99347633e-13  -6.12106086e-25  -5.82138151e-25  -3.62941388e-54
  5.52000000e-06   0.00000000e+00   0.00000000e+00   5.05472659e-13  -3.87069253e-25  -3.68118834e-25  -1.45132153e-54
  5.60000000e-06   0.00000000e+00   0.00000000e+00   9.44142445e-13  -7.22983735e-25  -6.87587371e-25  -5.06338349e-54
  5.68000000e-06   0.00000000e+00   0.00000000e+00   1.08409281e-12  -8.30151715e-25  -7.89508543e-25  -6.67539476e-54
  5.76000000e-06   0.00000000e+00   0.00000000e+00  -2.81418445e-14   2.15498159e-26   2.04947643e-26  -4.47689538e-57
  5.84000000e-06   0.00000000e+00   0.00000000e+00   1.27589987e-12  -9.77029318e-25  -9.29195206e-25  -9.24628608e-54
  5.92000000e-06   0.00000000e+00   0.00000000e+00   1.72128572e-14  -1.31808668e-26  -1.25355483e-26  -1.69626619e-57
  6.00000000e-06   0.00000000e+00   0.00000000e+00   9.74518076e-13  -7.46244088e-25  -7.09708927e-25  -5.39390159e-54
  6.08000000e-06   0.00000000e+00   0.00000000e+00   6.25675590e-14  -4.79115494e-26  -4.55658609e-26  -2.22848500e-56
  6.16000000e-06   0.00000000e+00   0.00000000e+00   6.73136287e-13  -5.15458858e-25  -4.90222648e-25  -2.57340726e-54
  6.24000000e-06   0.00000000e+00   0.00000000e+00   1.28464366e-12  -9.83724937e-25  -9.35563016e-25  -9.37353525e-54
  6.32000000e-06   0.00000000e+00   0.00000000e+00   4.03739539e-13  -3.09166398e-25  -2.94030005e-25  -9.25780721e-55
  6.40000000e-06   0.00000000e+00   0.00000000e+00   2.80821117e-13  -2.15040751e-25  -2.04512629e-25  -4.48022685e-55
  6.48000000e-06   0.00000000e+00   0.00000000e+00   3.89149910e-13  -2.97994287e-25  -2.83404866e-25  -8.60076420e-55
  6.56000000e-06   0.00000000e+00   0.00000000e+00   4.03193647e-13  -3.08748378e-25  -2.93632450e-25  -9.23519957e-55
  6.64000000e-06   0.00000000e+00   0.00000000e+00   3.74560281e-13  -2.86822176e-25  -2.72779728e-25  -7.96790294e-55
  6.72000000e-06   0.00000000e+00   0.00000000e+00   6.12142260e-13  -4.68752252e-25  -4.45802738e-25  -2.12829608e-54
  6.80000000e-06   0.00000000e+00   0.00000000e+00   9.51505497e-13  -7.28622044e-25  -6.92949636e-25  -5.14244691e-54
  6.88000000e-06   0.00000000e+00   0.00000000e+00   4.98685048e-13  -3.81871592e-25  -3.63175645e-25  -1.41258031e-54
  6.96000000e-06   0.00000000e+00   0.00000000e+00   5.33574365e-13  -4.08588333e-25  -3.88584368e-25  -1.61721258e-54
  7.04000000e-06   0.00000000e+00   0.00000000e+00   4.71362712e-13  -3.60949321e-25  -3.43277701e-25  -1.26203204e-54
  7.12000000e-06   0.00000000e+00   0.00000000e+00   5.67580091e-13  -4.34628457e-25  -4.13349600e-25  -1.82991553e-54
  7.20000000e-06   0.00000000e+00   0.00000000e+00   4.44040377e-13  -3.40027049e-25  -3.23379758e-25  -1.11996453e-54
  7.28000000e-06   0.00000000e+00   0.00000000e+00   6.01585816e-13  -4.60668581e-25  -4.38114833e-25  -2.05575569e-54
  7.36000000e-06   0.00000000e+00   0.00000000e+00   1.01043444e-12  -7.73747295e-25  -7.35865612e-25  -5.79922650e-54
  7.44000000e-06   0.00000000e+00   0.00000000e+00   6.76993563e-13  -5.18412595e-25  -4.93031774e-25  -2.60316148e-54
  7.52000000e-06   0.00000000e+00   0.00000000e+00   3.84174569e-13  -2.94184385e-25  -2.79781492e-25  -8.38521871e-55
  7.60000000e-06   0.00000000e+00   0.00000000e+00   6.08092239e-13  -4.65650919e-25  -4.42853243e-25  -2.10022928e-54
  7.68000000e-06   0.00000000e+00   0.00000000e+00   8.41482565e-13  -6.44371207e-25  -6.12823613e-25  -4.02188447e-54
  7.76000000e-06   1.33158915e-13   9.55910880e-14  -1.12308298e-14  -4.49428008e-25   6.46214709e-25   1.71583171e-25
  7.84000000e-06   5.93315033e-13   4.27503657e-13  -1.95686586e-13  -1.89855058e-24   2.98540206e-24   7.65671788e-25
  7.92000000e-06   1.16701374e-13   8.51825849e-14   4.18491170e-13  -7.28617946e-25   2.54405655e-25   1.51400528e-25
  8.00000000e-06  -2.84482654e-13  -2.04874201e-13   2.04082019e-12  -5.81110442e-25  -2.84936985e-24  -3.67047628e-25
  8.08000000e-06   3.60847634e-13   2.49676687e-13  -1.27614743e-13  -1.09861283e-24   1.82195181e-24   4.58152802e-25
  8.16000000e-06   2.38968675e-14   1.73430032e-14   6.61545363e-13  -5.89682642e-25  -3.67278676e-25   3.09295241e-26
  8.24000000e-06   0.00000000e+00   0.00000000e+00  -4.58555347e-14   3.51141990e-26   3.33950525e-26  -1.19017956e-56
  8.32000000e-06   0.00000000e+00   0.00000000e+00   5.29628890e-13  -4.05567057e-25  -3.85711010e-25  -1.59281149e-54
  8.40000000e-06   0.00000000e+00   0.00000000e+00   3.50736304e-13  -2.68578798e-25  -2.55429522e-25  -6.98719029e-55
  8.48000000e-06   0.00000000e+00   0.00000000e+00  -3.48991511e-13   2.67242710e-25   2.54158847e-25  -6.91832375e-55
  8.56000000e-06   0.00000000e+00   0.00000000e+00   2.97932601e-13  -2.28143990e-25  -2.16974350e-25  -5.04164383e-55
  8.64000000e-06   0.00000000e+00   0.00000000e+00   5.22612019e-13  -4.00193838e-25  -3.80600857e-25  -1.55147906e-54
  8.72000000e-06   0.00000000e+00   0.00000000e+00   4.37551638e-13  -3.35058252e-25  -3.18654226e-25  -1.08754991e-54
  8.80000000e-06   0.00000000e+00   0.00000000e+00   5.41267483e-13  -4.14479392e-25  -3.94187008e-25  -1.66406160e-54
  8.88000000e-06   0.00000000e+00   0.00000000e+00   4.66862818e-13  -3.57503495e-25  -3.40000579e-25  -1.23813448e-54
  8.96000000e-06   0.00000000e+00   0.00000000e+00   1.89496795e-13  -1.45108507e-25  -1.38004179e-25  -2.04015014e-55
  9.04000000e-06   0.00000000e+00   0.00000000e+00   8.26564939e-13  -6.32947930e-25  -6.01959605e-25  -3.88058443e-54
  9.12000000e-06   0.00000000e+00   0.00000000e+00   2.46361411e-13  -1.88652988e-25  -1.79416777e-25  -3.44812682e-55
  9.20000000e-06   0.00000000e+00   0.00000000e+00   5.33289316e-13  -4.08370054e-25  -3.88376776e-25  -1.61561948e-54
  9.28000000e-06   0.00000000e+00   0.00000000e+00   6.36064594e-13  -4.87070948e-25  -4.63224574e-25  -2.29791037e-54
  9.36000000e-06   0.00000000e+00   0.00000000e+00   5.78688762e-13  -4.43135000e-25  -4.21439674e-25  -1.90239183e-54
  9.44000000e-06   0.00000000e+00   0.00000000e+00   6.14661332e-13  -4.70681249e-25  -4.47637294e-25  -2.14585848e-54
  9.52000000e-06   0.00000000e+00   0.00000000e+00   3.23422571e-13  -2.47663114e-25  -2.35537843e-25  -5.94210605e-55
  9.60000000e-06   0.00000000e+00   0.00000000e+00   5.51746882e-13  -4.22504065e-25  -4.01818803e-25  -1.72926326e-54
  9.68000000e-06   0.00000000e+00   0.00000000e+00   4.91374186e-13  -3.76273248e-25  -3.57851389e-25  -1.37153684e-54
  9.76000000e-06   0.00000000e+00   0.00000000e+00   8.54100763e-13  -6.54033682e-25  -6.22013025e-25  -4.14288207e-54
  9.84000000e-06   0.00000000e+00   0.00000000e+00  -9.19979211e-14   7.04480568e-26   6.69990096e-26  -4.79838901e-56
  9.92000000e-06   0.00000000e+00   0.00000000e+00   6.63523888e-13  -5.08098096e-25  -4.83222259e-25  -2.50019009e-54
  1.00000000e-05   0.00000000e+00   0.00000000e+00   3.15966718e-14  -2.41953742e-26  -2.30107995e-26  -5.70248809e-57
  1.00800000e-05   0.00000000e+00   0.00000000e+00  -2.84158131e-13   2.17596092e-25   2.06942864e-25  -4.58627478e-55
  1.01600000e-05   0.00000000e+00   0.00000000e+00   9.04006320e-13  -6.92249214e-25  -6.58357573e-25  -4.64173059e-54
  1.02400000e-05   0.00000000e+00   0.00000000e+00   4.00066278e-14  -3.06353574e-26  -2.91354892e-26  -9.09585040e-57
  1.03200000e-05   0.00000000e+00   0.00000000e+00   7.00699720e-13  -5.36565751e-25  -5.10296175e-25  -2.78898621e-54
  1.04000000e-05   0.00000000e+00   0.00000000e+00   6.48126281e-13  -4.96307270e-25  -4.72008697e-25  -2.38593203e-54
  1.04800000e-05   0.00000000e+00   0.00000000e+00   8.35493331e-13  -6.39784909e-25  -6.08461854e-25  -3.96521147e-54
  1.05600000e-05   0.00000000e+00   0.00000000e+00   7.09331100e-13  -5.43175291e-25  -5.16582120e-25  -2.85859190e-54
  1.06400000e-05   0.00000000e+00   0.00000000e+00   1.10917730e-12  -8.49360338e-25  -8.07776736e-25  -6.98741395e-54
  1.07200000e-05   0.00000000e+00   0.00000000e+00   1.67035444e-12  -1.27908569e-24  -1.21646328e-24  -1.58471167e-53
  1.08000000e-05   0.00000000e+00   0.00000000e+00   3.24706382e-13  -2.48646201e-25  -2.36472800e-25  -5.99150765e-55
  1.08800000e-05   0.00000000e+00   0.00000000e+00   1.01353903e-12  -7.76124660e-25  -7.38126584e-25  -5.83478133e-54
  1.09600000e-05   0.00000000e+00   0.00000000e+00   7.06228189e-13  -5.40799215e-25  -5.14322374e-25  -2.83325791e-54
  1.10400000e-05   0.00000000e+00   0.00000000e+00   1.03441581e-12  -7.92111202e-25  -7.53330446e-25  -6.07763271e-54
  1.11200000e-05   0.00000000e+00   0.00000000e+00   3.69386762e-13  -2.82860518e-25  -2.69012027e-25  -7.75391802e-55
  1.12000000e-05   0.00000000e+00   0.00000000e+00   9.30471457e-13  -7.12515079e-25  -6.77631247e-25  -4.91718220e-54
  1.12800000e-05   0.00000000e+00   0.00000000e+00   3.16981528e-13  -2.42730840e-25  -2.30847047e-25  -5.71028411e-55
  1.13600000e-05   0.00000000e+00   0.00000000e+00   7.11969854e-13  -5.45195936e-25  -5.18503836e-25  -2.87882463e-54
  1.14400000e-05   0.00000000e+00   0.00000000e+00   5.72007115e-13  -4.38018482e-25  -4.16573654e-25  -1.85869256e-54
  1.15200000e-05   0.00000000e+00   0.00000000e+00   5.03737336e-13  -3.85740417e-25  -3.66855057e-25  -1.44141415e-54
  1.16000000e-05   0.00000000e+00   0.00000000e+00   4.01301729e-13  -3.07299629e-25  -2.92254630e-25  -9.14874975e-55
  1.16800000e-05   0.00000000e+00   0.00000000e+00   2.64202093e-14  -2.02314615e-26  -1.92409549e-26  -3.97424146e-57
  1.17600000e-05   0.00000000e+00   0.00000000e+00  -2.20051304e-13   1.68505838e-25   1.60256006e-25  -2.74976599e-55
  1.18400000e-05   0.00000000e+00   0.00000000e+00   7.21333134e-13  -5.52365934e-25  -5.25322800e-25  -2.95523475e-54
  1.19200000e-05   0.00000000e+00   0.00000000e+00  -1.22493298e-13   9.38001065e-26   8.92077726e-26  -8.51874512e-56
  1.20000000e-05   0.00000000e+00   0.00000000e+00   7.85084047e-13  -6.01183645e-25  -5.71750458e-25  -3.50071314e-54
  1.20800000e-05   0.00000000e+00   0.00000000e+00   5.71466060e-13  -4.37604165e-25  -4.16179622e-25  -1.85477639e-54
  1.21600000e-05   0.00000000e+00   0.00000000e+00   4.11771177e-13  -3.15316682e-25  -2.99879179e-25  -9.63313952e-55
  1.22400000e-05   0.00000000e+00   0.00000000e+00   1.10715951e-13  -8.47815201e-26  -8.06307247e-26  -6.96911978e-56
  1.23200000e-05   0.00000000e+00   0.00000000e+00   1.06091691e-12  -8.12404608e-25  -7.72630312e-25  -6.39273322e-54
  1.24000000e-05   0.00000000e+00   0.00000000e+00   2.44921939e-13  -1.87550702e-25  -1.78368458e-25  -3.40879034e-55
  1.24800000e-05   0.00000000e+00   0.00000000e+00   1.02672180e-12  -7.86219460e-25  -7.47727155e-25  -5.98725676e-54
  1.25600000e-05   0.00000000e+00   0.00000000e+00   3.79127927e-13  -2.90319884e-25  -2.76106191e-25  -8.16684592e-55
  1.26400000e-05   0.00000000e+00   0.00000000e+00   7.38523314e-13  -5.65529435e-25  -5.37841834e-25  -3.09835767e-54
  1.27200000e-05   0.00000000e+00   0.00000000e+00   5.09495844e-13  -3.90150035e-25  -3.71048786e-25  -1.47468600e-54
  1.28000000e-05   0.00000000e+00   0.00000000e+00   3.98343311e-13  -3.05034199e-25  -2.90100113e-25  -9.01426963e-55
  1.28800000e-05   0.00000000e+00   0.00000000e+00   9.82490253e-13  -7.52348839e-25  -7.15514797e-25  -5.48289816e-54
  1.29600000e-05   0.00000000e+00   0.00000000e+00   4.58449038e-13  -3.51060583e-25  -3.33873104e-25  -1.19396497e-54
  1.30400000e-05   0.00000000e+00   0.00000000e+00   8.70288680e-13  -6.66429693e-25  -6.33802143e-25  -4.30207832e-54
  1.31200000e-05   0.00000000e+00   0.00000000e+00   5.18554765e-13  -3.97086967e-25  -3.77646095e-25  -1.52754522e-54
  1.32000000e-05   0.00000000e+00   0.00000000e+00   6.43526953e-13  -4.92785302e-25  -4.68659161e-25  -2.35228898e-54
  1.32800000e-05   0.00000000e+00   0.00000000e+00   9.00390466e-13  -6.89480348e-25  -6.55724268e-25  -4.60465137e-54
  1.33600000e-05   0.00000000e+00   0.00000000e+00   5.37737331e-13  -4.11776153e-25  -3.91616116e-25  -1.64271969e-54
  1.34400000e-05   0.00000000e+00   0.00000000e+00   8.86655225e-13  -6.78962490e-25  -6.45721351e-25  -4.46523170e-54
  1.35200000e-05   0.00000000e+00   0.00000000e+00   5.92137718e-13  -4.53433633e-25  -4.31234099e-25  -1.99188204e-54
  1.36000000e-05   0.00000000e+00   0.00000000e+00   8.72919983e-13  -6.68444632e-25  -6.35718433e-25  -4.32795528e-54
  1.36800000e-05   0.00000000e+00   0.00000000e+00   6.46538106e-13  -4.95091114e-25  -4.70852083e-25  -2.37466483e-54
  1.37600000e-05   0.00000000e+00   0.00000000e+00   8.09071503e-13  -6.19552208e-25  -5.89219720e-25  -3.71810956e-54
  1.38400000e-05   0.00000000e+00   0.00000000e+00   1.30554271e-12  -9.99728539e-25  -9.50783101e-25  -9.68093370e-54
  1.39200000e-05   0.00000000e+00   0.00000000e+00   3.07639120e-13  -2.35576825e-25  -2.24043284e-25  -5.37782883e-55
  1.40000000e-05   0.00000000e+00   0.00000000e+00   1.17563231e-12  -9.00248728e-25  -8.56173696e-25  -7.85008392e-54
  1.40800000e-05   0.00000000e+00   0.00000000e+00   3.89461999e-13  -2.98233272e-25  -2.83632150e-25  -8.61829978e-55
  1.41600000e-05   0.00000000e+00   0.00000000e+00   1.04572190e-12  -8.00768918e-25  -7.61564291e-25  -6.21096294e-54
  1.42400000e-05   0.00000000e+00   0.00000000e+00   4.71284878e-13  -3.60889718e-25  -3.43221017e-25  -1.26193579e-54
  1.43200000e-05   0.00000000e+00   0.00000000e+00   6.91070246e-13  -5.29191914e-25  -5.03283351e-25  -2.71288373e-54
  1.44000000e-05   0.00000000e+00   0.00000000e+00   9.07533651e-13  -6.94950293e-25  -6.60926410e-25  -4.67757640e-54
  1.44800000e-05   0.00000000e+00   0.00000000e+00   4.28755114e-13  -3.28322252e-25  -3.12248012e-25  -1.04458113e-54
  1.45600000e-05   0.00000000e+00   0.00000000e+00   8.65071200e-13  -6.62434371e-25  -6.30002427e-25  -4.25006417e-54
  1.46400000e-05   0.00000000e+00   0.00000000e+00   4.91943359e-13  -3.76709096e-25  -3.58265898e-25  -1.37509899e-54
  1.47200000e-05   0.00000000e+00   0.00000000e+00  -1.16598805e-13   8.92863571e-26   8.49150107e-26  -7.71242258e-56
  1.48000000e-05   0.00000000e+00   0.00000000e+00   1.44151381e-12  -1.10384936e-24  -1.04980630e-24  -1.18021318e-53
  1.48800000e-05   0.00000000e+00   0.00000000e+00   8.09080398e-13  -6.19559020e-25  -5.89226198e-25  -3.71795170e-54
  1.49600000e-05   0.00000000e+00   0.00000000e+00   1.63530469e-12  -1.25224610e-24  -1.19093772e-24  -1.51882227e-53
  1.50400000e-05   0.00000000e+00   0.00000000e+00  -1.55351000e-13   1.18961124e-25   1.13136939e-25  -1.36888423e-55
  1.51200000e-05   0.00000000e+00   0.00000000e+00   1.43299849e-12  -1.09732870e-24  -1.04360488e-24  -1.16625254e-53
  1.52000000e-05   0.00000000e+00   0.00000000e+00   4.58039747e-14  -3.50747166e-26  -3.33575031e-26  -1.19760060e-56
  1.52800000e-05   0.00000000e+00   0.00000000e+00   1.23069229e-12  -9.42411301e-25  -8.96272042e-25  -8.60179060e-54
  1.53600000e-05   0.00000000e+00   0.00000000e+00   2.46958950e-13  -1.89110557e-25  -1.79851945e-25  -3.46749310e-55
  1.54400000e-05   0.00000000e+00   0.00000000e+00   1.02838609e-12  -7.87493902e-25  -7.48939202e-25  -6.00601819e-54
  1.55200000e-05   0.00000000e+00   0.00000000e+00   5.72215123e-13  -4.38177765e-25  -4.16725139e-25  -1.86006974e-54
  1.56000000e-05   0.00000000e+00   0.00000000e+00   7.32467630e-13  -5.60892253e-25  -5.33431681e-25  -3.04731489e-54
  1.56800000e-05   0.00000000e+00   0.00000000e+00   6.36827011e-13  -4.87654774e-25  -4.63779817e-25  -2.30382425e-54
  1.57600000e-05   0.00000000e+00   0.00000000e+00   4.20195243e-13  -3.21767470e-25  -3.06014144e-25  -1.00306181e-54
  1.58400000e-05   0.00000000e+00   0.00000000e+00   8.21513855e-13  -6.29080027e-25  -5.98281069e-25  -3.83330512e-54
  1.59200000e-05   0.00000000e+00   0.00000000e+00   4.84807131e-13  -3.71244479e-25  -3.53068821e-25  -1.33522966e-54
  1.60000000e-05   0.00000000e+00   0.00000000e+00   2.08539544e-13  -1.59690626e-25  -1.51872376e-25  -2.47073048e-55
  1.60800000e-05   0.00000000e+00   0.00000000e+00   6.34072298e-13  -4.85545333e-25  -4.61773651e-25  -2.28381814e-54
  1.61600000e-05   0.00000000e+00   0.00000000e+00   5.84893071e-13  -4.47885993e-25  -4.25958065e-25  -1.94317860e-54
  1.62400000e-05   0.00000000e+00   0.00000000e+00   5.90829106e-13  -4.52431554e-25  -4.30281081e-25  -1.98293640e-54
  1.63200000e-05   0.00000000e+00   0.00000000e+00   5.63260691e-13  -4.31320846e-25  -4.10203926e-25  -1.80209748e-54
  1.64000000e-05   0.00000000e+00   0.00000000e+00   5.47585915e-13  -4.19317775e-25  -3.98788510e-25  -1.70329859e-54
  1.64800000e-05   0.00000000e+00   0.00000000e+00   5.41628310e-13  -4.14755698e-25  -3.94449786e-25  -1.66633265e-54
  1.65600000e-05   0.00000000e+00   0.00000000e+00   5.96206984e-13  -4.56549702e-25  -4.34197609e-25  -2.01903736e-54
  1.66400000e-05   0.00000000e+00   0.00000000e+00   4.97019973e-13  -3.80596549e-25  -3.61963026e-25  -1.40319961e-54
  1.67200000e-05   0.00000000e+00   0.00000000e+00   4.86445381e-13  -3.72498980e-25  -3.54261904e-25  -1.34412602e-54
  1.68000000e-05   0.00000000e+00   0.00000000e+00   4.40441640e-13  -3.37271291e-25  -3.20758918e-25  -1.10192599e-54
  1.68800000e-05   0.00000000e+00   0.00000000e+00   4.54257744e-13  -3.47851070e-25  -3.30820724e-25  -1.17213239e-54
  1.69600000e-05   0.00000000e+00   0.00000000e+00   4.00994596e-13  -3.07064440e-25  -2.92030955e-25  -9.13383867e-55
  1.70400000e-05   0.00000000e+00   0.00000000e+00   4.22070107e-13  -3.23203160e-25  -3.07379545e-25  -1.01190879e-54
  1.71200000e-05   0.00000000e+00   0.00000000e+00   5.57590550e-13  -4.26978896e-25  -4.06074552e-25  -1.76574569e-54
  1.72000000e-05   0.00000000e+00   0.00000000e+00   5.05053308e-13  -3.86748132e-25  -3.67813435e-25  -1.44874600e-54
  1.72800000e-05   0.00000000e+00   0.00000000e+00   3.33947088e-13  -2.55722337e-25  -2.43202497e-25  -6.33551551e-55
  1.73600000e-05   0.00000000e+00   0.00000000e+00   5.24665739e-13  -4.01766490e-25  -3.82096513e-25  -1.56345416e-54
  1.74400000e-05   0.00000000e+00   0.00000000e+00   4.43133853e-13  -3.39332872e-25  -3.22719566e-25  -1.11553296e-54
  1.75200000e-05   0.00000000e+00   0.00000000e+00   5.44278171e-13  -4.16784847e-25  -3.96379591e-25  -1.68253212e-54
  1.76000000e-05   0.00000000e+00   0.00000000e+00   5.52320617e-13  -4.22943407e-25  -4.02236636e-25  -1.73295203e-54
  1.76800000e-05   0.00000000e+00   0.00000000e+00  -2.39589369e-13   1.83467249e-25   1.74484926e-25  -3.25910446e-55
  1.77600000e-05   0.00000000e+00   0.00000000e+00   9.24200599e-13  -7.07713126e-25  -6.73064391e-25  -4.85132755e-54
  1.78400000e-05   0.00000000e+00   0.00000000e+00   3.54198708e-13  -2.71230158e-25  -2.57951074e-25  -7.12791730e-55
  1.79200000e-05   0.00000000e+00   0.00000000e+00   8.75540416e-13  -6.70451247e-25  -6.37626807e-25  -4.35389754e-54
  1.80000000e-05   0.00000000e+00   0.00000000e+00   4.59290655e-13  -3.51705058e-25  -3.34486025e-25  -1.19845358e-54
  1.80800000e-05   0.00000000e+00   0.00000000e+00   8.26880232e-13  -6.33189369e-25  -6.02189222e-25  -3.88336721e-54
  1.81600000e-05   0.00000000e+00   0.00000000e+00   5.64382602e-13  -4.32179957e-25  -4.11020976e-25  -1.80958498e-54
  1.82400000e-05   0.00000000e+00   0.00000000e+00   3.18325464e-13  -2.43759969e-25  -2.31825791e-25  -5.75665631e-55
  1.83200000e-05   0.00000000e+00   0.00000000e+00   7.10298020e-13  -5.43915717e-25  -5.17286296e-25  -2.86600872e-54
  1.84000000e-05   0.00000000e+00   0.00000000e+00   7.72295193e-13  -5.91390490e-25  -5.62436764e-25  -3.38768911e-54
  1.84800000e-05   0.00000000e+00   0.00000000e+00   7.64791800e-13  -5.85644714e-25  -5.56972293e-25  -3.32262121e-54
  1.85600000e-05   0.00000000e+00   0.00000000e+00   8.30056914e-13  -6.35621935e-25  -6.04502693e-25  -3.91340589e-54
  1.86400000e-05   0.00000000e+00   0.00000000e+00   8.19285580e-13  -6.27373710e-25  -5.96658291e-25  -3.81296968e-54
  1.87200000e-05   0.00000000e+00   0.00000000e+00   1.08730441e-12  -8.32611019e-25  -7.91847442e-25  -6.71537772e-54
  1.88000000e-05   0.00000000e+00   0.00000000e+00   7.81213910e-13  -5.98220060e-25  -5.68931967e-25  -3.46664444e-54
  1.88800000e-05   0.00000000e+00   0.00000000e+00   7.52234050e-13  -5.76028528e-25  -5.47826904e-25  -3.21430993e-54
  1.89600000e-05   0.00000000e+00   0.00000000e+00   1.07772704e-12  -8.25277082e-25  -7.84872566e-25  -6.59733712e-54
  1.90400000e-05   0.00000000e+00   0.00000000e+00   8.12756466e-13  -6.22373995e-25  -5.91903356e-25  -3.75233604e-54
  1.91200000e-05   0.00000000e+00   0.00000000e+00   1.21077088e-12  -9.27156343e-25  -8.81763947e-25  -8.32677960e-54
  1.92000000e-05   0.00000000e+00   0.00000000e+00   8.73278883e-13  -6.68719462e-25  -6.35979808e-25  -4.33197543e-54
  1.92800000e-05   0.00000000e+00   0.00000000e+00   1.63732952e-12  -1.25379662e-24  -1.19241233e-24  -1.52263358e-53
  1.93600000e-05   0.00000000e+00   0.00000000e+00   6.70594842e-13  -5.13512729e-25  -4.88371798e-25  -2.55512849e-54
  1.94400000e-05   0.00000000e+00   0.00000000e+00   1.44480571e-12  -1.10637016e-24  -1.05220369e-24  -1.18559391e-53
  1.95200000e-05   0.00000000e+00   0.00000000e+00   8.27703373e-13  -6.33819694e-25  -6.02788688e-25  -3.89167420e-54
  1.96000000e-05   0.00000000e+00   0.00000000e+00   1.21826637e-12  -9.32896063e-25  -8.87222658e-25  -8.43032142e-54
  1.96800000e-05   0.00000000e+00   0.00000000e+00   7.81963281e-13  -5.98793896e-25  -5.69477709e-25  -3.47344777e-54
  1.97600000e-05   0.00000000e+00   0.00000000e+00   6.48066324e-13  -4.96261357e-25  -4.71965032e-25  -2.38578224e-54
  1.98400000e-05   0.00000000e+00   0.00000000e+00   1.46022668e-12  -1.11817888e-24  -1.06343426e-24  -1.21107776e-53
  1.99200000e-05   0.00000000e+00   0.00000000e+00   7.49717617e-13  -5.74101552e-25  -5.45994270e-25  -3.19325908e-54
  2.00000000e-05   0.00000000e+00   0.00000000e+00   1.32342277e-12  -1.01342032e-24  -9.63804545e-25  -9.94774733e-54
  2.00800000e-05   0.00000000e+00   0.00000000e+00   4.58926436e-13  -3.51426155e-25  -3.34220777e-25  -1.19676553e-54
  2.01600000e-05   0.00000000e+00   0.00000000e+00   1.21021422e-12  -9.26730074e-25  -8.81358548e-25  -8.31871735e-54
  2.02400000e-05   0.00000000e+00   0.00000000e+00   4.36103937e-13  -3.33949665e-25  -3.17599914e-25  -1.08071447e-54
  2.03200000e-05   0.00000000e+00   0.00000000e+00   7.73751058e-13  -5.92505328e-25  -5.63497021e-25  -3.40026814e-54
  2.04000000e-05   0.00000000e+00   0.00000000e+00   1.98187789e-12  -1.51763697e-24  -1.44333539e-24  -2.23093895e-53
  2.04800000e-05   0.00000000e+00   0.00000000e+00   2.68937346e-13  -2.05940669e-25  -1.95858076e-25  -4.11043561e-55
  2.05600000e-05   0.00000000e+00   0.00000000e+00   2.00111042e-12  -1.53236441e-24  -1.45734180e-24  -2.27444976e-53
  2.06400000e-05   0.00000000e+00   0.00000000e+00   6.63425040e-13  -5.08022403e-25  -4.83150272e-25  -2.49946357e-54
  2.07200000e-05   0.00000000e+00   0.00000000e+00   1.31334105e-12  -1.00570017e-24  -9.56462371e-25  -9.79649613e-54
  2.08000000e-05   0.00000000e+00   0.00000000e+00   3.13116373e-13  -2.39771070e-25  -2.28032184e-25  -5.57195750e-55
  2.08800000e-05   0.00000000e+00   0.00000000e+00   1.09706889e-12  -8.40088240e-25  -7.98958588e-25  -6.83554174e-54
  2.09600000e-05   0.00000000e+00   0.00000000e+00   2.18461267e-12  -1.67288256e-24  -1.59098036e-24  -2.71084817e-53
  2.10400000e-05   0.00000000e+00   0.00000000e+00   6.85091978e-13  -5.24614013e-25  -4.98929578e-25  -2.66632337e-54
  2.11200000e-05   0.00000000e+00   0.00000000e+00   2.04274915e-12  -1.56424957e-24  -1.48766590e-24  -2.37020254e-53
  2.12000000e-05   0.00000000e+00   0.00000000e+00   7.85045925e-13  -6.01154452e-25  -5.71722695e-25  -3.50026467e-54
  2.12800000e-05   0.00000000e+00   0.00000000e+00   9.17655655e-13  -7.02701289e-25  -6.68297927e-25  -4.78361511e-54
  2.13600000e-05   0.00000000e+00   0.00000000e+00   9.41086400e-13  -7.20643547e-25  -6.85361755e-25  -5.03013322e-54
  2.14400000e-05   0.00000000e+00   0.00000000e+00   1.21635539e-12  -9.31432714e-25  -8.85830952e-25  -8.40436809e-54
  2.15200000e-05   0.00000000e+00   0.00000000e+00   8.26248809e-13  -6.32705852e-25  -6.01729378e-25  -3.87784589e-54
  2.16000000e-05   0.00000000e+00   0.00000000e+00   1.03402357e-12  -7.91810839e-25  -7.53044787e-25  -6.07361917e-54
  2.16800000e-05   0.00000000e+00   0.00000000e+00   6.89834894e-13  -5.28245934e-25  -5.02383685e-25  -2.70308093e-54
  2.17600000e-05   0.00000000e+00   0.00000000e+00   7.78134760e-13  -5.95862179e-25  -5.66689525e-25  -3.43926193e-54
  2.18400000e-05   0.00000000e+00   0.00000000e+00   7.54152371e-13  -5.77497496e-25  -5.49223953e-25  -3.23075097e-54
  2.19200000e-05   0.00000000e+00   0.00000000e+00   7.50073237e-13  -5.74373870e-25  -5.46253256e-25  -3.19567380e-54
  2.20000000e-05   0.00000000e+00   0.00000000e+00   7.12689005e-13  -5.45746631e-25  -5.19027570e-25  -2.88480015e-54
  2.20800000e-05   0.00000000e+00   0.00000000e+00  -2.31006797e-13   1.76895084e-25   1.68234526e-25  -3.02982580e-55
  2.21600000e-05   0.00000000e+00   0.00000000e+00   5.66593021e-13  -4.33872601e-25  -4.12630750e-25  -1.82324139e-54
  2.22400000e-05   0.00000000e+00   0.00000000e+00  -2.34603426e-13   1.79649228e-25   1.70853830e-25  -3.12492737e-55
  2.23200000e-05   0.00000000e+00   0.00000000e+00   5.94801364e-13  -4.55473339e-25  -4.33173943e-25  -2.00975777e-54
  2.24000000e-05   0.00000000e+00   0.00000000e+00   5.16327690e-13  -3.95381569e-25  -3.76024190e-25  -1.51424077e-54
  2.24800000e-05   0.00000000e+00   0.00000000e+00   4.98886360e-13  -3.82025748e-25  -3.63322253e-25  -1.41386810e-54
  2.25600000e-05   0.00000000e+00   0.00000000e+00   2.56634948e-14  -1.96520021e-26  -1.86898650e-26  -3.75386164e-57
  2.26400000e-05   0.00000000e+00   0.00000000e+00   6.54096969e-13  -5.00879367e-25  -4.76356950e-25  -2.42984846e-54
  2.27200000e-05   0.00000000e+00   0.00000000e+00   1.10317815e-12  -8.44766448e-25  -8.03407757e-25  -6.91220430e-54
  2.28000000e-05   0.00000000e+00   0.00000000e+00  -2.04977532e-13   1.56962990e-25   1.49278282e-25  -2.38559576e-55
  2.28800000e-05   0.00000000e+00   0.00000000e+00   4.36389857e-13  -3.34168610e-25  -3.17808140e-25  -1.08203635e-54
  2.29600000e-05   0.00000000e+00   0.00000000e+00   8.83641235e-13  -6.76654507e-25  -6.43526362e-25  -4.43480189e-54
  2.30400000e-05   0.00000000e+00   0.00000000e+00   3.96210591e-13  -3.03401054e-25  -2.88546924e-25  -8.91984273e-55
  2.31200000e-05   0.00000000e+00   0.00000000e+00  -8.08426419e-14   6.19058231e-26   5.88749927e-26  -3.70607163e-56
  2.32000000e-05   0.00000000e+00   0.00000000e+00   1.25798856e-12  -9.63313608e-25  -9.16150998e-25  -8.98824868e-54
  2.32800000e-05   0.00000000e+00   0.00000000e+00   8.19117478e-14  -6.27244984e-26  -5.96535867e-26  -3.81758105e-56
  2.33600000e-05   0.00000000e+00   0.00000000e+00   1.10546896e-12  -8.46520650e-25  -8.05076076e-25  -6.94077895e-54
  2.34400000e-05   0.00000000e+00   0.00000000e+00   2.44666137e-13  -1.87354820e-25  -1.78182166e-25  -3.40220484e-55
  2.35200000e-05   0.00000000e+00   0.00000000e+00   5.84604350e-13  -4.47664904e-25  -4.25747799e-25  -1.94139298e-54
  2.36000000e-05   0.00000000e+00   0.00000000e+00   5.34336305e-13  -4.09171793e-25  -3.89139263e-25  -1.62174881e-54
  2.36800000e-05   0.00000000e+00   0.00000000e+00   7.10221792e-13  -5.43857345e-25  -5.17230781e-25  -2.86486110e-54
  2.37600000e-05   0.00000000e+00   0.00000000e+00   1.06265105e-12  -8.13732532e-25  -7.73893221e-25  -6.41379094e-54
  2.38400000e-05   0.00000000e+00   0.00000000e+00   2.93917948e-13  -2.25069741e-25  -2.14050613e-25  -4.90848838e-55
  2.39200000e-05   0.00000000e+00   0.00000000e+00   9.53433409e-13  -7.30098356e-25  -6.94353669e-25  -5.16309431e-54
  2.40000000e-05   0.00000000e+00   0.00000000e+00   4.25257969e-13  -3.25644289e-25  -3.09701158e-25  -1.02745198e-54
  2.40800000e-05   0.00000000e+00   0.00000000e+00   7.07207878e-13  -5.41549419e-25  -5.15035848e-25  -2.84066816e-54
  2.41600000e-05   0.00000000e+00   0.00000000e+00   6.40231980e-13  -4.90262153e-25  -4.66259542e-25  -2.32847292e-54
  2.42400000e-05   0.00000000e+00   0.00000000e+00   5.03090313e-13  -3.85244955e-25  -3.66383852e-25  -1.43759410e-54
  2.43200000e-05   0.00000000e+00   0.00000000e+00   6.22491225e-13  -4.76677045e-25  -4.53339543e-25  -2.20122127e-54
  2.44000000e-05   0.00000000e+00   0.00000000e+00   4.34869505e-13  -3.33004390e-25  -3.16700919e-25  -1.07413371e-54
  2.44800000e-05   0.00000000e+00   0.00000000e+00   6.04750471e-13  -4.63091937e-25  -4.40419545e-25  -2.07754519e-54
  2.45600000e-05   0.00000000e+00   0.00000000e+00   3.66648698e-13  -2.80763826e-25  -2.67017986e-25  -7.63546215e-55
  2.46400000e-05   0.00000000e+00   0.00000000e+00   5.99085945e-13  -4.58754287e-25  -4.36294260e-25  -2.03886638e-54
  2.47200000e-05   0.00000000e+00   0.00000000e+00   4.37188063e-13  -3.34779842e-25  -3.18389446e-25  -1.08572934e-54
  2.48000000e-05   0.00000000e+00   0.00000000e+00   4.14653597e-14  -3.17523915e-26  -3.01978348e-26  -9.77096604e-57
  2.48800000e-05   0.00000000e+00   0.00000000e+00   3.06348223e-13  -2.34588312e-25  -2.23103167e-25  -5.33116775e-55
  2.49600000e-05   0.00000000e+00   0.00000000e+00  -1.03340678e-13   7.91338526e-26   7.52595598e-26  -6.06502987e-56
  2.50400000e-05   0.00000000e+00   0.00000000e+00   1.75508384e-13  -1.34396783e-25  -1.27816887e-25  -1.74986228e-55
  2.51200000e-05  -1.81129704e-06  -1.77709594e-06  -2.74161797e-13   8.51501188e-18  -8.67888710e-18  -2.68125624e-18
  2.52000000e-05  -2.09697966e-06  -2.06598217e-06  -1.18051513e-13   9.89919891e-18  -1.00477239e-17  -3.11054461e-18
  2.52800000e-05  -1.37963645e-06  -1.35623703e-06  -9.22449972e-13   6.49842423e-18  -6.61054139e-18  -2.04439100e-18
  2.53600000e-05   0.00000000e+00   0.00000000e+00   0.00000000e+00  -0.00000000e+00   0.00000000e+00   0.00000000e+00
